0.2918,0.8975,2.5956,7.1869,3.5235,0.3646,6.9965,7.9446,0.2259,2.5831,2.8756,3.7160,0.2435,2.8723,0.0207
5.0022,12.5893,27.0529,98.5780,72.4752,67.0724,68.1953,76.3759,46.2888,81.4182,63.4757,34.1390,28.6675,58.1179,21.5988
3.9039,10.2954,26.7129,130.9256,91.4139,127.8596,125.6306,81.0718,45.0561,83.4230,42.4183,30.9953,35.2661,30.3330,24.1960
13.1581,30.3500,42.8222,215.5729,162.6208,262.1772,250.1046,200.0477,110.8620,163.4463,162.1814,84.0913,116.5124,118.0036,34.0270
16.4230,36.8459,69.9353,247.2331,132.6583,211.3949,269.1882,273.5817,106.3012,190.3356,207.0833,104.8469,116.7211,166.7382,31.9133
7.6203,17.6607,37.9580,143.2126,86.7557,125.9669,152.9055,125.7239,44.2628,113.8942,78.7128,55.1438,56.0201,65.3107,26.0602
3.5771,6.4060,22.7269,62.5944,45.2994,31.2697,55.1475,53.6589,17.7676,38.4844,28.3858,21.1269,17.7289,26.8962,8.1613
9.5124,22.7186,35.7111,120.2504,116.6730,157.1285,171.7614,140.3784,78.7885,87.2126,120.2326,66.1914,77.7909,92.3455,16.0815
8.7374,22.3854,42.2344,121.3827,106.3656,137.5451,159.1256,126.8021,62.8659,89.0999,97.1503,62.5689,62.6964,72.8010,17.6204
7.6958,16.1020,31.7362,85.8000,76.4841,96.7394,117.6467,107.4843,45.1703,70.8969,86.8317,49.4698,53.0215,65.3550,9.6590
8.7135,20.5455,44.8303,174.9512,114.6503,175.5362,177.2380,160.7940,59.3329,132.4496,107.3465,61.7343,78.0166,85.0285,27.9482
18.5926,48.2842,159.5899,456.2259,245.2207,325.2375,355.9163,337.9620,123.2998,270.2733,226.9025,122.5673,158.6175,190.3013,59.1136
58.4060,127.7713,342.1747,1145.8183,627.8983,854.0683,979.3874,945.1025,376.4377,798.1631,688.7038,383.7088,452.5011,590.7113,165.4294
78.3623,178.8902,504.3545,1240.7796,1197.7250,1415.9422,1490.6835,1010.9971,578.0878,846.3465,746.5389,495.9132,405.1793,669.0981,253.6449
60.8236,148.2356,485.9439,2190.5794,1398.9216,1735.5123,1485.0541,1039.1944,515.6529,1311.0933,374.5356,398.2212,418.4056,406.9034,430.5622
197.5176,512.5546,1964.5297,5329.4576,4421.6007,4330.8869,5643.2054,4175.6835,1491.6592,2648.1898,1875.8290,1591.0985,696.2183,2023.4543,837.5745
720.0955,1897.0729,4790.8902,38573.6414,14328.4816,25312.1588,26587.3529,21401.5225,9651.9681,25628.0397,10294.6274,6009.6658,7085.0796,8303.1313,7539.4653
1420.8070,3266.4980,5003.8597,23664.2324,23897.2700,25785.1954,24191.4761,15187.6026,13347.8230,16689.5538,14480.5139,9447.1299,7753.2444,13507.1560,6322.7647
598.9056,1163.0628,5531.9584,29859.8562,18659.1387,24374.3921,22818.2435,13138.9413,7699.5821,21134.1328,4679.3464,4215.3528,3472.0034,5025.7701,7063.1466
1704.6958,3394.0687,11354.9033,26997.8284,15627.1669,22675.7318,27067.3125,22876.4060,7782.1783,22575.1128,15826.7539,10440.5331,10471.4549,11675.5864,5386.6795
1086.8272,2515.0855,5810.6387,55154.4185,34091.2303,43104.5381,36417.8183,19744.1691,18322.6584,39896.6155,6106.5554,7260.3179,6824.4292,10222.5167,14341.5624
1689.7189,4657.5935,6235.8039,60469.2091,42953.3250,41233.9578,38784.5493,23400.5975,22022.8365,41911.2572,16059.9896,13687.8404,8107.8433,18988.7715,14928.2917
1188.2303,3191.8410,5640.8156,60647.2608,37600.6015,40886.6781,36984.1726,23414.9014,19290.7953,41532.4159,9369.5470,9666.8990,5399.2707,13397.0604,14640.5350
1315.1226,3514.8238,4865.5436,51172.9572,36316.9138,37509.5018,31485.3284,17897.8673,19254.0829,36473.8836,11665.9230,9823.1164,8209.7342,14165.1980,13174.0288
212.5691,538.3283,1670.1325,12439.3307,6067.0213,9126.3540,9069.8012,5838.9892,2971.1325,8830.5935,2011.9941,1941.0270,1897.8407,1724.1905,2861.4501
667.6206,1583.1157,3079.4603,28185.9180,14796.0555,17080.8102,19169.1464,14684.9522,5576.7125,17765.5023,4065.7842,5793.0165,3171.9921,4154.1045,5755.4422
1059.0469,2971.9601,4403.3122,48487.3864,31941.2368,36552.7842,27369.0336,15859.2553,18860.4187,35950.9990,10238.7744,7216.6802,7693.3681,12749.7278,13003.5034
507.8026,1278.5526,2192.7722,14267.2445,12144.4671,11746.9093,12551.8142,8276.9350,5378.5723,9902.6405,4188.8623,4349.0211,2317.2831,4880.1856,3634.4660
444.8954,1320.7817,3169.1521,24620.4757,16646.1405,18453.0874,15990.3068,9790.3802,8127.8729,18322.7950,3499.5795,3656.3759,3129.0712,5451.6137,6361.1587
353.1989,947.1351,1837.0442,15400.8718,10041.2249,12149.7634,8954.3152,5014.3168,5788.6108,10857.5176,3023.6228,2330.8130,2377.0417,3258.9280,3949.5230
689.5397,1686.3184,3914.4747,29439.6453,17175.1556,17928.2524,15669.6709,10576.9711,11006.9093,21126.3097,7256.5634,3789.5408,4258.9935,7839.7815,7389.5510
630.6976,1743.8983,3536.2820,23128.0363,12578.7738,13264.3531,16749.0721,13872.2660,4236.4531,14471.0954,4419.3521,6069.8988,2730.7324,4499.5556,4484.2119
507.9843,1175.3851,2998.4108,33976.2039,16235.1715,20810.1256,20276.2154,15089.9272,9528.7150,24185.8911,5180.3700,4300.7781,3956.5259,5858.1519,8003.9299
396.1116,1103.1870,1562.7317,14480.0610,10423.9767,12005.2379,11600.2437,6851.0236,4848.4703,9873.4211,2972.7912,3415.3247,2301.9264,3301.6819,3564.0476
426.3892,997.8847,2157.2272,22399.3592,10949.4176,13760.0163,12550.9828,9263.9536,6137.2820,14338.6869,2075.1980,3117.8873,2630.2505,3519.3743,5063.6455
842.9887,2100.9007,3761.7040,39778.7570,23234.3125,27048.8582,25813.6257,17201.7557,11293.2891,27071.3936,4597.1053,6860.7195,3840.4808,7413.0248,9339.1870
798.7943,1989.1914,3547.5871,37032.6217,24118.0190,30014.9798,25431.6535,13531.0901,12679.6463,26594.3262,5104.9340,5710.5846,4796.7569,7365.9215,9635.6362
1014.3832,2872.2449,4999.1397,44865.9284,29155.4057,29549.5796,30857.2745,19372.4800,13242.9995,29554.4093,7950.3541,9289.5280,3355.4143,10764.2611,10281.3531
892.1439,2321.2994,3871.1786,37115.8393,23197.2362,29578.7459,24997.8049,13803.3065,12462.4611,25414.8312,5305.9143,6195.7904,6650.7096,7830.9869,9410.9686
134.1664,450.4455,1122.8162,9000.6327,4088.8767,4195.0581,3946.4022,4428.6982,2298.5501,5369.0347,1455.3340,1072.4321,1103.0642,1730.3728,1741.6349
140.7198,349.8429,476.4983,5816.6955,4001.1502,4907.7868,3730.1374,1728.0601,2300.7783,4163.0374,1111.5311,911.8585,949.2012,1378.7548,1566.7161
259.5559,716.2774,1296.7713,11918.5427,8298.2461,10210.0927,8536.4845,4030.5879,4374.4559,8649.3963,1905.1614,1955.3826,1791.9261,2614.1840,3203.3033
233.1373,571.8350,1295.0329,12470.4769,7023.5982,7874.8257,7717.0054,5208.7032,3617.8347,8620.3591,1655.0901,1867.7517,844.1036,2404.0923,2947.1160
145.2492,380.5277,721.6790,7736.8296,4484.2936,4681.8887,4537.8996,3186.4920,2295.4819,5286.6506,1200.7176,1199.9903,507.4850,1650.0337,1814.1075
