0.2661,1.4605,4.3826,9.6616,14.4922,38.1350,90.4211,168.8545,114.6273,136.6883,140.7841,25.7520,96.6450,96.7691,52.8747,36.8159,49.0646,9.6246,43.7354,27.3326,33.4337,53.4832,19.2127,3.1587,26.5779,64.9912,36.8876,53.1532,42.2228,21.6355,3.2006,22.8126,35.1395,51.2134,32.6356,20.7179
0.6132,8.6138,23.0089,40.5094,85.0823,207.1010,360.1040,508.2180,328.8862,392.0463,390.4045,102.9295,270.5241,284.8177,135.0477,108.0532,180.6235,28.8515,115.7273,106.0238,67.3795,148.9472,54.5680,16.1874,49.0655,206.8473,97.1751,150.1067,128.7809,61.6744,17.5213,66.7271,87.5292,133.5265,91.3487,59.5256
12.4642,45.4548,106.1436,275.8424,474.2298,1163.7739,1436.3055,1225.4887,1093.4227,1063.2344,842.5138,489.6777,852.2380,687.1059,464.9297,112.5628,628.7572,209.5421,453.9402,418.2987,421.5429,444.7098,138.3922,81.0719,334.2905,722.8810,250.6920,410.6014,306.8431,235.7768,107.3928,178.5159,350.1211,325.4830,195.4567,147.6349
21.2137,43.0717,78.0049,350.5186,687.3546,1490.4139,881.5190,1579.3657,1296.1265,1776.0197,934.6510,472.6624,1123.0876,623.9680,839.9893,162.9766,673.6247,313.6918,420.1453,321.6284,713.5689,556.0442,222.8355,107.2176,545.5840,609.9266,428.3706,509.7463,335.3569,259.4248,149.1239,222.4928,503.5551,525.5671,236.6749,184.4822
66.2225,343.6779,1170.9971,2498.9721,4604.0168,9122.2799,17281.4862,27799.8977,15978.2619,20498.5568,19382.3535,4721.9328,13553.1231,13592.3694,7230.6712,6303.3982,9399.9636,1052.4415,4827.1939,4792.4946,4681.8125,7013.7130,3143.8085,826.8958,3842.6434,9287.3615,5306.5677,7471.2413,6691.7040,2920.8491,1080.8135,3667.5974,4253.7817,7113.2145,4615.1722,3047.1524
95.9900,386.2014,947.3493,2666.0601,4542.8568,8419.9594,13231.9224,19803.0993,10673.6293,16289.7736,13152.4102,3903.2958,9550.0629,8301.9443,6084.4600,4141.5488,7829.3702,1378.2491,4695.3492,3374.2500,4730.5856,5185.3402,2921.3843,956.4403,3760.5966,5670.6960,4086.2547,5228.3401,4588.3086,1764.5074,1097.1315,2567.1337,3591.2317,5676.8404,3218.7529,2127.5475
56.9662,383.0457,1184.6684,1769.2280,5069.6352,9237.0941,13553.1474,21252.7661,16296.2602,18099.3557,21141.1749,4048.6492,13442.6699,14350.0377,7951.2744,5545.9548,5594.2224,1776.0323,8256.4629,5583.0570,5419.8862,7999.2724,3351.2158,676.0439,4580.7983,10092.7723,5431.7659,7484.0192,5523.3419,3279.6933,744.6173,2886.3045,5402.3866,7672.4084,4715.4210,2807.8794
105.3925,649.4855,1671.4009,3379.8714,8077.4196,17401.5975,32761.3841,47685.8491,34027.9023,39457.7075,36482.9436,10817.6990,28686.7245,27060.1208,14558.2549,8175.5765,17704.0705,4004.6057,11685.9173,9690.8835,8259.4299,15274.7788,4243.8102,1217.7509,6174.4054,20988.6016,9730.7409,14961.7141,12104.8875,6756.3621,1576.3506,6689.0009,9777.9369,13259.1638,8572.6462,5777.3560
213.3246,510.0654,1429.0456,3807.3864,6538.4892,20508.2481,36981.6961,59229.1639,46161.3709,54287.5605,43906.3818,12895.5497,38786.4031,31994.4909,20978.6957,7086.4122,21392.9811,5705.2067,13152.4174,10466.9630,13528.5521,19609.9101,5101.2034,656.5416,9332.2747,25242.9867,12560.5310,19706.4182,15262.9975,8742.7591,1630.9690,8382.4334,13635.8739,17577.8607,10626.4620,7354.8813
129.5526,351.7817,1169.0293,2719.0938,4333.6722,11749.3925,20852.4364,39549.9009,28199.4162,33946.6795,32381.3264,7009.6303,24346.6433,22169.4339,13750.3410,7411.7107,11384.9006,3509.6572,10792.5238,6653.5491,9262.2559,13337.1858,4320.2090,710.5012,7387.4413,15649.6894,9074.6581,12811.7692,9841.5766,5482.6970,947.8019,5459.2167,9178.1721,12429.5322,7544.7284,4927.7275
67.6073,275.7130,918.7130,10.8115,2359.3093,4134.7786,10024.0378,13543.7342,8256.7303,7385.9416,14413.6677,1678.7139,5941.4001,10165.8373,2558.9349,5160.0910,2940.5158,142.2435,5392.5728,4016.7953,891.0576,4071.4319,1630.8554,467.8357,1486.2422,6385.6955,2799.4945,4152.8175,3516.5661,1585.9024,149.5699,1787.7400,2225.3493,3910.3759,3106.7208,1662.9484
95.7217,198.5559,507.6844,1870.7646,2550.6919,7035.9066,13279.8737,19997.7008,15074.5874,18544.9039,13198.2513,4759.8090,12874.5611,9842.9093,6974.9248,2018.9308,7934.3945,1979.3721,3475.1684,3204.1529,4429.5336,6256.8587,1809.6606,400.3536,2889.7359,8040.7165,4042.4888,6357.0958,5097.3449,2765.3505,764.1658,2787.4725,4319.2794,5490.3565,3307.2804,2431.5778
39.7352,147.1157,386.9083,1208.9251,1351.9587,3216.8672,8976.4709,17009.7817,10909.3997,13665.6097,13225.6262,2620.2269,9416.1848,8983.5302,5292.7251,3513.4734,5136.4110,937.8875,3943.0864,2177.7359,3406.2996,5118.9000,1857.1004,388.7098,2707.2526,5902.3255,3642.3316,5096.3005,4147.7260,2010.1987,481.5292,2261.8725,3369.7356,4964.1822,3096.3565,2012.7412
128.9167,233.0874,627.5603,2266.8026,2746.9558,9216.1328,18580.4729,32512.9095,24462.4708,29761.1590,24182.7197,6621.4542,21061.5487,17200.4713,11747.9412,4201.9423,11113.3118,3154.2122,7205.1141,4897.6887,7781.9041,10801.0237,2946.0423,415.9052,5599.6021,13105.2732,7167.9842,10644.1164,8232.6599,4639.9832,772.8629,4517.7603,7546.5934,9816.7374,5829.5832,4040.5676
19.5450,250.5597,769.3719,1304.6469,2607.0797,5628.5783,13479.5589,21209.5313,13997.8829,16538.7551,16706.3973,3718.6567,11538.7340,11864.7856,6052.0564,4410.8162,6551.1775,957.3296,4642.9785,3617.2207,3383.2416,6218.3362,2344.1519,517.2649,2516.2647,8175.2270,4244.9771,6424.8480,5344.1811,2527.6609,514.9723,2817.5239,3853.3361,5897.4256,3937.4251,2534.0374
33.4673,301.1212,977.5609,1929.2831,3013.1222,6924.9794,15746.7654,31373.1243,21043.5848,25867.8462,26898.1465,4345.2613,17676.2716,18290.3510,9763.1119,7328.2340,8432.8892,1850.7265,8258.5009,5211.8840,6042.4702,9939.9423,3588.4501,745.5084,4743.9667,12085.1056,6940.5330,9857.7615,7913.2939,3979.3089,562.7282,4189.2044,6332.3977,10178.9744,6138.5926,3805.3818
53.2135,556.1789,1528.0235,2402.8389,5549.9369,14750.7729,27215.0775,39992.5412,28112.1542,31000.4346,32471.4326,8031.6068,23036.3663,23300.1843,11373.9988,7583.3626,13066.4368,2860.7182,10707.8950,8905.7099,6758.0673,12583.3524,3314.6535,910.2395,5065.0235,17245.4531,8016.8878,12631.3828,10130.5447,5661.6438,1210.9002,5531.0812,8083.5522,11230.9658,7432.2036,4797.7418
76.9131,159.8102,586.7237,1451.7725,2528.3304,7400.4446,10661.4707,15790.0893,12095.4475,13458.1035,10092.6028,3628.1605,9620.1198,7503.1441,4786.5030,1911.5058,6917.4178,1484.9022,3057.6759,3125.5989,2929.2305,4581.8778,1178.9692,409.4922,2339.1200,6567.2785,2845.0933,4849.6281,3931.8582,2367.2559,806.1667,2261.0580,3109.2388,3980.9726,2446.9235,1774.0523
18.9363,205.6077,615.7289,1082.6720,1928.5238,5038.2872,12040.1317,20123.7590,13502.3600,15970.7425,16278.4980,3403.1728,11364.9479,11448.8134,5998.0036,4152.8585,6051.7422,1111.4367,4818.7319,3372.8360,3458.7867,6217.8665,2085.9483,368.7881,2759.8260,7883.5161,4244.1873,6221.4246,5053.8818,2537.7748,404.1768,2686.4689,3972.9434,5802.6015,3800.2679,2435.0023
30.3688,217.5465,635.9628,790.4099,2284.4815,6063.0751,12282.3121,19480.1920,14291.2887,16231.1558,16192.0260,3704.9455,11821.7219,11578.4329,6278.1728,3644.8884,6378.1346,1428.8646,5306.4480,3921.4425,3797.3718,6398.3737,1904.0618,285.1405,2860.9918,8500.0403,4157.7076,6377.8334,5010.8598,2779.4697,374.9202,2711.3064,4242.1681,5861.2029,3762.3458,2430.2720
145.9710,156.8422,410.4899,2194.7151,2275.0470,8627.4856,15582.7293,26341.9381,21298.5446,26048.8724,18411.1651,6009.5407,18310.9569,13430.2881,10406.1937,2097.9482,9834.7633,3022.2506,5363.1870,3872.4809,7156.3407,9005.2257,2298.8437,237.2664,4913.9291,10962.3781,5916.3145,8932.0176,6762.4475,3954.7437,735.2742,3724.1611,6579.2156,8039.4151,4588.0276,3337.4011
76.3654,241.1310,724.9974,1963.3197,2542.9478,7210.3012,15955.8476,30567.5627,21475.7017,26649.0760,24526.0496,5017.0935,18398.5640,16965.2151,10029.9926,5801.5768,9343.3711,2322.7522,7481.9282,4744.2933,6593.1112,9761.5802,3274.1270,533.2903,5000.2934,11814.7178,6704.2012,9737.8370,7693.1834,4075.6177,650.0968,4192.5652,6586.8484,9498.5552,5751.4087,3754.7546
