0.1274,0.8264,4.2873,16.9290,37.7011,340.0570,515.4769,538.2058,568.3126,403.0703,0.4679,528.6391,112.7606,237.2624,409.9020,254.0908,463.3206,603.0522,463.6789,340.4268,271.7412,188.5023,132.3859,283.0935,245.2642,356.2076,368.6282,188.9751,147.4866,72.6099,105.3059,60.6178,73.8956,105.1252,91.2181,37.7934,8.6745,47.7382,31.3029,82.9550,69.2556,29.0270,28.3578,15.2945,9.0331
0.3880,3.9641,18.7909,177.3830,404.4549,2311.7011,3985.7549,1177.0100,1790.4364,834.9313,2394.6493,247.5897,738.6410,1580.8002,386.3477,1351.8167,624.3956,731.6100,1390.1379,889.6982,616.9365,423.6512,487.9929,585.5229,376.7739,795.2501,596.3110,533.7472,244.3567,83.4383,106.4961,270.6840,66.2683,189.9543,240.0631,205.9120,134.3994,24.5981,186.7247,80.1086,157.2677,65.4771,39.3512,66.9841,18.2257
1.7505,9.3287,63.2949,375.8839,559.8888,8262.9467,9864.7983,9708.8150,3461.5306,7078.8657,5662.7001,8050.2100,2976.9002,5439.3408,8717.9279,6180.5717,10317.4055,11755.3750,11727.3852,8627.4080,6064.0500,3440.7482,3405.4571,5582.3550,5529.4180,7585.6727,8114.6986,4379.6880,2868.7611,1573.5713,1696.9168,1761.6771,1231.7575,2410.8787,1884.6718,1200.1294,464.5978,793.6694,713.1759,1722.1785,1540.0466,678.2360,520.3061,456.8222,201.5168
6.0807,27.0451,102.1216,758.6747,2507.6764,23753.8446,42584.8464,24557.1749,17962.5570,15116.1997,19656.0021,12011.7801,9653.2219,19386.3523,17508.9608,12834.5637,21204.8660,26254.8531,28184.6151,18664.4793,10846.4034,8154.7188,8099.3937,11960.6069,11877.6785,16849.0012,16089.7051,7330.1717,5733.1859,2984.3014,3644.8919,4420.9686,2493.6135,5151.9634,4508.0570,3138.2931,1242.1982,1451.9945,2325.7600,3514.2782,3031.4902,1292.8496,1231.4387,1008.7476,415.2040
5.5799,16.4660,93.9813,481.7903,861.2268,16933.0712,26460.6635,33374.6851,13511.8734,22275.2871,13790.2822,23371.1713,8563.6541,18273.0047,25899.6048,17801.1605,30454.3207,36817.7069,35941.2119,25290.4272,17121.7559,10764.2468,10463.7109,17330.5573,16764.3138,23143.0462,23895.2606,11601.7387,8839.4994,4530.3994,5352.8294,5663.4572,3728.7629,7433.9828,5952.6999,3880.5816,1179.2462,2387.2963,2505.3697,5313.7959,4573.8950,1853.8871,1652.5819,1344.5924,612.7958
4.4334,18.2550,78.4088,428.8922,1053.0166,14191.3888,23153.4539,23242.5089,13297.1348,16599.2495,16548.1010,17364.8207,7264.4812,13077.3173,19070.1748,19491.0971,24481.0206,26855.4177,28603.7969,22864.7729,15940.5808,9413.8869,9432.1371,15027.6627,12947.4205,20009.2410,21223.8971,11019.1258,7471.3552,3606.4364,4151.1333,4798.0621,2998.1456,6052.1358,5175.8310,3304.9530,1269.5589,1868.4931,2050.4181,3972.6229,4216.7078,1607.1983,1230.8637,1246.5178,555.5278
3.5793,20.1954,90.8596,370.8144,1257.7128,10464.2338,24720.9693,16817.5158,13072.3293,9390.4800,10545.8817,13807.7434,5904.3368,13135.3383,12091.7342,14710.4447,16589.5646,20027.5473,19909.2271,15675.6411,10637.0619,7308.8894,6926.8194,11216.0347,8728.6902,14928.9311,15056.3037,7804.7566,5549.1181,2459.1946,3223.1938,3496.6201,2267.5543,4275.4198,3881.1180,2305.0693,879.6870,1351.6657,1815.1386,2837.5827,3046.7215,998.4365,959.5389,817.0829,390.7679
2.0945,21.9276,84.6970,367.7161,1469.7429,13327.2732,15529.1835,14178.5220,8101.5153,9667.9524,8355.0505,8137.4052,3989.4216,8610.8346,9914.0710,6213.6369,11362.6087,11759.7386,12964.2473,9218.2656,7180.6464,3052.1618,3454.1800,5304.4722,6029.2837,7213.2956,8319.0024,5100.3898,2752.3009,1798.5379,1474.6813,2014.3322,1157.5955,2562.9692,1772.8894,1433.2050,616.3439,801.6208,973.5605,1750.6498,1589.2314,855.1197,512.3360,562.6200,216.0327
6.0768,18.3786,93.3203,446.5591,1303.9047,15469.7195,35398.8050,31582.3286,16921.7016,17403.5476,18205.5787,21208.5041,9545.5336,21089.9976,21024.3410,22797.3216,27682.2274,34199.2506,35078.3105,26100.2250,15946.9121,11689.9909,11549.0217,18113.0175,15263.0308,24466.0629,24298.9163,11464.4588,8970.1241,4055.3440,5245.1923,5951.2790,3672.7596,7210.9705,6444.6405,4089.7938,1323.1195,2279.9029,2934.9833,4876.2790,4833.9327,1484.1601,1580.4295,1407.6658,629.0255
2.4495,7.3873,35.9787,194.9284,606.6853,5915.6380,14587.9956,14234.0061,9512.3490,8761.9590,798.7429,13875.5308,3215.2306,7204.6413,11051.0676,7521.1601,13088.8366,16994.0258,13996.9386,10034.0497,7273.6973,5194.5817,4061.5047,7933.7306,7017.7493,10208.0946,10437.7442,5125.8883,4084.0906,1943.9750,2823.8234,1982.0251,1973.4937,3062.9903,2665.6763,1223.2863,295.1620,1248.8483,954.7765,2355.0848,1985.1622,753.1752,800.2656,464.1583,254.7953
6.4010,9.0160,70.3460,276.8747,605.0358,15409.0681,32867.6778,35084.1264,17031.2698,22300.1964,16597.3509,28534.0004,9973.5366,20082.1701,29207.7705,24333.0812,36074.3667,42794.3967,41656.0979,31148.8558,21009.8583,13627.9167,12902.2626,21499.0401,19407.3034,28648.3625,29653.0866,14723.1335,10883.1240,5287.2467,6538.5359,6634.3337,4647.6753,8769.8384,7393.6541,4481.8251,1438.8943,2898.9636,2858.3061,6162.0815,5750.5288,2132.7695,1969.7997,1599.5710,755.6611
7.4155,10.8489,61.9475,299.1422,563.2010,18517.1317,41027.6987,39024.7531,17652.5106,24143.8162,23031.5534,27221.4255,12148.7461,24349.3439,30639.9568,26435.2686,38347.7299,45583.1345,46436.8791,34045.7002,21820.3924,14485.1839,14402.7691,22816.4440,20855.1450,30916.6820,31550.0753,15212.5314,11420.4991,5618.5674,6681.6938,7561.5722,4735.3658,9493.2596,7989.6244,5204.8958,1699.1739,2936.1130,3362.9695,6538.0890,6130.5956,2212.8247,2077.7609,1804.6483,808.4632
6.1519,9.7242,55.9326,254.8922,450.7647,18245.2742,32722.2223,33067.4785,12306.6208,21809.5922,21512.8910,22864.5650,10484.6474,21029.0740,26639.7226,23644.9643,33490.8512,38919.4655,40936.0664,30293.0552,19830.3535,12397.4573,12761.2834,20015.2156,18278.8278,26856.2463,27748.5294,13591.9759,9974.3252,4890.0368,5549.8708,6657.6570,4064.9305,8342.4652,6862.6104,4619.6567,1592.1228,2498.2349,2900.6049,5665.0072,5444.5392,2017.4709,1738.8925,1670.0459,718.8686
3.3381,10.0660,33.4808,188.4329,635.1790,12510.2634,19404.6766,17961.1867,8088.7772,12614.1961,11718.6217,11523.7396,5767.4617,12161.8795,14470.6059,11912.4211,17817.4194,21026.6525,22449.4425,15975.2743,10404.8531,6450.4041,6755.4148,10437.7620,9866.9725,14133.4720,14470.2242,7047.1764,5198.5038,2607.5135,2851.6492,3599.2472,2091.5555,4455.2074,3543.3218,2492.1819,865.3658,1295.8567,1633.7664,3038.4959,2804.5198,1093.3362,920.9689,909.7587,376.1417
2.9008,5.8874,31.7319,160.0493,373.7793,8049.9710,17294.9851,14714.3624,6573.6787,9065.3314,11855.0649,8617.5991,5130.1636,11032.6108,10523.3390,12083.6349,14097.2815,16539.9785,18614.0187,13947.8604,8441.7428,5718.9601,6190.3372,9143.8549,7836.8336,12396.4041,12431.4168,5827.3953,4466.3645,2041.8822,2318.3895,3237.5094,1691.5687,3748.8325,3197.5883,2277.6869,804.7984,1013.0365,1496.6384,2415.8607,2508.4967,809.5014,746.8015,799.6722,330.0991
6.4717,8.7252,51.2129,274.6542,587.4955,17546.5795,36314.6602,33856.3315,14578.5983,21100.8747,21421.4805,22545.8236,10805.6482,22145.4523,26243.8854,23537.5736,33108.5022,39211.9855,40953.4171,29912.6678,18975.7430,12566.7014,12785.6181,19935.6838,18101.8483,26969.1001,27426.9826,13082.1386,9916.0383,4816.9317,5634.1668,6713.3187,4040.8840,8298.2127,6952.0345,4652.7954,1540.6666,2479.5601,3028.5661,5642.5215,5371.6725,1917.9773,1775.0122,1624.4045,709.3857
4.0456,7.9319,41.6142,172.3092,512.8557,12752.7413,20116.4833,23201.8148,7649.7979,15906.4225,10849.6887,18362.6611,6486.9293,12621.6477,19851.9709,14529.7514,23769.9502,28096.3443,27434.7768,19940.1419,13627.2253,8456.8975,8114.1327,13502.9810,12848.7233,18104.4238,18891.0554,9488.7233,6896.8466,3520.0771,4135.7801,4266.6983,2953.4342,5694.9352,4579.8057,2890.1365,929.5841,1877.2162,1787.0677,4060.4061,3605.9010,1440.7040,1263.0644,1039.9171,478.8248
4.5855,3.6857,36.2620,167.2852,214.0576,11209.0745,24853.1594,24515.3392,10241.8899,15466.9108,13899.4259,17475.3337,7480.8507,15335.2334,19348.0271,16946.6469,24225.0834,28870.0082,29404.7330,21566.0325,13917.4977,9213.0262,9142.3881,14605.0390,13205.1224,19636.0847,20057.7560,9654.5136,7303.0783,3538.6073,4227.6605,4765.7564,3030.2378,6028.7534,5045.9372,3266.6075,1058.2234,1867.8758,2123.9565,4150.7975,3912.5717,1401.7745,1310.4279,1153.6740,515.7123
3.0171,3.3503,35.4749,132.5542,245.6605,7068.5106,15450.6902,16719.9304,7109.6923,10780.9159,8687.9873,13126.4560,4769.4604,10000.8107,13628.9130,11779.8320,16990.9575,20193.9325,20001.3002,14888.3850,9849.6537,6443.4146,6236.8085,10191.5841,9182.6832,13666.4685,14047.2227,6975.8939,5151.7982,2496.9804,3033.7791,3219.3053,2165.4308,4178.8951,3497.9839,2184.6080,711.9373,1355.6233,1416.9546,2918.1644,2727.1994,986.9286,919.8448,781.1573,358.6674
