264.3022,536.7620,1326.5726,3373.7856,7295.1495,6108.0790,6128.3143,6640.5943,3790.4170,1405.2346,4062.4723,3008.8676,5085.6282,4811.7694,3422.1053,3751.7637,2319.0861,860.8201,1285.3881,1615.5636
374.8228,655.2438,1609.5650,3232.9927,5797.5484,8018.2311,4961.1125,5560.2181,2627.1016,2790.1601,4924.5993,4011.6847,3871.6843,3639.6657,4058.3741,2204.9664,3005.2508,1332.9613,1329.2316,2265.5772
2348.2466,4071.8945,7775.7841,17306.2960,52162.8137,48873.0370,37851.9166,28086.1296,16150.8067,13416.2020,35993.5229,28503.0565,32800.6747,34744.5403,24578.7848,25650.7211,18428.8962,7127.7002,7351.4825,19395.5779
2619.3868,2972.5214,10896.2257,19264.8820,31413.8821,77917.1427,56467.2746,48078.5615,33670.8807,22212.4384,48516.5321,29637.1396,47362.5825,46279.0335,37245.1216,29523.0770,30611.9128,13427.1025,15105.0394,14366.2488
1930.0379,4168.1922,6817.8789,19216.1060,50456.6157,48387.7348,67079.2491,41749.4212,27480.0151,17660.3775,42780.4204,31897.6586,58401.0931,54564.6692,24227.6707,38560.0675,19184.7251,6882.2260,13743.9732,19988.5612
1799.1948,1791.1982,4328.5198,10518.7208,19110.4385,52371.7034,45799.9499,28130.7592,24314.9538,15532.8159,39036.8415,23615.1517,40797.4275,42520.5827,28052.6312,28496.0997,22879.5127,7726.5241,12276.3372,12662.5932
1850.2545,1254.4867,6500.3062,12310.3231,17712.8727,59467.4483,56591.4234,39913.0894,32999.8670,16249.7210,43968.9465,21947.8017,49597.2941,50899.5667,31557.2441,33914.0364,26792.5027,9863.5288,14772.0833,10511.3275
1637.4770,2063.4194,3811.5711,13121.7973,24845.5990,58344.2936,50874.4132,27695.1643,24776.2981,19523.3630,42699.1812,26948.7280,45112.9163,45679.3500,30698.4828,30956.9481,24984.0772,8814.9823,13348.3375,15900.6391
1661.9477,2300.5640,7420.3969,17721.7262,26787.5319,64566.7236,64856.2370,41724.5634,34093.4438,21206.0523,44051.9662,24298.3415,54167.9148,50835.9577,35870.0226,34492.6228,28515.7643,11042.7331,15707.9608,14264.6158
433.3466,879.4050,2677.1613,4787.2148,11292.8158,12580.0005,17049.8160,11437.3318,5805.8928,5526.1064,10163.0105,8404.7173,14016.3884,13023.5714,5774.1703,8896.8780,3893.9249,1805.9036,3061.0061,4521.2095
1122.2262,959.3000,3086.4680,8251.1344,12361.9501,36724.5635,40625.3293,22693.7042,21076.3863,11686.9732,30133.1461,16833.4388,35562.0996,36279.5004,21308.8445,24762.5348,17343.6448,5650.0589,10139.9815,9330.8712
861.6349,2969.8195,5379.4128,13196.8494,30641.3236,27893.7764,23378.5209,19531.0736,11914.4055,9673.0111,14559.0082,11559.9554,17548.1355,11041.5223,15354.0216,7654.6127,10415.8050,5005.8801,4797.4432,6562.3321
623.7091,763.5869,2776.2941,5339.1078,10422.5871,23888.5543,20358.3094,14439.0371,11514.8520,6898.5211,15219.4989,8450.8932,17242.1015,16620.7582,12242.1313,11373.8674,9927.0878,3666.9731,5185.1650,4532.4197
245.9577,660.6051,1095.2634,3205.1850,4266.7301,4843.0496,6811.8094,6557.9009,2197.4976,2980.8382,2988.2884,3190.8676,5585.0380,4323.7326,3074.2209,3154.0861,1770.6522,1030.8465,1236.2724,2070.3459
657.4060,1352.2823,2624.2229,5112.6825,18435.3844,24930.7969,27182.8351,16332.9612,14361.2391,5814.0753,21419.1103,11252.2595,24561.4656,26592.0612,11046.8877,18477.8724,10760.3673,3935.3864,6595.1583,6235.9500
789.7689,812.7641,2520.5610,7351.1917,11472.0480,26019.1328,25929.6927,16320.4770,13470.1547,8663.3861,17934.6884,10587.2252,21770.1998,20553.0231,14954.3022,13854.1377,11675.2814,3859.2918,6333.3066,6272.2625
1390.9386,1691.9582,5933.3342,14331.5706,25235.1425,43995.4797,60538.3251,34813.7947,30019.9243,16169.7335,38178.7761,21207.3670,51736.5003,50420.9048,29057.0545,34361.9596,22665.0353,7278.8845,14074.8744,11620.7457
1799.8533,1497.8022,2937.7527,9905.3612,19883.8474,53623.0311,56774.5879,27656.3173,24515.1891,19778.0911,42317.3882,28005.5412,50362.3392,49728.1270,28931.7690,33275.6859,23245.7323,8505.0738,13854.2657,15290.6396
1170.4809,589.5917,3598.0582,8532.4590,13101.6592,39571.2447,41647.8029,26365.6573,22193.2899,12399.9812,30437.5426,16152.0455,36533.7246,36674.5040,21990.3146,24730.7907,18153.3596,6272.6454,10470.2743,8440.3151
1345.7609,838.5419,2676.7390,8140.2152,14971.8223,44668.0134,45615.2196,25442.4690,23672.0649,13659.3705,36251.8342,20466.2414,40591.4711,42533.7192,24155.0987,28663.9768,20465.1237,7086.4300,11711.3367,10934.6958
1110.3519,1234.1682,3774.7646,10966.7864,21525.5361,37139.8807,51491.4929,28070.4805,22541.3724,15842.1342,32350.6032,20340.9333,44622.0547,41657.5750,23456.5578,28488.1439,18008.5155,5653.4707,11688.0611,11218.5396
1298.3601,1159.2703,3524.4028,5487.3641,19150.1299,39615.6831,38517.7701,18934.9464,17756.0120,11445.1555,31372.3779,19753.8590,34237.7635,36760.6266,18536.6910,24726.7634,16173.0562,5885.3594,9434.1032,10082.4372
604.6017,544.6742,1921.5232,5186.3020,6474.2378,17177.0756,18299.1866,12374.4660,8272.9652,7090.5869,11906.0439,8055.3710,15795.0793,13476.9106,10125.4643,9028.0163,7546.1115,2638.9318,4370.0012,4565.5835
1093.9212,820.1814,1789.1213,6401.8428,13543.8497,35628.3196,36541.3403,19070.1057,17555.7130,11827.4020,28613.4213,17329.8149,32510.3665,33332.3143,19291.0340,22423.2072,15966.4190,5489.2117,9215.8368,9461.9152
610.8463,487.6062,1556.6731,3009.2199,9612.9041,21310.3765,22890.2841,12926.6223,12237.8575,5893.1727,18175.8847,9825.8457,20442.0562,22074.5914,11210.8501,15045.7649,9900.6496,3376.2291,5792.6339,5151.6375
