0.0024,0.0112,0.0894,1.4687,1.8663,4.1108,5.3149,21.6622,12.3897,12.9027,12.6162,12.2999,7.9457,3.9218,1.5215,5.4948,7.2580,3.4556,3.7041,4.0040,3.4586,2.5113,2.5872,1.7289,1.4123,1.7794,2.7384,2.8498,2.1413,2.1827,2.5475,2.1322
0.0262,0.2713,2.1415,36.5147,70.3429,87.1402,196.2932,147.0998,143.6602,157.5190,190.9695,139.0489,88.8580,34.5260,31.2806,75.6110,73.3948,39.0871,43.4897,43.0438,35.3981,23.2109,26.0677,24.5545,23.4544,21.2566,30.3735,31.4150,23.4330,25.4300,27.8287,21.7687
0.7164,5.5796,43.2709,702.2670,1818.2482,1575.7694,3688.6826,2780.3440,1990.0259,2064.1319,3023.9692,2478.3105,1417.9441,591.6777,475.3606,1206.6405,1269.3862,624.9609,702.7211,652.2302,597.0560,465.6988,416.1820,362.7577,367.7668,281.2065,470.2479,516.5387,380.4874,405.4134,469.8471,371.9503
4.1350,33.5556,290.4538,2746.3765,10565.7863,6414.0861,22776.3374,11120.9745,11059.0850,4979.1972,10412.9703,7355.1576,3729.6342,1709.5236,1281.0064,3984.8566,3268.5160,1641.3665,1997.3105,1374.3600,1513.4141,1480.8123,912.3110,973.2924,1322.4195,998.4636,1329.3144,1347.5076,1021.7492,1058.4501,1421.7434,957.0161
6.1715,48.1251,422.5195,4311.5419,14533.5748,8647.8230,30167.1324,15844.5474,18780.6263,7606.0280,14544.0416,9437.2383,4750.9760,1416.7176,2331.5820,7391.9386,4792.0540,2575.6214,2953.3258,2389.0474,2410.9487,2036.9781,1541.5186,1681.5697,1704.8435,1879.2925,2512.3807,2200.8792,1726.4233,1875.6367,2349.5506,1418.5127
7.6097,60.5386,367.0449,5595.9491,13761.1008,13568.6256,32934.4202,35325.2469,27937.4004,37175.5198,41795.5054,33694.7786,20745.4050,8049.8364,5957.2233,18217.1358,18071.8758,9421.4709,10509.4630,10477.6627,8906.6111,6134.4915,6443.3711,5653.5760,5068.3221,4708.8001,7440.9104,7506.9205,5803.4857,6173.4305,6935.3704,5426.0998
5.8364,52.8404,473.2678,3391.6613,6826.8454,5678.9216,28375.0645,36519.2908,39443.7792,39057.3349,34620.2759,27341.7178,17321.1186,5554.0571,6518.7977,20064.4292,15325.7857,8524.2253,9746.6912,10015.1017,8121.1208,5062.4327,5997.3166,5782.2958,4447.1710,5640.8025,7834.1542,6881.9634,5541.7800,6172.5618,6636.9705,4675.5654
2.6018,19.8950,278.2451,1636.6114,6152.3221,6457.0489,23585.5592,27170.3486,25263.0814,25562.4368,23535.8831,17805.2973,12543.8018,4943.9266,3851.2213,11002.6313,10226.8314,5537.9228,6002.8156,6572.6261,5224.1864,3138.4800,3960.9619,3501.1010,3155.8842,3374.9988,4718.0740,4370.4034,3458.9316,3758.4174,3998.2352,3101.0084
7.8836,60.6481,489.3688,4008.6829,7746.4392,9610.1588,39706.6100,58347.5200,55401.8810,55076.0683,47484.7003,40151.9886,25743.3102,9914.6513,8289.7079,26161.0398,22865.4939,12238.9259,13804.9440,14467.4293,11838.6799,7658.4009,8805.3314,7819.4577,6060.6796,7724.5216,10909.6974,9883.7250,7879.2586,8550.8212,9364.6366,6922.2205
5.8392,49.2464,423.8056,2937.7696,6602.7468,6711.8520,33775.3652,42111.6787,43249.9334,42926.0640,35990.3679,29831.2949,19223.0187,7044.2173,6559.1893,20637.2427,16959.7785,9231.0346,10510.0700,10987.2321,8901.0050,5653.2741,6626.7818,6096.3535,4643.8871,6064.9801,8424.5524,7450.0960,5992.5420,6572.5078,7132.3701,5151.6588
3.2819,25.0501,217.3664,1691.1840,3757.4074,3770.9778,16685.0328,23978.6212,22417.3295,21668.5185,18223.0909,15610.2379,10126.1002,3949.9692,3215.5685,10337.4488,9040.5973,4807.2765,5408.6087,5711.3821,4671.4171,3037.2228,3485.7306,3050.7693,2326.5365,3085.4220,4333.1011,3908.0107,3112.6322,3372.3389,3709.6604,2727.9636
3.9688,30.3183,257.8609,2104.0786,3105.8163,6116.1564,21167.5513,32570.1779,30542.8538,31422.8545,28193.8596,22961.7835,15125.2836,5732.0437,4820.4027,14709.3417,13106.2636,7035.3372,7810.8219,8271.8360,6732.7158,4285.5961,5015.8244,4475.4682,3631.9112,4297.0579,6136.4921,5640.9730,4476.7070,4859.9434,5282.3419,3964.3794
2.9122,24.4304,228.9023,1484.5103,2791.9812,4729.3960,18797.2860,24890.2035,25340.6484,25986.2403,22952.6536,18125.2208,12026.0935,4342.7174,4040.0538,12171.8762,10294.0850,5633.2133,6277.9427,6647.0784,5349.1377,3315.4473,3989.4880,3696.3651,3015.8818,3515.9223,4984.6452,4496.5525,3598.9579,3935.8774,4236.8764,3128.9557
2.6348,25.8871,252.2212,1981.3138,5599.2691,6424.2882,23092.9746,24153.8302,25386.8865,27611.7545,26173.6902,19648.8270,13142.1216,4697.6220,4398.8807,12613.4466,10859.7316,6003.9963,6651.6931,7012.1239,5608.5504,3406.7823,4173.3504,3963.9685,3457.8753,3541.0642,5111.2680,4718.4848,3760.2101,4132.2153,4379.5573,3312.4831
1.5324,10.3792,98.6547,1058.4574,3442.4734,2117.4047,8300.1509,5832.8058,5840.7169,3478.7754,2846.6740,1749.4589,1168.8795,720.8167,420.7194,1708.7213,1183.3606,583.6991,693.9262,764.4322,635.3359,521.0099,482.7691,374.8385,411.4892,565.9667,727.1877,548.8069,454.1959,466.8332,592.7833,347.1343
4.9251,38.9450,468.6544,1884.7758,9751.6599,8770.2047,37067.3059,39011.8321,39935.8295,37721.1614,32298.8385,23862.1439,17282.2211,6719.5829,5557.0557,16385.6606,14006.6912,7703.2953,8391.2403,9341.7366,7313.2334,4283.4006,5584.9188,5045.7063,4452.9628,5130.9714,6967.3999,6127.2514,4912.3056,5395.0693,5706.9543,4264.7279
4.2434,34.5395,272.5627,2248.9993,3908.5908,6915.7582,24549.7131,35934.2486,33871.9928,34962.7512,30714.5292,25574.5556,16484.5622,6362.5183,5138.5234,16184.2840,14452.5752,7714.5430,8706.3087,9128.0051,7443.3461,4811.2803,5543.5481,4919.9614,3884.2695,4775.2383,6787.1844,6202.9252,4942.0169,5350.7298,5842.2151,4372.5518
4.3502,31.6689,355.7828,1835.6163,5505.8564,7605.1936,29406.9597,37799.6673,37449.3950,37559.9799,32811.2255,25965.1664,17495.8863,6602.0176,5652.8241,17095.7806,14861.6301,8076.3293,8963.0151,9596.8489,7697.4227,4756.5576,5773.9101,5237.2769,4323.1978,5057.5049,7137.6761,6449.5757,5152.0634,5613.0696,6042.6880,4510.8535
2.5774,21.7188,159.2108,1410.9024,2301.0650,3404.4622,13034.9259,19367.0268,18713.0182,19166.7315,16752.2273,14152.7657,8849.0392,3326.0923,2885.3828,9136.5903,7934.6856,4253.7581,4847.9040,5006.5063,4103.1228,2683.1597,3038.1080,2743.3101,2170.1566,2655.5184,3772.1977,3425.6274,2738.9813,2967.2271,3256.2107,2401.0412
1.7690,13.5650,119.8038,888.0746,1881.2702,2090.8913,9236.3554,13038.0131,12562.4979,12313.6215,10498.1232,8760.0752,5725.2563,2171.1633,1867.4375,5871.9083,5052.5337,2714.8145,3043.6461,3218.2186,2618.4445,1679.3328,1952.9678,1745.9121,1350.6270,1733.0475,2438.6825,2194.9773,1751.9666,1905.2083,2080.5259,1528.4370
1.5331,13.1761,176.9471,738.4435,3913.8887,3415.6738,15386.0135,14183.5677,15187.9801,14858.0105,13332.1420,9423.2014,6949.5914,2539.3111,2310.7558,6428.7089,5411.4244,3042.9176,3255.0960,3645.1648,2818.4462,1601.4778,2154.0539,2027.5022,1900.4476,1983.2211,2678.2372,2378.8178,1913.9025,2112.4093,2194.4369,1658.2645
5.1991,36.0633,279.4660,3072.5610,5709.7445,4619.5091,20135.8377,32747.3699,28756.5555,26819.5487,23055.8724,20561.9410,12935.7374,5138.6714,4179.5434,13256.5085,11970.2386,6247.2181,6978.6001,7314.2223,6104.5868,4127.2396,4518.5147,3871.1372,2848.4751,3908.1066,5577.5097,5127.2432,4047.5073,4345.8161,4862.8377,3590.4701
5.4330,36.8887,268.6823,2804.1146,4838.8389,5436.0587,15189.9834,29671.0657,26497.8936,25748.9271,24815.2807,20738.6779,13077.2947,4764.8622,4300.0301,13472.4900,11837.0635,6286.4541,7038.0633,7262.1381,6055.1965,4014.2010,4450.9666,3938.4775,3049.1827,3839.1546,5481.2516,5098.2896,4010.0403,4376.0947,4822.1713,3559.9539
2.8322,27.4694,229.0903,1733.1752,3613.8945,5317.9027,19770.0929,24942.1043,26315.1687,27954.4641,25293.3712,19678.6977,12885.7339,4523.7117,4430.5350,13175.1704,10983.1868,6061.4956,6800.4901,7115.0571,5723.7401,3532.0122,4248.4938,4030.3020,3325.5769,3729.3487,5319.9990,4812.3318,3856.0307,4236.0111,4533.9826,3347.2919
1.3516,15.0416,119.6645,1311.7289,4294.9279,3065.1685,11738.7987,7985.2267,8175.7290,9889.8006,10597.2674,8005.2565,4848.5553,1723.2346,1639.9815,4665.4092,4084.6203,2257.5032,2586.9800,2535.9315,2081.1749,1369.7989,1501.7451,1498.6620,1516.1287,1170.2341,1802.1249,1742.0280,1388.9499,1510.5763,1625.0111,1246.2300
2.6740,19.3341,132.3382,1563.9175,2263.5721,3047.1726,8753.2493,17632.5242,15273.1879,15457.0552,14305.9297,12291.1639,7771.9939,2987.9568,2421.7881,7634.4085,7018.6745,3683.7285,4106.6522,4274.2406,3564.1194,2383.7015,2629.2940,2270.8362,1771.5296,2207.8246,3189.4242,2987.2990,2350.2004,2532.7383,2809.6073,2108.7746
1.7390,14.3070,106.4061,973.6313,1744.9091,2734.2268,9534.4743,12175.0286,12421.7115,13730.9724,12611.9739,9855.0935,6415.5311,2253.2285,2162.8033,6513.7794,5496.2891,3000.7585,3380.4529,3518.8133,2848.5193,1780.0099,2113.3021,1973.4205,1617.6732,1843.8231,2628.4742,2396.3000,1908.4613,2102.3500,2255.6051,1669.0081
0.7881,9.6563,84.3390,719.8373,2592.7849,1790.0819,7772.1635,3871.4387,5225.6201,6165.9635,6568.5659,4534.2789,2876.9305,893.2267,1108.8659,3008.7856,2304.9278,1344.9646,1523.0769,1511.7801,1210.4497,739.4068,873.7664,954.1904,912.7211,724.7952,1101.9613,1026.8655,828.7797,927.5074,966.7719,714.9940
1.0033,6.4917,67.4825,501.8021,1089.9778,1639.1396,5493.1319,8401.4682,7629.5077,7639.6767,6819.8457,5549.5766,3732.7760,1489.2979,1154.7448,3451.1167,3203.2429,1702.0858,1868.2001,2011.7789,1634.2449,1040.2330,1225.4241,1066.6255,879.7794,1035.3052,1476.3833,1366.3049,1080.1491,1165.1607,1267.4321,967.1328
2.1661,14.4681,114.8831,1126.4550,1784.0510,2303.1661,7758.1094,14516.4056,12773.6910,12592.8352,11284.4551,9594.1389,6254.2669,2443.0775,1955.2061,6092.4962,5582.7950,2938.0667,3240.5961,3434.4834,2837.1754,1869.6702,2106.9491,1819.0226,1421.3950,1785.3044,2563.4702,2382.9902,1877.8588,2023.6390,2233.9556,1676.6703
1.1030,9.6530,79.1919,620.6566,956.1342,1581.5558,6108.2451,7903.9562,8401.0211,8909.2741,8090.1127,6243.3715,4100.0208,1391.9430,1459.2626,4332.3062,3515.2763,1941.3584,2182.1478,2279.0875,1836.3176,1132.8509,1361.8296,1301.1965,1055.7897,1223.4678,1724.1872,1550.5142,1241.2809,1374.2414,1468.5092,1069.4998
0.3412,3.3521,29.8019,198.6405,377.2038,602.1075,2564.8079,2870.9634,3217.1522,3389.9411,3023.0731,2292.1586,1523.6715,514.3428,550.7890,1618.7813,1286.4196,719.0513,809.2274,849.7165,677.2777,409.3270,504.3906,490.2084,400.3455,459.7048,643.2797,571.0274,460.4401,511.2087,541.4702,393.1391
