0.0681,0.6889,2.3232,19.5500,36.3323,374.8967,377.2460,401.2604,285.3859,347.1333,294.2375,350.9177,116.3175,201.7826,366.2080,334.0449,449.3508,482.4547,509.7945,400.1282,296.5159,160.0179,161.3983,266.0053,238.6139,346.0673,378.4867,206.6271,135.0015,69.0565,73.1752,84.5960,55.0008,110.0991,86.4680,59.4235,23.3882,34.6076,31.0459,74.6196,74.8757,31.3168,21.1146,23.0232,9.7367
0.7489,5.9248,32.3749,164.6637,429.3999,4481.5142,3841.0428,2126.9912,3640.7972,2089.7130,1968.8491,2511.3569,776.6562,1579.7538,2099.0258,1712.6194,2252.5328,2201.0207,2286.1819,1866.8069,1732.4448,876.5432,672.3100,1385.6796,1176.1184,1611.0838,1885.6764,1228.0339,712.3167,393.3832,437.4350,345.0530,328.3957,528.4638,420.7721,261.2579,155.4078,210.9522,152.1226,375.0717,384.6053,200.3622,107.9760,110.4493,48.9595
2.1180,22.2536,62.5316,744.8087,1335.6456,7472.2270,14018.2783,7399.5471,7603.1429,4401.2233,3939.7175,5428.3125,2637.9366,6014.0336,4341.6290,4333.9677,5427.8469,7915.9652,7371.2568,4615.7952,2549.9431,2727.5144,2206.2402,3791.6001,3030.7229,5120.2524,4545.0769,1971.1707,1834.0458,697.8879,1311.3951,1144.1273,880.2158,1347.6929,1407.9743,763.2914,218.7636,504.0103,717.5717,977.8619,895.9420,274.3386,404.5995,192.1071,113.4520
1.7820,24.8518,117.6851,1071.1885,2165.0204,12282.0660,16159.5162,5774.4005,9761.6270,6068.1677,6567.7515,5853.0217,2558.2528,6140.1322,4983.6169,7398.5773,6376.9594,6059.1679,6258.6187,6288.9002,5808.5437,2957.2412,2633.3673,4454.4734,3004.0492,5772.9105,6379.2612,4210.5486,2214.0291,1112.3277,1243.9033,1133.9450,962.3571,1522.5558,1613.7440,856.1503,512.3854,544.1905,727.5805,924.4445,1303.4165,634.3300,338.7265,402.4345,162.2052
1.4134,25.3800,149.2103,1128.2910,1983.0280,13410.5255,14045.7798,4722.3030,9089.6384,5000.2921,6014.4120,3158.5119,2458.9321,6789.3868,4063.3618,3484.6976,4336.2103,3887.7181,5403.2878,3390.8208,3756.1775,1428.2066,1299.4928,1392.7232,2119.2289,2460.3595,2689.6879,2886.2265,754.4122,733.7925,631.8592,896.4626,322.5415,819.1338,776.6438,678.4911,392.5393,196.3162,752.5249,494.8546,569.2260,520.7237,205.0708,273.0711,70.7856
3.7065,36.5895,125.3898,663.8150,2440.9117,20555.6449,29474.3841,14917.7192,17504.6109,12080.9680,7905.0914,9018.5733,5515.2494,12271.6942,10578.7438,4718.7530,10414.0715,14775.0036,14351.2820,7609.0927,6556.5656,4250.9936,3322.1754,5275.6785,6269.7601,7727.4644,6189.4811,4309.5332,2537.4239,1627.6341,2232.8676,2119.5098,1327.2079,2435.5554,2244.8542,1480.3987,554.5893,781.2959,1358.3696,1862.8432,1038.4653,932.7615,731.9769,471.2747,160.4979
7.0056,18.3444,94.7566,376.5869,1283.8652,24004.3589,37680.4118,38934.4144,12906.4441,25909.7296,21127.8576,26491.1220,11416.1420,22657.0791,31800.6592,23717.7177,38341.7970,44456.8056,45304.6465,32658.8620,21897.7288,13335.1601,13433.0848,21550.8660,20636.2355,29083.7248,30314.6735,15179.7921,10897.2202,5639.8470,6305.7429,7076.0625,4575.4805,9194.3880,7377.7986,4919.4034,1683.0774,2825.5077,3051.3395,6427.1305,5806.5174,2325.2202,1987.9614,1744.3017,773.9813
3.1210,9.6450,41.0616,184.2801,487.7622,10704.5599,17927.5798,16114.4553,5963.0943,11140.6311,12699.1637,9528.1796,5538.4421,11343.3262,12624.7728,12197.0500,16184.3894,18514.5335,20837.6808,15264.9576,9752.7318,5996.2641,6580.4625,9826.5717,8918.6701,13261.3614,13586.9405,6535.3040,4835.0596,2322.7131,2483.7042,3470.0303,1855.2591,4141.4719,3355.1713,2450.2437,893.0256,1113.6108,1584.4601,2717.1245,2698.1930,998.1516,817.6110,885.3217,360.1609
0.4394,6.4398,14.3712,100.5507,339.3655,3744.2632,3653.5627,3309.1859,2487.4607,2924.4654,645.4989,2949.6737,646.8140,1651.1000,2809.2024,1160.4530,2853.6631,2984.9869,2811.5856,1905.0514,1802.3425,764.6592,594.5749,1271.4186,1459.5223,1591.5875,1958.9816,1291.2625,712.4606,469.6940,486.3921,356.6596,362.8723,576.1873,391.1106,238.0786,89.0169,253.3203,204.1629,451.2043,354.7089,229.0524,122.6644,102.1060,48.4008
2.1368,4.1099,24.4971,98.7920,260.5602,5355.0265,10865.9231,10575.5152,5629.0402,7336.9649,7910.1373,7480.6752,3444.2507,6669.8037,8490.9862,8785.2594,11117.8348,12488.0892,13494.1349,10426.6018,6875.1691,4267.3004,4422.0784,6888.6573,5932.0563,9179.6642,9582.8333,4817.9451,3401.9412,1637.9451,1822.9893,2235.9988,1380.6225,2782.9254,2374.5942,1578.7240,573.8801,816.0220,973.2712,1843.0184,1912.6049,666.3071,570.6965,582.0149,248.0365
4.3548,8.1102,35.3978,182.1006,349.9576,12779.7173,22772.3138,24288.8332,8925.0696,15778.8036,11405.2344,18097.3429,6951.4407,14327.6437,19894.7185,14764.4524,24005.8536,28871.9647,28433.8067,20337.7079,13535.8305,8721.8350,8403.6195,13856.4185,13113.4580,18585.4095,19119.6900,9269.5963,7011.7843,3515.4271,4194.4672,4418.2875,3001.9391,5815.6701,4730.6265,2994.3966,931.4011,1884.2877,1946.7370,4129.9704,3659.9142,1427.1185,1295.9639,1071.0451,487.3884
2.9806,5.1574,27.9778,135.2704,309.3663,9225.4550,15993.2203,16385.0472,5357.2353,11226.4604,10471.3881,11290.8749,5102.5344,10141.0808,13215.5636,11497.6348,16504.7198,19108.6380,20080.2990,14806.9472,9766.6281,6042.5184,6213.3099,9759.1440,8967.8659,13120.9705,13617.4165,6737.3950,4874.9392,2437.3585,2723.6066,3271.4174,1996.6895,4093.5785,3342.6085,2267.5344,777.9693,1228.8437,1407.1072,2789.8418,2662.0124,997.4581,849.4976,819.2230,350.7698
2.4335,7.6931,26.8356,175.9424,419.8039,5483.9359,14227.0132,12429.6207,7079.7823,7130.7119,6755.1850,9661.3178,3794.4747,8049.4910,9738.6566,9393.1268,12499.4356,15045.1984,14906.9636,11232.1838,7307.9078,5038.3676,4802.2515,7772.6384,6710.2895,10482.0803,10641.2242,5197.9183,3901.4379,1831.0590,2308.5936,2472.7411,1627.0310,3120.7685,2725.0233,1669.0586,526.3374,1002.8549,1144.5030,2145.6757,2088.3385,708.8789,702.9876,574.8120,273.0895
3.2779,6.3391,26.1703,163.6023,442.2566,10924.7830,19343.7330,17156.2749,7722.4649,11750.4780,12188.5208,10776.8966,5707.4286,11657.2709,13571.5637,12086.0658,17003.2452,19943.2450,21461.2585,15536.9969,9852.5961,6306.7728,6660.5920,10099.3909,9359.8249,13788.6264,14026.5166,6765.6390,5027.0286,2492.3125,2759.4232,3556.2485,1988.6526,4300.9592,3493.9956,2483.1272,862.1468,1229.3314,1600.5715,2898.8717,2739.6784,1013.0608,885.8339,877.0739,365.3240
2.6577,5.4780,30.5369,143.6603,280.1583,5402.9546,14728.6419,13608.2940,6482.1321,8657.4800,8929.0845,9915.7934,4331.3199,8875.1702,10918.4711,10676.9141,14018.6975,16488.4761,17046.8142,12839.5715,8261.5260,5481.1236,5504.8115,8602.9622,7552.4757,11697.4112,11928.0747,5879.5227,4305.5968,2069.6053,2439.5468,2871.7393,1731.3306,3531.8785,3005.4331,1973.4223,672.0969,1068.4351,1279.2741,2384.8133,2340.9862,811.2090,756.6074,686.8133,307.8270
2.9528,4.2972,35.7771,145.9313,200.4571,7886.0213,14594.3781,16378.9664,7403.0785,10465.7415,7352.3257,13317.4749,4563.9066,8650.4599,13808.8786,10924.3163,16863.6831,19887.9046,19215.7070,14267.1060,9806.3951,6222.7744,5838.1558,9796.5747,8994.1504,13125.4922,13699.6399,6878.0463,4976.5250,2509.0810,3033.7599,3006.4933,2156.9171,4028.6615,3366.2343,2023.3699,642.8643,1350.8032,1288.8528,2857.1355,2618.8274,1037.7090,910.0392,731.1163,343.9312
3.0665,10.7534,41.8442,214.7482,661.5710,11348.9984,17019.1722,15691.7329,4688.8481,11105.4469,13970.3321,9439.9443,5628.6473,10667.2743,13161.0029,12803.6740,16901.8372,18281.1466,20885.8811,15877.0348,10447.1770,5998.4046,6676.3344,9860.6461,9031.6189,13428.6493,14150.6596,7288.1298,4891.5692,2482.3862,2457.9648,3525.1713,1859.4480,4209.7418,3388.5596,2521.7219,975.8077,1130.2714,1459.1385,2733.8899,2795.3099,1065.4394,806.3626,913.0482,371.2189
3.4292,9.4164,27.0298,214.7184,528.2005,12529.6290,20195.8479,20199.9306,10762.3648,13184.0028,5873.9491,15116.2346,5252.3973,11984.0722,15735.0528,9395.2911,18056.4704,23458.4450,21803.8294,14227.1415,9179.3336,6661.4763,5960.3578,10196.8106,10112.9440,13852.2295,13667.3808,6183.6670,5234.8734,2631.3228,3466.7475,3216.9583,2345.9652,4349.2504,3505.4838,2106.0133,534.9646,1521.3746,1559.9066,3257.2145,2530.8839,1027.7016,1054.6591,731.5078,342.2430
2.5290,2.7953,22.9119,84.3559,192.5659,6818.0751,13852.0015,13468.9546,5583.7184,8831.3949,8954.3550,9156.7920,4300.5576,8608.0052,10741.9299,9809.4909,13572.5689,15807.2749,16648.0621,12343.5901,7952.8710,5093.8686,5244.2004,8137.8955,7382.5509,11014.6374,11316.2983,5537.9849,4061.5661,1995.3875,2271.3498,2758.7044,1634.3688,3403.1777,2825.0278,1919.7329,660.3548,1006.1599,1205.8747,2299.8021,2219.4963,801.6248,715.4254,673.8989,292.8396
