0.0014,0.0067,0.0009,0.0080,0.0104,0.0102,0.0074,0.0090,0.0217,0.1537,0.3553,1.7955,0.7299,14.4456,0.9862,16.1940,3.0939,15.8197,4.2199,17.5803,20.2857,7.7278,4.1312,8.2574,6.5099,8.7764,9.0711,12.8748,3.7368,3.7684,2.7314,3.6510,6.0556,3.3197,1.9817,4.1322,1.9329,2.1228,1.8024,1.4136,1.1337
0.0430,0.2146,0.2080,0.0856,0.2511,0.2367,0.2107,0.1605,0.8359,3.5070,13.3835,28.3116,150.4771,104.1777,209.6514,136.5149,119.2834,145.9010,80.4943,240.1278,164.1856,167.5358,48.3913,91.4343,89.9694,100.3149,114.5261,132.2632,68.3309,49.8513,32.7732,36.6141,69.8190,56.4031,43.0131,48.2131,40.1436,14.7056,22.0849,20.3938,15.7155
0.6059,5.1552,6.3109,1.8801,8.1368,8.0319,5.6771,4.1630,14.2153,56.6489,285.1844,398.5463,4463.6958,3099.0929,3655.5723,3734.6537,2605.9055,2519.8477,2615.9349,4225.2865,2347.6275,2235.1436,1350.6918,1360.7775,1481.7566,1370.3376,1816.3741,1868.9511,1359.3361,867.8467,819.8157,700.7403,1074.7799,968.0897,688.1615,887.8677,749.5178,402.1370,378.3970,304.3614,233.1971
4.4573,30.8005,38.4225,6.5921,45.5361,44.6165,31.1414,23.1076,87.3540,235.1509,1516.8837,981.4935,26268.5635,15937.2058,22192.1735,20837.4507,14368.7725,10172.0540,15799.3171,15711.6925,9492.9707,8207.0023,6365.3696,3765.9766,5392.5429,5348.6563,4714.0966,5518.6744,6198.7269,2880.7334,3520.4714,1994.1762,2411.4184,3343.9375,3498.2474,3618.5572,3308.2935,1335.5842,1108.6284,868.5683,581.3219
6.5224,49.7917,58.0800,4.4923,62.3064,61.1026,40.4845,33.8245,103.3536,267.6411,2263.4772,1842.5992,40015.6155,22063.0480,32346.9450,29875.3164,18885.4272,12590.5358,21033.0471,18962.1566,13997.0147,14436.6955,10132.4446,5179.5632,7237.7524,7286.2428,5795.8713,6157.4634,8566.4364,4548.0955,4088.3262,2382.0588,3493.5344,5855.9478,4327.9799,4077.1716,4869.6809,1512.7383,1477.5787,1323.6287,932.2045
7.3391,27.2719,40.9991,14.5961,53.2759,53.9575,42.9499,35.9781,131.9465,643.3333,2112.9252,6827.2183,33245.8784,28217.9454,35729.5489,37423.0721,25776.9613,31150.1543,18001.5958,53811.7198,40137.4113,36018.1594,15199.1519,21412.7231,19307.0975,21120.0404,26943.2575,31045.3767,15730.4724,11588.1269,8143.5932,9177.9569,16975.7380,13014.5794,8069.3700,10421.0014,8574.9757,4329.1592,5132.3518,4588.8743,3586.0464
9.0338,23.7355,24.1320,3.5021,21.1225,16.1903,13.3907,17.6778,53.2884,301.8145,1368.9174,6334.3984,18224.6255,20624.3848,22909.1632,30796.6124,14137.6759,30029.8175,14093.9376,39257.6801,38059.2702,36605.5242,12798.4362,19185.1613,17481.6722,23865.2332,23949.5622,29995.8785,10495.1327,10441.5614,3415.4260,6403.9748,15438.9706,11776.7429,8264.3248,7099.4585,6197.2209,2533.5012,4222.1727,4316.4430,3472.1030
2.8395,12.8380,14.2189,4.5966,15.5240,13.9332,15.5919,17.7576,49.5887,210.1767,526.3226,4094.4690,13607.3638,14229.9192,19592.3675,21543.6913,12329.7642,25018.4371,6411.6140,29932.9646,28232.3259,23958.8450,5261.6994,14128.6081,13749.8468,16969.7743,16016.0234,21479.8938,7496.5411,6373.9439,3783.8719,5229.0643,10394.1919,7455.7542,6257.2647,6662.4108,5112.8206,1664.0519,3125.1288,2947.8688,2246.9064
7.8324,8.9256,19.7578,9.5847,21.4513,19.8275,15.2075,22.3922,52.9590,386.9785,1442.7264,7700.9247,10970.9852,35391.5034,20965.2160,45154.1355,14608.3007,47850.1263,12729.8977,56990.0139,62523.4939,47310.7345,13824.5927,29939.7406,25716.7282,34477.9476,34760.5581,45310.4640,13124.8688,14282.9088,5691.8567,10562.3767,22267.1940,14649.1025,11463.0485,12212.3414,8533.9623,4399.2889,6292.1088,6048.5534,4799.9311
7.4904,11.8751,18.5032,5.7809,15.1521,14.5857,11.6824,17.6418,44.1351,282.1222,1110.4204,6427.6210,11015.6026,24948.3393,20128.4828,33832.3043,11383.6648,35942.1478,11459.9773,41356.9965,46282.9536,38416.5553,10243.5398,22706.5689,19785.6001,26842.4883,26394.4078,34438.8198,9733.7460,10811.5961,3675.7723,7652.4613,16963.4240,11464.2100,9412.9409,9082.4624,6563.2388,3004.8317,4734.7174,4704.3139,3737.1654
2.8914,5.4005,9.8428,3.8772,11.4562,10.4770,8.1743,10.9144,20.6001,130.8733,632.2077,3019.0627,6392.1760,14934.5472,9682.2199,19428.2213,5715.5599,19539.6922,6250.8361,21535.6337,25229.2496,18214.2725,5815.0843,11715.9764,10136.1363,13840.3749,13436.4452,17980.6020,4860.4861,5566.0360,1995.2586,4089.6900,8697.8671,5577.6108,4568.5296,4872.5577,3198.9368,1786.8198,2440.3110,2346.6615,1869.0000
4.0228,4.3039,5.6051,4.1642,6.6195,6.4498,8.4030,12.8190,31.3476,225.8377,670.5633,4417.7151,6251.2745,17966.7401,14545.7970,22989.8882,10400.9467,27139.6335,5259.6775,34230.1960,35094.1345,27812.4758,7540.2561,17163.3507,15167.3872,19629.8378,19972.1325,25846.0316,8212.1487,8232.5279,3648.4504,6195.1372,12818.3001,8745.7397,6577.7253,7162.8544,5299.7774,2443.7015,3698.7275,3528.3900,2781.3808
4.0004,5.8097,4.5049,2.3553,2.5805,2.1880,6.3737,10.6594,25.1174,180.0929,475.7332,3756.8538,6323.3675,12933.0336,13517.7342,17214.8654,9101.4508,21667.9194,4056.6204,27482.8671,27348.0072,24059.7820,5819.1507,13864.3212,12550.6632,16175.2601,16252.4281,20798.1799,6675.2307,6629.3639,2716.6524,4827.6378,10377.2463,7287.2844,5652.3209,5647.7538,4460.1287,1705.2677,2971.1760,2915.6946,2287.9174
4.9616,16.2899,12.7616,1.1994,12.5677,13.1157,15.0527,16.4422,46.1691,234.8301,777.9243,4107.3092,14660.3450,9642.7767,20427.1018,14361.4767,13610.0905,22700.3210,6289.4314,32015.7752,27713.9853,27468.5130,6164.7055,14947.7380,14141.3422,16985.9291,17656.9273,21998.9098,8534.8732,7196.4073,3679.8590,5398.1972,11227.0177,8499.7741,6539.7857,6464.7155,5567.0161,1749.1720,3329.4654,3240.6350,2504.4476
1.3346,10.2829,12.5415,2.1210,14.4143,14.1363,9.7305,7.7360,30.3242,66.3841,562.6081,378.7123,8134.6615,6230.6771,7477.8517,7974.6198,4993.5820,4842.8300,4869.4813,4530.2839,5428.2836,3312.1134,2038.2663,2121.5233,2167.9348,2894.2288,1419.1962,3144.2799,1980.2567,846.4869,1090.7124,641.4583,1037.7542,895.9852,1405.7904,1440.5190,1084.8873,405.2256,370.7835,338.3252,201.3655
5.1872,23.0711,24.5085,3.6912,23.8399,20.2698,22.6982,26.9265,62.7033,258.4130,943.1901,5825.4142,22333.5744,22571.7748,29226.8556,33472.0134,17693.8856,35445.6202,12299.6392,40466.4366,41648.2256,36490.6718,7852.8432,20603.1726,19881.4847,25283.7584,22706.5198,31172.4152,9837.3094,8647.9248,4816.4838,7061.7628,14742.0575,10240.3581,9571.5329,9373.9315,7268.0169,2109.9962,4326.9649,4252.5638,3230.1056
4.7160,4.1570,7.2171,6.5745,6.9164,6.9378,9.0684,15.0343,38.0508,280.5357,664.3472,4863.5253,7169.0744,20569.8778,15015.4296,26045.2714,10594.6586,29992.9605,5752.0988,37269.5987,39256.8656,30628.1124,7942.8355,19152.0809,16598.3087,21563.6943,22235.9200,28719.8529,8698.3870,8923.4988,4042.2998,6893.5985,14225.6547,9588.5373,7275.9752,7961.1442,5804.9837,2771.2694,4071.1998,3886.6736,3059.1356
4.7177,10.9855,8.2120,3.9889,7.8913,5.8549,13.0894,19.0547,34.8568,261.1265,584.1251,5387.0389,11725.3304,20055.3211,20932.9661,26769.2782,13456.0420,32868.1689,7497.8838,39649.1736,41014.3439,34551.0560,7626.9259,20430.6580,18553.4320,23843.8769,23393.5995,30610.4707,9413.3124,9317.3990,4197.8214,7160.6790,15016.7916,10313.1937,8407.4764,8648.0463,6569.1131,2481.3148,4334.7055,4211.8554,3277.6931
3.2103,4.2384,7.9206,3.5496,6.9668,7.1047,5.3129,6.8286,27.3065,152.7273,482.8205,2638.4579,3733.4019,11634.0775,7631.6536,15058.0639,6329.1422,15945.1393,3998.2587,20472.4079,21276.5829,16576.2815,4711.4834,10386.3020,8848.9790,11642.0539,12351.6342,15484.7454,4857.0376,5044.5821,2182.7720,3682.7571,7746.6419,5205.5962,3853.9992,4081.0290,3055.2457,1518.7428,2192.0973,2111.3525,1677.2565
1.7380,2.8065,4.7875,1.7294,5.0538,4.4256,3.8215,5.5595,9.5214,74.4912,327.0470,1728.1516,3043.2989,7819.4135,5283.5635,10287.7306,3212.2447,10766.9906,3083.8019,12412.4531,13916.0016,10669.0408,3181.8750,6643.1972,5777.1592,7791.4268,7642.9351,10091.3669,2843.9295,3162.0751,1154.2149,2300.1912,4926.9447,3245.5233,2608.6727,2708.2657,1888.2560,945.6720,1390.0995,1348.1023,1070.2387
2.3948,9.9641,9.2755,1.2586,8.3653,6.9302,9.0188,9.8471,29.3880,107.0452,299.2688,2296.0461,8717.1859,7278.5754,12213.4097,10926.0934,7665.3590,13099.8307,4480.0299,16359.4466,15554.7348,15081.2326,2522.1709,8014.4629,7884.5272,9742.9704,8844.1080,12091.4202,4247.7738,3548.6890,1924.3949,2737.5012,5787.1855,4271.9359,3987.8153,3641.7676,2970.0604,694.8597,1722.5606,1711.4493,1303.2476
3.5600,10.7311,18.7565,6.8881,24.4688,23.0992,14.6099,15.6874,38.0928,168.6100,1173.9976,3513.3324,10139.8145,22779.5619,10732.6653,28451.7174,7116.9854,25048.3437,10003.6833,28163.6159,33039.9487,20742.6364,8774.6967,14581.3004,11937.5474,17155.0462,17022.3802,22559.9701,6836.0323,7428.1600,2872.1652,5193.8713,10911.2073,6837.8913,5075.1283,5775.6413,3473.8050,2648.1594,3020.2336,2832.3723,2314.1009
4.3972,12.1816,17.7766,6.1495,22.7326,21.4160,14.3154,12.7252,38.8230,299.1174,1208.1862,3995.3989,11946.4829,19991.7404,11917.8329,25713.6647,10249.4652,21971.7263,8692.0115,29808.7598,30809.0498,22038.8547,10752.0139,14065.1285,11765.7333,15957.8692,16803.8659,21352.6181,8067.4911,7692.0125,3229.8112,5127.7615,10819.8800,8172.5083,4748.2989,5406.6470,4380.8333,2507.6621,3137.1162,2930.2963,2389.4860
5.0203,10.1544,6.7897,2.1507,5.6614,5.4502,9.2889,12.3513,35.1188,212.9492,597.0279,4113.9727,9875.9848,12016.8581,16688.9224,16141.6159,11148.2302,22168.1643,4303.5796,30337.0670,28443.2498,26691.5347,6299.4005,14935.8531,13539.0087,17013.0220,17684.0581,22037.5179,7679.4377,7218.5369,3137.3129,5210.5935,11214.7021,8155.6095,6108.3517,5985.0762,5071.4060,1782.1019,3235.6859,3189.1303,2499.7247
2.7944,10.8744,12.7198,2.2523,13.0165,13.1470,11.0823,9.4228,39.1880,139.7611,563.5405,1537.1045,10282.5139,4462.1132,11209.4638,6821.3740,7555.0396,8419.7951,6042.2336,14222.2777,9195.9299,10601.5694,3011.2710,5502.5887,5652.6888,6084.8364,7200.1150,7569.3576,3957.2149,2858.8211,2061.9018,2189.2808,4211.1061,3416.8245,2696.7383,2581.9381,2459.4439,834.9588,1299.1978,1230.9760,939.5038
2.0613,4.9043,7.9309,3.2759,10.8314,10.7015,6.8827,6.4290,21.1810,115.9848,589.6500,2065.0027,4988.1051,11674.7258,5502.9860,14484.3719,5150.5691,13505.4334,4548.6531,17501.3087,18385.6346,12441.1595,4852.0705,8481.5080,7078.0789,9548.3794,10102.2256,12939.5149,4428.6831,4400.7297,1982.4348,3172.6158,6476.7891,4399.1471,2807.8571,3400.0025,2438.4230,1522.4251,1855.1461,1714.5302,1387.3114
2.4162,5.2618,4.6736,1.7618,4.8268,4.3036,5.0549,6.2422,16.1783,122.1080,348.4999,2164.2060,5164.6737,5921.0333,7875.2876,8352.6161,5422.4457,10762.4055,2645.8335,14962.5258,13612.4635,13073.8095,4092.6254,7134.9201,6552.3198,8281.1635,8695.1549,10884.9331,3893.5021,3579.4035,1555.0957,2586.3313,5584.2089,4211.5182,2983.5803,2971.5575,2477.8252,952.2413,1594.7624,1567.0470,1228.5430
2.0870,8.4175,8.1914,0.2836,7.3928,6.9791,6.4607,5.6971,21.7813,72.5328,340.9529,989.6022,6680.7548,2080.9625,7865.2223,3628.9915,4893.9139,4784.2859,3340.0062,8455.4828,4985.9761,7199.5264,1774.0113,3292.4667,3515.7097,3773.5804,4197.9625,4528.0351,2460.6055,1745.2213,1071.5049,1207.0270,2520.3428,2204.7757,1777.8239,1515.3545,1586.8156,356.8048,779.8525,780.1692,593.7543
0.6929,1.3078,1.1041,1.4612,1.9504,1.5025,2.7243,4.0013,10.0944,64.6572,146.1074,1070.0955,2079.1509,4839.7430,3754.1463,6038.7020,2693.9599,6984.8431,1670.1237,8464.1725,8945.5664,6728.9551,1721.6820,4278.4997,3773.2578,4877.5770,4855.8860,6425.6168,1967.4053,1955.2610,966.5335,1560.6498,3125.2034,2043.8134,1631.0532,1853.4424,1305.2296,609.3389,908.9556,855.2228,668.9096
1.4304,2.8192,5.2543,2.6836,7.3674,6.7673,4.0488,5.6141,11.2844,86.4153,443.6586,1652.6752,2774.8929,9305.0054,3895.3378,11551.8516,3388.5615,11386.5312,3328.8763,13693.4560,15132.9130,10205.4746,3834.1062,6957.8560,5871.7303,7963.2384,8046.8658,10572.1220,3270.5307,3471.8416,1431.0799,2534.7142,5182.7165,3403.7679,2413.0722,2827.6302,1896.8933,1168.1130,1486.1702,1382.9139,1113.2010
1.7074,3.7131,3.2392,0.4671,2.5800,2.2641,2.7593,3.2106,8.8815,63.8018,231.5959,1348.0754,3088.3071,3972.3619,4973.9109,5665.5331,3381.9088,6891.7268,1740.4681,9510.3621,8713.8712,8502.9667,2419.4346,4613.3574,4226.9108,5409.9039,5579.7838,6978.6566,2445.5707,2342.4918,890.4767,1598.6211,3570.5918,2682.1283,1953.1932,1841.1237,1575.1777,569.0263,1018.4495,1013.6008,801.3932
0.6543,1.3791,0.8641,0.0676,0.4669,0.3472,0.9251,1.3402,3.1760,22.4825,71.3895,515.6404,1137.0537,1324.0631,2081.8624,1928.7834,1309.7451,2611.5940,531.7402,3520.6196,3331.5893,3319.2903,752.2702,1776.7307,1623.5741,2069.0518,2098.6453,2634.0666,898.6575,862.1212,325.8018,597.9890,1337.3546,993.6917,772.5391,702.5905,608.7042,190.2796,384.1707,387.1125,303.7541
