0.3739,2.3845,23.1637,358.3756,820.7552,927.9276,2453.5942,2941.9846,2464.4562,2688.7186,2698.6075,2102.5104,1420.7121,598.5890,367.3996,1083.0533,1166.8949,605.9616,661.7519,707.2592,576.4825,372.0369,433.3218,355.9842,326.5767,329.9684,481.3267,477.6097,369.6720,397.4106,427.3463,351.5197
0.9421,9.1794,83.5212,749.4855,2587.8972,1452.9885,6664.0329,2195.9939,3588.5610,3977.5587,4655.7088,3049.4608,1789.2805,475.1435,797.5259,2185.3378,1434.6786,863.4602,1031.6973,934.7988,763.4499,486.8035,528.2742,655.0189,642.8898,501.2325,716.4256,658.5580,529.7332,617.9760,647.8075,444.3652
1.8437,11.8562,105.2857,1184.4612,3818.3567,2668.3992,7472.7976,4938.5630,4213.7665,2534.1484,4416.9948,3267.2808,1724.8802,832.8557,453.7950,1551.2702,1449.1539,708.6587,862.8946,664.6172,665.3436,591.6284,427.6986,407.7650,530.0558,350.2713,517.4053,587.2666,425.8105,462.6263,569.2055,426.7217
2.0043,16.9803,153.5017,1354.0112,3133.6093,2821.3865,7736.0666,8149.0305,9272.5554,8942.4320,8919.0385,7215.3789,4103.5278,1167.3751,1620.4877,5009.9571,3837.5271,2117.5966,2479.6722,2380.6984,2014.3980,1375.2528,1434.2286,1433.1925,1172.1348,1355.4829,1904.0937,1713.8425,1366.8875,1513.1611,1666.5839,1164.2197
5.7286,35.3314,357.2090,3422.8771,12118.8348,9142.5776,33228.5493,30634.8012,28457.7346,22867.2366,18363.2562,13302.6469,9915.1874,5145.0836,2400.4686,9428.5006,8275.3120,4249.3003,4964.1022,5528.1982,4397.8702,3020.9729,3397.2857,2593.3573,2442.7165,3251.9224,4345.2554,3587.6415,2940.6754,3057.0416,3558.1601,2493.9741
2.1774,19.7665,155.6016,1415.5670,3426.5325,2881.1579,10670.8600,9893.9976,12485.3069,12364.7307,12313.4103,8913.4011,5668.9759,1522.7030,2438.8591,6809.6406,4905.5723,2816.4818,3154.6453,3189.6705,2599.3560,1602.0853,1886.8408,1988.3921,1636.7378,1744.8767,2525.5806,2242.1080,1806.2839,2031.4569,2161.5195,1508.1064
3.0008,21.0334,169.1338,2235.5342,4932.7074,3414.8482,12043.8852,15880.5309,13225.5772,10290.0666,8680.1273,8514.0208,4927.8832,2085.7982,1575.6989,5616.7305,5087.2638,2546.6249,2870.2305,2951.3845,2549.5029,1884.6785,1873.3238,1506.2887,951.7995,1662.8919,2373.0775,2161.7823,1700.5364,1790.6713,2108.2153,1501.0020
4.6485,36.9930,379.0133,2607.4523,8450.8049,5810.5965,25871.4184,28221.3901,27958.3546,22848.7238,16085.9267,14613.7000,9918.7327,3972.5351,3370.9759,11368.9642,8787.1257,4734.2573,5439.7084,5800.1504,4682.7557,3081.1743,3535.8725,3111.1122,2327.2720,3526.7512,4668.1805,3941.2013,3177.0257,3510.1944,3863.7263,2652.6638
5.3678,41.7050,529.5386,2065.6956,6960.6581,8246.3522,40420.8689,41594.2842,48764.4381,47921.1256,41302.9027,30828.2660,20884.2321,7153.3341,7848.1424,22444.2152,17347.8030,9920.9126,11053.9813,11780.9958,9278.3306,5390.6539,6952.7484,6843.8149,5721.1468,6470.1135,8982.1758,7812.2593,6347.0277,7056.2614,7405.2419,5353.6623
6.2610,50.9346,385.4656,3689.3192,5435.1348,10158.2556,32496.0705,52286.8643,49149.9236,51622.3704,47716.9474,38265.0546,25067.2530,9430.3134,8029.6135,24317.9344,21727.8161,11650.9867,12916.9929,13620.1019,11112.0517,7087.4017,8263.8771,7439.8328,6113.1369,6984.2437,10079.6148,9341.5951,7396.4462,8035.6812,8720.0499,6575.1379
5.7335,39.3752,197.3859,3427.8290,4848.1292,7260.9101,16819.1637,41134.0022,31280.2538,32263.2077,30325.3695,28030.0766,17306.3508,7120.5232,4557.0666,15350.7563,15767.8190,8033.0317,8911.1380,9242.3472,7856.9947,5442.5718,5781.1599,4636.0609,3665.9119,4505.6428,6732.8563,6521.1353,5087.7968,5331.1883,6103.1742,4719.2721
2.3998,23.8757,349.4418,1294.5784,7754.1266,5189.6479,27041.0491,15401.0924,21766.0699,19111.2558,17379.9099,10252.8537,7883.3131,2593.2545,3201.2367,7905.2892,5522.6227,3435.4452,3690.3243,4221.1158,3038.4976,1359.4889,2367.0207,2591.0186,2647.0274,2566.4308,3185.0544,2579.7165,2124.5699,2454.4113,2363.1153,1729.2065
4.8436,37.0738,314.4369,2526.5318,6287.8920,6543.6257,26207.4816,37545.3730,33699.8204,33324.8986,27452.1593,23991.7171,15534.9972,6199.6192,4639.7332,15428.6428,13941.7607,7302.1270,8281.8801,8723.6415,7135.0661,4702.9453,5329.0209,4574.3915,3452.6960,4661.2663,6562.0345,5962.7822,4735.8509,5088.8299,5649.5880,4178.2941
4.1505,30.8713,270.2987,2293.7963,3642.5285,6262.1269,21289.2720,34121.3644,30349.8205,31019.0511,27721.8164,22593.5518,15235.8663,5978.7712,4714.9286,14387.6669,13209.0043,6958.1725,7703.0104,8235.7974,6705.6133,4320.3682,5018.6867,4365.4290,3521.4783,4311.2199,6073.6386,5629.9770,4438.6739,4812.1020,5243.6060,3959.5601
2.4557,18.5713,161.7770,1254.9184,3052.4803,2379.7821,9457.3646,10538.7754,12261.3427,11218.1837,10888.7797,8209.7709,5234.6703,1477.0140,2071.3209,6303.1706,4696.0644,2614.8921,2943.5955,3009.7015,2457.2671,1561.8439,1795.7658,1783.9702,1390.9821,1712.5166,2383.4068,2108.6309,1697.4036,1893.0790,2048.4809,1418.2055
3.4366,24.9274,188.8994,2125.3826,2670.3741,5348.3440,14694.2540,28808.5258,23722.3917,25206.9221,23074.1553,19675.9898,12851.5095,5139.9952,3621.3619,11669.1088,11273.4747,5871.7687,6463.3996,6872.6357,5687.7918,3787.3578,4240.9654,3529.1599,2825.3314,3468.8793,5030.4525,4740.1879,3732.8139,3986.3598,4420.7151,3392.2417
0.6638,8.0509,124.2735,367.8281,2256.9663,1468.2545,9068.4379,3573.2812,6992.8662,6089.3617,5387.2901,2802.1657,2205.8902,557.9023,1078.0676,2548.4435,1424.3555,982.3111,1098.1768,1220.5656,837.3540,323.8940,649.4898,838.6227,796.1462,780.2006,949.2312,713.9651,614.3497,737.5848,673.2191,459.3586
1.2374,9.4141,61.5063,717.3695,1160.5311,1670.3067,4804.5119,9851.7976,7820.1320,8137.9366,7225.7476,6452.7816,4103.7227,1693.7410,1149.7047,3790.5852,3750.0280,1902.5286,2139.2083,2234.6576,1864.4363,1289.0351,1384.6444,1139.2791,880.0247,1138.2319,1642.9843,1563.2083,1219.4294,1294.3702,1455.9402,1110.2900
