887.9994,888.0039,888.1173,888.1521,896.0908,890.3643,946.7677,940.3482,948.1256,941.5014,931.4559,912.7159,898.4393,888.1559,890.1785,901.4752,895.1729,890.2843,890.9930,891.3016,889.8875,888.2712,888.9760,889.4857,889.0973,889.3292,890.1547,889.3527,888.9614,889.3353,889.3417,888.4323
887.9732,888.1801,893.7925,926.7503,1849.8761,1220.3691,69091.5166,70904.7964,93865.7376,29118.1133,10034.1999,4557.4774,2362.2578,1001.2264,1065.4281,2776.8047,1823.6273,1145.6431,1220.6070,1279.0220,1115.1544,953.1826,1010.4501,1019.9804,980.9165,1017.0126,1119.7492,1046.5838,993.5837,1023.7925,1037.0542,952.9178
887.9693,888.2168,895.4895,1028.6269,3886.8963,1728.0458,87078.7356,27202.4161,33470.2197,40261.6050,75613.1792,18164.1801,3548.8912,1041.7969,1151.9255,4476.8579,2680.4215,1301.6111,1444.0127,1458.0575,1242.1920,1003.7522,1066.2261,1079.6672,1027.2398,1056.3564,1211.0154,1135.0241,1044.3446,1088.6935,1115.9280,990.8968
888.0584,887.6345,877.7699,959.1508,954.0974,1179.9010,1248.3210,8239.8339,2517.1269,3217.9068,3487.3354,2906.4895,1569.5633,1122.9479,842.2248,1111.4872,1448.8873,1006.3191,1018.8027,1039.8985,1017.4064,991.7954,965.8647,882.2264,877.3176,891.3982,940.5713,975.7127,931.9308,920.8978,950.9062,953.4765
888.0389,887.7691,882.2258,997.0641,1666.5066,1941.9650,83921.0382,325598.9427,159316.5851,142888.6140,87803.1093,24566.8060,6162.4667,1433.7352,1074.6181,3922.3569,3881.5633,1482.3097,1618.0932,1762.0521,1439.1897,1126.1587,1187.4780,1073.5736,1013.8661,1068.2598,1293.8670,1257.6639,1106.6872,1134.8797,1194.2761,1080.1175
887.9106,888.5693,904.7253,841.9277,1462.5287,885.6261,42474.5406,1527.3630,8426.6223,7331.0806,6151.3404,1772.0742,1282.0292,751.4413,1107.7067,1885.8710,1016.8140,967.2212,1010.1772,1018.6419,926.6204,830.8945,899.6891,1008.2920,983.9059,985.1591,1005.7648,918.8374,924.1635,961.2955,935.7896,870.2196
888.0646,887.5967,876.7422,981.1738,1216.8559,1211.6997,1270.7106,3843.9040,1116.9744,822.9080,1022.0716,1302.5426,1050.8974,1075.2227,795.0483,759.6874,1088.3440,917.5865,909.4916,914.2091,938.1299,967.5719,923.0476,843.2210,851.2661,857.5987,874.3775,921.2105,897.2932,878.3669,903.7746,928.8379
887.9210,888.5242,904.5639,905.2371,1512.7784,1802.1065,1989925.2028,3489035.1825,12706486.3726,10734258.6577,2017279.6342,213370.3838,25144.7480,1593.9205,1889.9838,34951.8140,12144.2537,2655.6220,3307.0964,3808.2297,2387.9746,1282.5353,1617.1106,1620.5320,1358.2496,1550.5384,2295.3973,1863.9458,1488.1014,1667.6415,1760.1395,1276.4306
888.0445,887.7367,881.4605,1011.2600,1872.3385,2164.2316,195802.2257,928118.6035,354959.3108,296549.0397,174696.1350,39844.4343,9013.3648,1599.8980,1135.5376,5345.7252,5202.0437,1670.7142,1852.5694,2062.7621,1611.9819,1190.1570,1275.7772,1130.6443,1052.0471,1125.9666,1424.2046,1368.4518,1170.5406,1209.0437,1285.9552,1132.7503
888.1443,887.1072,863.7474,1109.1607,1100.7412,2620.8700,17720.3631,5191516.9207,277743.9241,406167.6899,249667.7133,123693.6181,14755.4179,2274.0659,1024.4232,6209.8652,9688.2508,1995.3292,2246.9698,2522.2075,1980.7412,1434.6992,1455.8261,1109.1871,1015.1174,1122.4734,1541.0991,1586.3903,1264.0016,1276.2847,1434.4427,1273.8013
887.8636,888.8818,914.7513,852.2674,1511.9846,1348.6348,479306.4623,163799.1977,1671369.6612,3176296.6203,1244199.5275,103212.4009,13673.9522,1138.9564,1877.1672,25689.2045,7008.1646,2147.5424,2641.6575,2869.8771,1899.4471,1094.4738,1379.8006,1537.1523,1323.0212,1432.9666,1948.4995,1571.5138,1333.9710,1502.3040,1526.5990,1134.2866
888.0139,887.9283,886.8219,973.8153,1215.9063,1539.4548,28220.1541,552492.4798,303527.2396,408483.3194,183902.2476,63064.5061,9036.2250,1466.9488,1249.7120,9131.8696,6178.9720,1793.0426,2075.3938,2241.3643,1713.2865,1197.1216,1308.5152,1202.6891,1084.6455,1184.2145,1548.1955,1435.1632,1213.0579,1275.4214,1360.5435,1142.3398
887.9489,888.3333,898.1749,888.5682,1173.4458,1118.3205,25951.4797,62659.5015,130579.5965,144610.6875,71101.1476,19812.5456,4674.1628,1068.6390,1263.1234,6423.9197,3276.5992,1443.0398,1624.3701,1713.8033,1362.5380,1015.0255,1130.7100,1158.9609,1068.5399,1128.2115,1350.0700,1214.4711,1099.4001,1163.6780,1188.9935,1018.4598
888.0633,887.6172,878.0205,1025.3236,1139.3114,1844.5468,20673.5375,1582827.9325,348800.0234,439918.0150,217228.9019,88538.4379,11353.6102,1748.3079,1172.3102,8538.6842,7739.6147,1906.8423,2192.2936,2404.7633,1847.1910,1295.0357,1378.5935,1177.6099,1062.5362,1171.6934,1574.7206,1514.0361,1244.7361,1290.9476,1408.7044,1199.6389
887.9752,888.1626,893.0031,901.3941,1253.8498,1021.6326,5699.3987,8439.8946,10775.0803,11808.6759,9432.9671,4636.6469,1898.8057,943.9057,1030.0838,2293.8595,1607.2826,1082.5187,1144.4593,1165.9089,1055.0366,932.4523,974.6580,990.2887,959.0292,979.2613,1053.9873,1005.3511,965.7349,989.8606,998.2971,934.1352
888.0399,887.7493,880.9031,930.2552,894.8954,1020.4236,684.7713,2249.7201,1017.5152,1061.5346,1126.2987,1270.5499,1044.8512,1006.3035,834.3732,847.7341,1052.5783,918.1410,915.2959,921.2108,929.5937,939.6640,915.6786,864.7780,867.2969,872.5295,887.7163,915.8115,898.3562,887.5235,903.6184,916.7650
887.9981,888.0180,888.8692,910.6897,985.4199,1145.1244,8925.7581,36708.2976,32775.4103,37213.8225,21743.4950,9279.4758,3125.4620,1105.1329,1055.7368,3071.9266,2375.8058,1238.7578,1331.2019,1396.0392,1204.6398,1004.8105,1058.1772,1028.1319,979.9255,1017.8991,1155.4558,1105.4773,1023.2308,1050.8364,1078.3000,990.5456
887.9866,888.0859,890.5428,881.3888,923.1211,910.1025,2210.7335,2906.6356,3455.5642,3464.9356,2628.0411,1780.8494,1241.2220,903.4117,947.9612,1328.3220,1128.3789,960.7510,982.0117,993.7221,949.5390,900.4283,920.5311,930.4208,917.7510,925.5138,952.7991,931.5653,917.9369,928.1596,929.3785,904.0556
