944.7588,944.1550,942.0598,943.6991,947.8214,955.5298,954.2584,929.4695,954.6611,946.3085,936.4703,976.1966,932.3150,940.5603,936.3996,947.2072,955.2636,970.2741,940.7188,931.8035,960.4041,948.4273,974.3640,919.6076,946.7056,982.2868,896.4171,970.1940,949.6821,961.7398,933.8305,952.9709,935.0994,946.2483,949.3343,943.4019,944.5660,955.5173,951.5702,915.8235,981.1870,921.7724,948.6841,959.8043,952.1211,938.1038,942.1135,944.6325
946.6616,951.4446,968.3594,983.7443,969.9720,884.0796,937.4349,1062.3187,992.6342,1030.3783,1084.4290,784.2936,1090.5954,996.3947,1049.8805,1029.7971,999.6099,926.2167,1034.3261,1083.3309,962.4081,1068.7770,789.6274,1145.6896,1009.8815,737.3882,1506.7877,867.2348,969.6205,850.9252,1026.7161,894.5481,1035.6851,963.5407,955.7570,970.4651,969.6143,880.4476,905.5741,1183.2638,737.0464,1138.8099,925.2648,861.7944,914.5652,1008.5699,973.6301,951.0604
944.1220,945.1661,952.7579,1163.6871,1235.0208,1057.7463,1322.7628,945.0228,1711.2750,1362.0508,1208.2243,1268.3768,1177.8012,1012.1201,1064.2611,1378.0048,1547.2113,1873.2759,1174.6071,1030.7614,1464.5372,1530.4601,1203.5361,881.5118,1234.7053,1217.9111,1124.9732,1491.9336,1183.2495,1079.5975,908.4226,987.9896,976.7795,1064.1335,1151.6928,1001.8954,1050.2503,1012.1253,992.6445,867.0764,1134.5962,916.0860,981.6895,1067.4529,1052.4078,972.2440,966.5548,957.6305
949.6980,1032.4913,1248.4985,7558.0062,98707.9037,3010.6156,203237.3973,2077.0829,312959.3181,2055098.6117,1537359.0841,60051.4903,120171.5000,36152.0822,284406.0392,6165969.3209,57690796.5042,78912203.0954,790088.5719,295919.7753,67021140.0875,208632886.2763,39491.1522,1934.3750,4788814.8129,1348.3635,31454731.4075,6907658.2374,1197437.2903,11148.5742,1805.2755,1437.0277,30318.4694,63968.2420,220460.7479,11127.8024,18506.2465,1598.2798,2250.1675,14396.0272,3175.2003,22931.8839,3289.7744,8171.8577,16024.6194,18532.9056,7150.1502,2587.9523
945.0872,952.2895,976.2837,1485.5884,1399.4124,1088.3757,2233.5344,994.0465,2551.1924,2105.2128,2493.3864,1342.7109,1943.1824,1250.9551,1660.4703,3516.0567,4274.5121,6290.4846,1581.5278,1553.4415,3025.4153,4471.5247,1422.6659,996.6543,2275.4187,1108.3479,3199.7688,3173.6531,1877.0151,1199.6475,968.9461,977.3832,1259.6664,1454.7347,1739.5688,1198.1890,1359.2773,1001.5043,1017.1107,1094.3104,1066.3944,1229.2395,1022.7354,1164.1896,1194.4443,1184.4124,1083.9048,1002.2718
947.5098,968.3758,1018.7890,2434.7257,2246.6442,1297.7070,6678.7641,1237.0066,2572.5170,10815.0168,11314.1846,2325.9371,9776.7607,3181.4169,6318.2063,20996.4743,75576.9027,45419.9895,6210.9980,7445.9113,41839.4218,110102.2893,2273.6006,1293.3827,20863.4019,762.8227,87167.8138,25388.2315,11663.4700,1966.8046,1208.2618,979.1095,2920.0918,4081.4629,7919.3572,2113.1677,3070.6060,972.5207,1174.1803,2501.5457,1030.0275,3314.9960,1294.7235,1609.6694,1884.4744,2512.7727,1730.0654,1238.9151
943.0044,948.7831,959.7413,2056.5648,1832.0968,1366.0259,4012.0527,892.8234,2730.2700,6669.6451,3906.3002,2921.8068,4239.3872,1908.8618,2685.8763,7069.8718,21096.3290,16722.5396,3149.2367,2949.1975,14919.8693,24653.6115,2543.7900,790.5947,7537.6175,1595.8230,9740.0140,12755.8591,5361.0274,1946.4883,920.0145,1094.9925,1609.6927,2430.5844,4244.6442,1511.4774,2020.2987,1143.1111,1197.7233,1073.2023,1737.4901,1433.3251,1215.9509,1648.7981,1631.6491,1547.8321,1300.5425,1103.3838
947.4307,985.0385,1045.9839,3452.2500,6561.0562,1942.7313,40006.9237,1414.2452,17250.9403,75303.8152,125236.0329,6489.3726,22219.8873,8011.1024,33073.9328,382439.0112,1301540.5846,2166850.7804,24914.7279,30877.9300,818607.1869,2578948.1825,9127.3986,1258.4969,178818.7000,915.4526,802459.5261,317043.4479,71121.8319,4267.6068,1331.6555,1138.1153,7965.2531,13748.2957,28913.9965,4558.1301,7072.1305,1186.0463,1547.0905,4532.4611,1747.0241,7189.6124,1823.5282,3451.1296,4705.9080,5629.9722,3036.3139,1626.6634
949.3569,974.6325,1033.8712,2300.1378,1820.9433,1176.9052,7529.9772,1392.8787,2355.8663,5900.9639,12662.9302,1347.5679,9507.9147,2863.4031,6240.6823,22408.3913,51395.8088,48696.1732,3936.8235,6617.1152,22053.9095,73855.0268,1784.2138,1572.8984,14452.3448,560.0651,92864.5032,17971.6544,8187.5861,1614.4026,1299.8467,906.1824,3009.1463,3772.3638,6266.4128,2129.2297,3027.4506,887.9531,1092.0679,2940.3382,738.5245,3782.9905,1200.2923,1402.3771,1654.8147,2463.1523,1683.5558,1207.8030
950.9943,1048.0204,1209.2749,20371.2243,35388.4599,4862.0737,831781.9394,2324.0263,65344.7550,2270160.7192,5007830.5692,46602.6320,751976.7383,78376.9270,751017.1653,30887662.4210,583297972.6651,429878310.7918,494661.3888,847897.6667,183349958.6187,1642407043.6654,63765.0268,1824.5164,18197955.6685,763.2205,302705345.5290,41967138.7045,3718033.5777,23822.0748,2300.2097,1537.5984,64668.5130,188494.8205,934034.3167,23846.6153,60937.7958,1593.8748,3181.6995,26342.9560,4000.7183,63475.9031,4565.7616,13948.9946,21993.8939,38525.8878,12105.5287,3544.6861
938.9606,935.8125,899.7648,1965.6554,1855.4199,1808.8325,8600.9053,671.8229,2452.7744,4814.6832,5760.2019,4973.0362,4674.0848,2122.6723,3304.9389,15251.4619,50484.8226,73502.8466,2817.2957,3039.7548,27507.3793,49368.8291,5560.8945,484.4650,11515.0912,2872.3857,6620.8394,36788.8502,8037.1978,3157.8469,772.3940,1284.0823,1687.9333,3399.6735,6450.1422,1798.0963,2665.3836,1400.4981,1432.9443,715.6915,3548.7251,1178.4547,1378.2822,2502.1416,2062.8086,1641.1326,1392.4424,1158.6968
946.3417,955.4948,976.0297,1314.6513,1405.5575,1051.1612,2611.1927,1079.1999,1913.2199,2823.6052,3898.3109,1254.3694,2336.3613,1552.0730,2426.7669,5676.1662,8354.9206,10424.0786,2033.8059,2372.9388,6382.2443,10621.8752,1436.2055,1110.0743,4023.9136,827.1904,8294.8481,4810.4664,2905.5767,1230.6200,1050.4739,944.7167,1586.7697,1808.2450,2259.8213,1342.4918,1534.8791,944.3842,1010.5930,1461.2429,920.9822,1637.7018,1051.3133,1171.5278,1281.0344,1428.2530,1206.0412,1044.2540
945.1430,947.6672,952.0240,1086.2703,1120.3010,1006.4053,1459.0050,970.1541,1180.3233,1632.1591,1705.9095,1157.9508,1465.2276,1186.0056,1414.9329,2096.2170,3029.0994,2836.7923,1382.0660,1445.0960,2640.3664,3403.4175,1178.1902,962.9053,2001.9471,946.7814,2693.5342,2203.2099,1692.2124,1100.1710,969.9051,958.6532,1162.0173,1270.2673,1480.7903,1092.4457,1173.4019,960.5648,985.3464,1086.6533,999.1937,1158.7189,999.3591,1060.4525,1088.2153,1123.5156,1047.1470,987.2468
943.2924,948.8668,954.5284,1813.7871,1855.7129,1365.3996,4332.5260,893.8826,2390.6634,6614.4288,4978.9162,2947.2773,4336.7788,2103.0880,3218.0555,9420.3402,29097.9999,23330.7197,3533.9978,3506.6359,20917.3159,35643.8023,2707.1028,800.7621,9733.4281,1429.1004,13240.4057,15605.2650,6555.1314,2024.4159,943.0595,1090.3239,1793.8946,2718.1691,4786.5844,1604.2716,2144.7705,1128.0089,1206.2616,1192.3678,1708.2790,1598.4663,1240.0684,1695.4108,1721.7436,1689.4524,1372.5922,1128.8059
947.9998,962.1606,1000.8438,1516.6661,1346.9579,1001.9622,2610.2666,1209.4001,1494.8532,2987.3804,3824.3353,1078.5807,3545.5833,1723.5192,2636.3225,5205.5503,9817.8390,7532.3212,2252.5403,2892.8242,6033.2418,12628.2675,1158.7117,1345.8069,4608.5255,641.2466,16154.8013,4722.2790,3224.0836,1161.9207,1151.9402,897.1737,1754.1059,1929.8492,2675.2136,1406.5879,1695.8171,878.7749,984.0741,1867.3991,729.5349,2075.7438,1048.2804,1077.4110,1223.4500,1573.3120,1268.6803,1064.3603
945.0290,947.6299,951.2474,1109.6899,1151.9046,1024.5820,1578.1108,964.9182,1229.5133,1800.0133,1875.4818,1222.4962,1568.3346,1233.5970,1509.4255,2392.5242,3633.8473,3403.6234,1460.7073,1545.0747,3120.5483,4113.3241,1247.6873,950.6704,2264.2558,967.2687,3067.2955,2551.7455,1873.1441,1143.4238,968.0604,966.0173,1199.6470,1340.2001,1604.2555,1121.0236,1219.8932,969.6067,997.2042,1095.4836,1032.2985,1185.7770,1012.5059,1093.4005,1122.3606,1155.3495,1065.8313,995.3922
