812.9999,813.0006,813.0157,812.9160,813.0400,812.7697,814.0011,811.9705,813.4589,813.3535,813.1038,812.6902,812.8524,812.7814,813.1396,813.2628,812.7976,812.9725,812.9877,812.9806,812.9452,812.9039,812.9594,813.0671,813.0564,813.0490,813.0300,812.9642,812.9928,813.0192,812.9875,812.9498
812.9998,813.0010,813.0279,812.8509,813.0709,812.5913,814.7772,811.1731,813.8140,813.6269,813.1836,812.4499,812.7379,812.6120,813.2477,813.4664,812.6407,812.9512,812.9781,812.9656,812.9028,812.8294,812.9279,813.1191,813.1000,813.0869,813.0531,812.9364,812.9871,813.0341,812.9779,812.9109
813.0001,812.9994,812.9842,813.0848,812.9607,813.2327,811.9963,814.0423,812.5402,812.6453,812.8970,813.3135,813.1493,813.2206,812.8593,812.7354,813.2045,813.0278,813.0125,813.0197,813.0553,813.0970,813.0410,812.9324,812.9432,812.9506,812.9699,813.0362,813.0073,812.9806,813.0126,813.0507
813.0002,812.9989,812.9686,813.1679,812.9205,813.4606,811.0094,815.0693,812.0927,812.3030,812.7997,813.6235,813.2968,813.4371,812.7215,812.4772,813.4059,813.0553,813.0251,813.0393,813.1098,813.1922,813.0813,812.8661,812.8876,812.9023,812.9405,813.0718,813.0146,812.9618,813.0251,813.1005
813.0002,812.9989,812.9680,813.1717,812.9197,813.4710,810.9681,815.1136,812.0714,812.2850,812.7935,813.6361,813.3028,813.4467,812.7153,812.4651,813.4144,813.0564,813.0255,813.0400,813.1121,813.1964,813.0830,812.8631,812.8850,812.9001,812.9391,813.0733,813.0149,812.9609,813.0256,813.1026
813.0001,812.9997,812.9903,813.0518,812.9761,813.1420,812.3877,813.6361,812.7197,812.7838,812.9373,813.1914,813.0911,813.1346,812.9141,812.8386,813.1248,813.0170,813.0077,813.0120,813.0338,813.0592,813.0250,812.9587,812.9653,812.9699,812.9816,813.0221,813.0045,812.9882,813.0077,813.0309
813.0000,813.0001,813.0029,812.9845,813.0095,812.9577,813.1975,812.8151,813.0933,813.0716,813.0243,812.9450,812.9737,812.9593,813.0262,813.0504,812.9631,812.9951,812.9980,812.9967,812.9900,812.9821,812.9925,813.0127,813.0106,813.0093,813.0058,812.9935,812.9988,813.0037,812.9978,812.9907
812.9998,813.0011,813.0312,812.8334,813.0837,812.5437,815.0081,810.9611,813.9185,813.7042,813.2086,812.3855,812.7070,812.5657,813.2775,813.5229,812.5981,812.9454,812.9756,812.9616,812.8912,812.8090,812.9194,813.1334,813.1120,813.0974,813.0596,812.9289,812.9856,813.0383,812.9753,812.9002
813.0000,813.0002,813.0047,812.9752,813.0146,812.9329,813.3186,812.7177,813.1599,813.1266,813.0484,812.9186,812.9608,812.9356,813.0421,813.0830,812.9433,812.9928,812.9976,812.9957,812.9846,812.9718,812.9884,813.0204,813.0171,813.0150,813.0097,812.9900,812.9983,813.0062,812.9969,812.9854
812.9998,813.0012,813.0334,812.8214,813.0859,812.5107,815.1360,810.8167,813.9809,813.7558,813.2239,812.3432,812.6870,812.5352,813.2970,813.5599,812.5702,812.9417,812.9740,812.9590,812.8837,812.7956,812.9138,813.1428,813.1199,813.1043,813.0639,812.9240,812.9847,813.0410,812.9736,812.8932
813.0001,812.9991,812.9750,813.1349,812.9483,813.3727,811.4910,814.7265,812.3526,812.5107,812.8954,813.5308,813.2513,813.3504,812.7797,812.5982,813.3342,813.0473,813.0240,813.0357,813.0904,813.1543,813.0664,812.8947,812.9114,812.9235,812.9551,813.0592,813.0130,812.9711,813.0219,813.0810
813.0007,812.9959,812.8824,813.6408,812.8307,814.7715,806.0717,820.9873,809.8014,810.4481,812.3325,815.3844,814.1286,814.6451,811.9565,811.0584,814.5356,813.2107,813.0984,813.1513,813.4150,813.7237,813.3067,812.4988,812.5794,812.6351,812.7794,813.2717,813.0563,812.8580,813.0966,813.3781
812.9996,813.0027,813.0761,812.6486,813.7672,812.0885,820.0500,808.6849,815.9322,814.8102,813.7252,811.6055,812.3100,811.9540,813.6765,814.3126,812.0430,812.8721,812.9485,812.9111,812.7406,812.5419,812.8063,813.3252,813.2757,813.2405,813.1501,812.8311,812.9674,813.0952,812.9448,812.7596
812.9977,813.0145,813.4141,810.9908,816.0789,807.8402,850.3932,793.9227,832.8861,828.3130,821.0331,808.0089,810.4623,807.4820,816.8145,821.2895,808.6792,812.5629,813.0332,812.8835,811.8242,810.5937,812.0791,814.8809,814.5683,814.4060,814.0144,812.2456,812.9270,813.6440,812.8407,811.7727
812.9988,813.0073,813.2117,812.1451,816.4133,811.2514,843.6108,814.4624,834.0002,830.4153,825.4249,815.5853,813.8874,810.5189,815.1649,819.3573,812.4086,813.2448,813.6013,813.5845,812.8295,811.9594,812.7691,814.1450,813.9331,813.9000,813.8799,812.9186,813.1536,813.5517,813.1887,812.5250
812.9956,813.0341,814.3263,837.7536,1114.5427,1105.8223,20495.1022,22466.4000,22329.6187,22755.3622,16265.1985,5723.8734,2461.0534,975.5408,943.7240,2202.3051,1809.6607,1068.1957,1130.5106,1182.7605,1040.6591,894.9429,937.5931,919.8767,887.3451,911.9436,1008.8323,970.5883,912.5817,933.7019,950.9841,887.4482
813.0117,812.9336,811.4997,871.3917,1462.6505,1165.7774,28847.4332,19176.8746,16361.6898,8556.6368,5171.6811,2713.1870,1634.2227,949.0905,860.1906,1441.7587,1356.0595,954.8251,984.9303,1016.3236,947.3662,877.0385,889.3575,860.1336,845.9653,863.2327,919.0883,906.2589,869.8855,876.5931,893.0979,862.7793
813.0030,812.9828,812.5888,826.2158,940.8287,873.1526,1788.0643,1361.8681,1315.6275,1178.1367,1172.7403,1004.7297,897.5070,832.1616,816.3003,876.5320,874.7230,829.8360,833.1859,835.6237,829.3516,822.5705,822.4162,817.3197,816.1870,818.0318,824.6282,824.5076,819.7707,820.0800,822.7397,819.7168
813.0026,812.9900,813.0538,842.0354,1012.5144,1120.7032,12449.5650,24590.2698,23263.3274,26770.4314,17544.7546,6903.4744,2589.9905,1003.4965,938.2935,2288.9652,1936.9289,1088.1903,1156.1691,1209.4298,1061.7710,908.7839,948.9816,920.1579,885.6456,912.3931,1017.8341,984.2804,919.3600,939.3563,960.9740,896.5077
812.9773,813.1619,818.7053,884.9488,1751.7343,1436.0677,346216.3232,1894019.0815,2454452.0763,707602.4977,134303.4302,42218.7063,8451.1289,1267.5084,1254.8088,11131.1491,5547.3954,1683.0778,1955.3229,2176.3148,1593.1907,1065.9859,1211.1441,1162.2854,1032.2790,1153.2670,1522.2984,1334.0882,1133.9467,1211.7245,1280.3639,1036.6353
812.9928,813.0635,815.8083,942.3015,3764.0854,1493.6544,141969.2851,37601.1560,40342.6290,6725.4037,3829.8996,1996.1126,1332.6140,882.7551,876.6545,1494.7665,1157.3639,912.9813,944.7125,960.6676,905.0868,851.7011,863.1194,861.6582,854.7741,870.7254,909.6075,878.7008,856.4526,866.8822,878.4029,841.2719
812.9650,813.2366,820.7177,842.4255,1411.9539,1469.5597,576876.3208,854187.7481,1558847.2967,1112926.3300,241711.4093,49246.9225,9748.9952,1274.0062,1309.0031,11214.3692,5599.7268,1730.0644,2022.8565,2265.7561,1618.3113,1055.3510,1226.3925,1197.4783,1064.6221,1173.6618,1551.1057,1349.7276,1148.0658,1234.9953,1291.5358,1041.9363
813.0613,812.6172,802.2803,887.9903,891.1414,1098.6090,1290.9899,13904.0582,3585.3764,2996.1914,2441.9767,2573.9923,1430.3751,1052.7888,759.3359,1025.2267,1363.2942,924.5961,935.1642,956.9004,938.9096,918.5914,889.1493,802.0367,797.4591,813.4848,861.7504,898.0198,854.6871,842.2690,873.5468,877.9679
812.9547,813.3039,822.7757,855.4901,1395.5449,1284.1426,241211.2629,1034462.3122,1948558.9167,1374847.4551,331109.4888,80155.3322,10751.8368,1252.4509,1396.5825,16552.5902,6857.2375,1871.6813,2251.5493,2470.3206,1739.0255,1087.7209,1271.6424,1254.4847,1090.1215,1221.6470,1669.4647,1427.8942,1192.6574,1296.7407,1369.1601,1065.3618
813.0121,812.9403,812.1982,894.3941,1085.7546,1537.0781,52876.9872,1277453.5856,707358.1085,800401.7312,312263.5019,87958.2725,11559.1298,1466.0743,1224.4391,11214.1316,7318.4443,1843.7661,2163.9291,2387.1120,1746.8589,1149.8387,1283.7672,1167.2177,1034.0989,1146.4693,1562.0976,1426.2342,1175.2981,1247.0520,1340.3497,1093.6400
813.0226,812.8681,809.8135,881.1984,1056.2096,1274.3019,20168.5932,260392.5748,128819.7649,116851.7767,48954.7174,23282.1485,5018.2153,1229.2872,1013.5793,4767.6086,3723.7053,1370.7089,1524.3704,1633.9318,1332.7023,1026.2832,1087.1761,999.5466,928.0211,995.4053,1220.6925,1161.7895,1020.6722,1053.7685,1112.2033,983.7652
813.0080,812.9645,812.8176,889.4874,1349.7431,1399.3597,113727.5051,955745.6778,629859.4905,390297.7787,100789.3953,41010.5268,7451.2939,1318.5783,1134.1365,8072.7849,5160.4300,1589.9982,1826.0991,2001.1549,1527.3512,1077.0571,1181.6548,1091.7126,985.7917,1086.7029,1408.4968,1287.8195,1098.6053,1154.3910,1228.0053,1031.8404
813.0472,812.7139,805.4577,907.1490,973.9120,1430.7275,10091.2749,348007.4921,97025.3761,126645.2689,70952.0388,32916.8416,6080.0667,1362.4001,989.2748,4769.5738,4410.6858,1443.0043,1607.5353,1729.5628,1409.0134,1078.0824,1127.2462,995.9634,923.7557,993.1361,1242.2759,1209.2087,1041.9989,1069.5098,1143.3603,1016.3306
812.8873,813.7187,834.2693,749.5396,1139.3612,780.9063,51194.0475,14922.4064,124100.1744,108396.1159,41491.0881,9172.6845,2933.7187,758.1917,1262.9499,6081.9177,2060.0726,1193.3444,1344.0808,1397.5595,1105.9349,824.6062,956.1265,1089.9598,1005.5819,1047.4363,1198.2290,1021.4136,966.1632,1041.9457,1028.1581,866.0156
813.0814,812.4939,799.0043,923.9882,922.4002,1405.0671,2429.1758,71815.5219,11074.4955,17887.6088,18835.9126,11603.6916,3251.0100,1288.4193,812.9979,1892.7443,2609.3399,1147.5993,1205.6572,1267.7665,1151.6419,1020.6104,1003.2941,862.0400,836.2077,870.4626,1000.6473,1039.7669,935.3836,929.7171,987.7916,954.7267
812.9925,813.0500,814.5731,817.6926,886.5708,884.5384,2528.2591,5022.4646,5179.3656,5444.8985,4018.3509,2502.4000,1394.5021,866.8899,882.1659,1472.8792,1228.7738,927.2397,958.3285,975.8934,914.2834,845.8995,867.5960,866.5850,849.1695,861.8935,906.1011,883.9499,858.9125,870.4089,877.2893,844.2527
813.0445,812.7272,805.6364,886.4853,910.4817,1255.9233,6065.4029,115371.2118,37214.6320,40988.5512,24362.6960,13561.9442,3687.4070,1208.7999,908.1474,2872.6703,2864.2539,1218.5594,1312.0614,1391.4493,1202.7126,1001.4957,1025.2107,923.5555,878.4440,925.1601,1086.2395,1075.4429,964.7279,978.0935,1029.7812,954.8883
812.9667,813.2252,820.3374,838.4207,1117.3675,1443.5829,187618.5134,600185.2598,972466.7193,1122304.4149,374743.7326,66779.2488,10868.5213,1292.7216,1333.1190,11935.4992,6165.2508,1794.9123,2109.3257,2341.6284,1667.0796,1071.5399,1246.2849,1214.7618,1076.3223,1177.5129,1572.8942,1381.1860,1163.9640,1254.6187,1314.5237,1056.2621
813.0000,813.0049,813.4314,833.0968,902.0311,1023.0789,8392.9073,29332.9805,25666.0188,26282.4383,14107.9212,6805.5477,2530.1368,993.3147,944.8479,2505.0564,1980.8523,1094.1383,1167.4482,1220.3983,1068.6002,909.3189,951.3747,924.5800,885.7248,917.8927,1028.8882,988.8419,922.4313,944.0464,966.9500,896.7237
813.0286,812.8294,808.6499,877.0010,942.6863,1320.6988,15552.4016,203126.7875,92182.9574,107654.4913,54376.4347,22421.2215,5126.5227,1251.0318,997.0618,4234.6402,3639.5134,1358.9584,1499.3115,1612.5837,1321.4713,1026.4955,1083.8849,989.3718,923.5004,983.5886,1199.4164,1154.1567,1015.0636,1044.5577,1101.1334,984.2524
812.9309,813.4579,827.4960,835.0299,1335.1936,1513.0786,1201901.9458,3062873.0699,9701171.5121,7921491.4694,1407148.3527,190918.2128,20783.8835,1425.7980,1693.5444,31879.6015,10875.7410,2381.5366,2977.1005,3386.2277,2153.8263,1173.0873,1462.3911,1460.3293,1221.8046,1402.4174,2070.8969,1686.2310,1348.7936,1507.5790,1597.4833,1159.9941
813.0373,812.7722,806.8882,877.0033,985.5113,1272.8230,13280.5966,75937.2667,33392.5530,33662.8871,19067.3669,9413.4059,3187.1367,1154.1206,896.7904,2367.1619,2403.9291,1153.0717,1226.5664,1300.6215,1138.2496,969.7392,993.3839,908.9098,872.5698,910.3621,1043.9862,1033.2797,941.9372,953.4539,994.6171,933.3562
813.0049,812.9733,812.4641,834.6422,887.2781,980.5207,3947.5642,16087.5969,12414.7376,13047.2945,8473.6959,4758.7512,2008.7588,958.9793,902.7839,1969.4781,1667.9232,1022.8241,1075.3814,1111.6992,1006.0056,891.2487,918.3412,892.0957,863.8080,887.9817,970.8591,946.2746,895.1213,909.5338,928.7651,878.5943
812.9792,813.1317,816.7957,796.1925,852.3149,776.1064,1397.9517,844.9873,1275.0817,1228.5368,1090.4740,886.4205,839.1923,770.8542,853.9825,948.3816,811.0229,819.9322,827.0136,827.1046,812.2421,795.2982,810.1418,834.8747,830.4625,830.2100,830.8757,813.1441,816.7782,824.1943,817.7743,805.2858
812.9843,813.1023,816.1172,811.2231,876.7877,901.2070,4990.6142,9591.0744,11739.2560,11762.4338,7175.3419,3651.2808,1769.5499,886.1535,927.7981,1921.7612,1458.0318,989.0074,1037.9569,1068.6626,966.8687,857.9214,895.4523,899.5416,871.7506,891.2749,959.4334,920.5229,883.4299,902.7238,911.1706,858.5418
812.9896,813.0668,814.9953,809.4239,860.8696,846.1356,2696.3208,3007.8086,3510.8926,3303.9400,2391.5048,1607.7424,1148.7012,833.6460,865.0107,1201.8082,1037.1163,880.7195,899.6340,911.6193,871.0599,826.6386,844.1853,850.6315,839.4339,846.8241,872.3217,854.0165,840.8685,849.6466,851.4309,829.0354
813.0321,812.8010,807.5133,858.3341,886.3816,1034.9149,2952.1472,16542.0138,7602.7717,6825.0742,4533.7625,3424.0804,1707.3917,1003.7816,829.0063,1421.8893,1501.5034,971.5634,1001.6083,1032.4375,970.8470,903.1443,903.2330,846.4553,830.5593,850.7905,915.2904,920.9770,874.4287,875.2766,900.1483,877.5303
813.0026,812.9878,812.8854,832.2696,892.7021,982.4311,5464.1837,19261.6868,15938.4369,15075.6208,8735.8536,4812.3676,2067.1139,960.1962,911.0278,2041.2840,1694.4765,1031.1990,1086.1061,1126.4220,1012.9555,891.5246,922.1608,897.8045,867.8378,893.5299,979.8820,951.0728,898.6971,914.5809,933.5525,880.0033
812.9715,813.1890,818.9428,824.4778,1003.4109,1072.7888,26428.3898,93268.5857,132896.0178,132107.9049,55592.2211,17942.6026,4453.6184,1042.3668,1115.0625,5424.8810,3126.6037,1329.6884,1488.5236,1584.9392,1266.1243,951.9005,1048.4393,1043.6044,964.2300,1023.1608,1230.6709,1122.5502,1009.3652,1061.1841,1092.3334,945.0542
813.0135,812.9230,811.2581,857.7662,940.6070,1204.7768,15655.3194,119177.5600,73259.5259,78818.8282,38817.3541,15980.2583,4244.8992,1152.3539,998.5882,3849.2938,3064.0857,1282.7738,1405.8995,1501.5319,1245.2229,984.8646,1044.0100,979.5246,919.1146,971.9993,1158.2667,1105.5421,989.8643,1020.2544,1064.1248,955.8069
813.0024,812.9874,812.7966,825.9755,856.5743,931.5746,3269.1403,8664.5032,7369.9808,7595.2727,5153.0644,3098.3849,1614.5890,915.0501,878.9008,1569.7317,1379.9399,960.4387,996.1351,1022.6736,948.2060,867.0873,887.5717,870.4094,850.3982,867.2537,925.0707,906.8594,871.4209,881.9447,894.6939,859.2043
813.0077,812.9524,811.6835,823.2095,821.6968,862.6134,1157.1248,2045.8993,1665.8483,1695.7425,1486.8888,1274.4356,1005.7619,857.0586,818.3570,957.0872,962.4952,852.0817,859.3568,866.2847,851.3860,834.6611,835.2365,822.1228,817.9925,822.8043,838.6611,839.6371,828.4427,828.9037,834.6792,828.8894
