1052.0835,1052.0613,1052.0185,1051.9766,1052.2296,1052.7154,1050.3593,1053.0241,1051.6370,1053.2400,1050.9095,1052.9335,1050.6608,1051.6571,1051.7194,1052.8686,1052.7321,1052.4941,1051.1167
1052.1904,1052.1413,1052.0513,1052.0262,1052.6177,1053.6860,1048.3044,1054.3972,1051.3029,1055.0263,1049.6389,1054.3122,1049.0557,1051.3748,1051.4521,1054.0583,1053.6899,1053.3343,1050.0881
1051.8363,1051.8807,1051.9703,1052.0925,1051.6236,1050.6547,1055.2614,1050.0386,1052.8010,1049.7463,1054.2768,1050.3697,1054.7250,1052.8429,1052.6437,1050.3888,1050.5894,1051.2646,1053.8412
1051.5118,1051.6568,1051.9788,1052.8831,1051.3093,1048.0768,1061.9432,1046.5666,1055.3880,1045.7109,1058.7198,1046.8903,1060.4411,1054.3524,1053.9239,1046.9997,1047.7359,1049.3951,1057.4432
1052.2011,1052.1731,1052.1844,1053.1429,1053.5659,1054.0939,1048.5009,1055.3399,1053.1591,1056.3738,1049.7363,1054.5754,1049.6160,1051.5378,1051.6809,1054.0936,1053.7491,1053.3775,1050.1784
1052.0665,1052.0526,1052.0364,1052.1649,1052.3662,1052.6590,1050.7749,1052.9541,1052.0225,1053.3014,1051.2870,1052.9516,1051.1133,1051.9162,1051.8985,1052.7694,1052.6019,1052.6155,1051.4236
1052.1202,1052.0889,1052.0296,1051.9855,1052.3517,1053.0443,1049.6500,1053.4946,1051.5198,1053.8193,1050.4502,1053.3654,1050.0907,1051.5251,1051.6082,1053.2589,1053.0562,1052.7328,1050.7411
1051.9782,1051.9920,1052.0400,1052.3901,1052.2744,1051.9429,1052.5775,1052.0123,1052.7447,1052.1581,1052.4393,1051.9218,1052.6386,1052.2573,1052.2138,1051.8031,1051.8123,1052.0051,1052.3595
1052.0976,1052.0764,1052.0486,1052.2040,1052.4876,1052.9336,1050.1805,1053.3686,1051.9665,1053.8032,1050.8824,1053.2885,1050.6401,1051.7825,1051.7982,1053.0808,1052.8706,1052.7770,1051.0948
1052.0682,1052.0545,1052.0396,1052.1907,1052.3644,1052.6484,1050.7389,1052.9888,1052.0601,1053.2519,1051.1737,1052.8157,1051.0520,1051.7810,1051.8318,1052.7080,1052.5949,1052.4318,1051.3302
1051.7928,1051.8553,1051.9956,1052.4070,1051.7388,1050.3523,1056.2266,1049.7227,1053.5036,1049.3756,1054.8815,1049.8527,1055.6009,1053.0174,1052.8308,1049.8822,1050.1900,1050.9148,1054.3206
1051.7336,1051.8362,1052.1171,1053.5639,1052.5962,1050.2607,1057.8935,1049.8570,1055.7322,1049.9796,1056.2350,1049.7564,1057.4497,1053.8214,1053.4758,1049.3912,1049.6894,1051.0483,1055.3690
1051.3895,1051.8414,1053.4696,1065.7050,1062.3028,1051.7532,1069.6259,1054.6499,1078.1667,1060.1847,1066.0642,1051.4274,1072.3450,1060.7238,1059.1204,1046.9119,1046.8282,1053.6195,1063.2184
1054.0957,1053.7274,1053.7743,1062.7679,1073.0406,1079.4113,1018.4595,1086.7452,1061.5167,1116.1850,1048.8626,1109.7967,1036.2887,1073.8978,1061.5474,1089.7247,1074.4866,1103.7892,1048.5825
1049.7651,1050.3720,1051.9781,1057.1018,1058.9656,1044.0923,1104.3925,1029.3248,1068.7963,1055.2122,1122.5220,1078.5783,1109.8358,1107.9363,1082.8683,1054.0348,1039.1863,1102.1542,1104.2433
1070.0788,1068.4931,1074.4613,1105.5082,1255.5250,1406.4011,819.1547,1429.3606,1219.6618,1701.9129,1097.4461,1753.0836,933.1608,1371.1386,1168.2887,1520.7228,1283.8722,1720.2634,1066.6070
1090.7955,1132.1147,1452.1052,7218.2826,18453.0432,13482.7259,3735.6928,11814.6648,26570.6012,419498.3671,84948.1127,310241.3493,77764.8672,142813.4685,33883.2926,28312.2984,4971.3698,879044.6444,48492.5874
1177.4194,1191.5516,1549.5150,10020.5983,27645.8599,10036.4770,1379.7856,16228.9293,17201.3585,2934224.7940,58204.1252,2210339.2447,7537.3597,250784.3538,91362.0494,68457.5509,6421.6293,1460289.7196,53038.2312
1059.0762,1055.1211,1187.1080,1971.6265,8121.7696,8599.8762,4056.7877,2000.6931,3550.7834,68285.2389,106994.1830,257547.2595,34737.1632,179343.1498,29581.1680,30375.2208,4152.4709,620492.0145,49891.3102
1202.0493,1296.7578,2087.3864,36283.0119,164998.6781,75734.2208,1533.1058,40395.0173,113006.4228,320226.5117,17541.3805,102234.2263,36176.3463,79990.2852,8410.4317,39541.6023,7307.8861,115667.7609,6442.4705
1095.3394,1004.4717,1185.0795,3050.9623,110716.6052,91055.3199,31172.8950,3518.7984,1732.3687,18212490.1148,52433136.9542,315363445.0445,2612247.5037,185753811.5798,4230067.4612,3232344.3295,34948.7852,1975824908.2794,14205719.2138
1328.2041,1177.3473,1526.1845,7572.4610,209566.7790,409966.5453,4020.9664,96686.8567,5056.6650,11958884271.3064,47171729.3288,66356439256.7822,548521.7233,637125002.1432,33658156.5609,43905799.5124,160250.3246,103870637652.1042,26767994.1227
1219.2015,1075.3951,1242.3521,3225.1839,195421.5129,317331.6831,7146.7148,14579.0393,1396.5905,337688082.3060,45768560.7064,4445268750.4659,1039989.3107,431071637.0698,9595222.1880,20154540.8997,105827.9190,17065787888.6696,16198026.4641
1174.4234,1083.1138,1296.6922,3660.2703,56987.6864,102259.8138,9036.8602,16054.6387,3001.0881,218170315.1136,15006333.9856,1356794675.4830,501825.2246,77181714.6029,5161581.0369,3593064.1188,38150.4894,2893397339.9219,7284553.3655
1045.4561,1046.6385,1067.6845,1213.2411,1648.6005,1539.3468,1493.9084,1120.0697,1326.7996,2885.3425,3564.2084,4288.3594,2568.4675,4319.9506,2321.2103,2312.6182,1306.3977,6214.6451,2840.3779
1105.7263,1080.1652,1109.8262,1753.4452,8321.0644,8128.0641,1070.0175,2939.8265,1394.6102,41328.0585,27390.5584,124556.1142,7755.2463,84222.0497,11948.4348,34230.2488,5083.3673,260099.2461,15308.3037
1105.8155,1039.7642,1247.9722,2929.9374,35593.8059,54801.3671,18012.3938,7016.3951,3004.1270,44403730.8983,14286665.4646,310520898.7797,820729.1041,42524391.5046,3326889.0654,1305149.1833,20233.3906,935708252.7493,6584624.1952
1094.9332,1079.2036,1086.7105,1291.4863,2622.6036,3026.0112,800.8118,2143.8834,1162.3846,21338.6600,5763.8100,33721.0589,2087.1845,12199.7116,5106.5075,7989.8837,2528.5817,35787.6217,4723.7138
1065.0685,1045.8811,1087.2081,1383.8432,5080.3868,6266.5905,2428.7965,1912.4113,1222.6033,83126.8924,54067.5694,238227.3687,15182.1021,107931.9875,23092.2657,24479.8388,3566.7824,425200.0933,33234.8362
1049.4870,1044.8987,1066.7650,1199.3124,2101.8912,2054.2341,1694.8248,1171.6093,1216.7354,8586.0347,8407.8733,16472.2315,3810.0089,12336.8176,5100.6936,4778.6862,1689.7998,24398.4154,6420.7414
1072.2057,1059.3984,1170.8578,1923.6916,5135.1441,6797.8890,3212.7368,2764.2297,2565.0530,343657.9628,100605.8855,793835.9862,25969.5625,175019.1245,61858.1579,31635.2552,3939.5205,1431463.4414,77113.2620
1126.6950,1101.6316,1115.8402,1690.2762,6485.4123,6905.7777,573.9913,3511.5758,1326.8061,25421.4381,9033.4361,54660.6276,2981.9832,30870.0936,5758.0897,22278.9148,4547.4251,87620.4439,5797.5719
1067.2431,1047.2550,1135.4901,1953.3585,11030.1107,12840.2811,3736.3864,3081.5531,2070.2683,238624.9039,174941.4654,742434.7713,52567.1069,374657.6605,54147.0723,57345.5893,5525.8165,2075784.7022,93851.6699
1068.8228,1059.3286,1070.9405,1250.0678,2440.3139,2338.5108,1162.3644,1426.7380,1156.3316,7646.5369,6259.6255,14844.8898,2708.1817,11174.7682,4010.3412,5662.0540,1986.9695,20213.7109,4609.5556
1045.2155,1038.8331,1070.9998,1256.1207,3066.3583,2888.6949,2240.3707,1238.2954,1285.5543,12670.3438,18586.5378,31545.7975,7525.8519,27994.4427,8390.7565,8030.1353,2100.7380,62208.4008,12280.7262
1128.0815,1066.8252,1128.3999,2100.1078,30681.0221,32681.6054,2426.3370,3897.9857,1145.6148,953422.2854,565344.7879,6223002.6139,57398.7354,2690878.6518,156076.7747,406112.5402,15745.4502,18730822.3767,248988.6496
1076.2147,1030.7767,1111.5528,2034.8733,21844.7718,17967.4024,5974.8384,1998.0801,1375.0305,544912.8665,942166.6056,3857422.8743,101126.0291,2855315.2088,184170.2717,219759.4150,9581.4770,12560674.2411,384604.1924
1221.9289,1116.8215,1173.0734,2533.0807,58782.0699,85118.2665,1095.9675,9707.6647,1056.1398,14978349.3729,1027942.7883,93856901.8639,43532.7016,10208436.1948,486448.7863,2325058.8353,43530.8052,192808560.0085,490625.7411
1062.5911,1025.7686,1115.9369,2225.5035,23341.0134,13427.6664,7131.9317,1697.8623,1633.1790,272806.8839,867039.0086,2044034.6402,94755.6583,2245530.3944,149680.9899,156782.4869,8038.7736,7096416.3077,337549.0362
1051.7229,1051.7614,1058.9497,1101.1615,1248.5892,1264.1160,1159.8635,1126.4832,1139.3713,1939.4206,1730.8428,2281.2952,1444.4328,1938.2578,1511.9755,1507.4058,1165.4918,2591.6548,1602.6682
1045.6463,1046.4166,1052.6338,1077.4572,1182.1353,1136.7337,1269.1202,999.2697,1098.9208,1517.2018,1751.6376,1870.3036,1471.4625,1865.5879,1459.2145,1362.7697,1091.7738,2155.0344,1603.4950
1046.6126,1043.8459,1057.5272,1142.5828,1733.4564,1645.5152,1540.1255,1069.8836,1130.0945,4260.8714,4987.8626,7440.1733,2771.5686,6587.0580,3161.8023,3081.7173,1433.7395,10330.8298,3899.0959
1061.6139,1055.2899,1060.2657,1121.1118,1698.3960,1811.9255,1129.1787,1281.0543,1052.8013,4846.9147,3624.9955,7613.3775,2105.5682,5224.1759,2757.8528,3216.5786,1572.4171,9881.8675,3022.1239
1059.5987,1056.1019,1056.1196,1078.7176,1296.0377,1358.4461,1008.7075,1188.8278,1036.6750,2259.9844,1767.8588,2831.3947,1336.2993,2195.2278,1597.1242,1793.9408,1279.7263,3183.6544,1628.8093
