1071.0226,1070.9363,1071.0579,1073.2135,1072.9412,1121.6235,1504.2325,1089.3085,1568.3925,1434.1507,1179.5717,1110.3745,1105.1437,1274.5672,1284.7472,1256.2016,1160.9682,1091.3086,1240.6034,1191.8187,1098.3160,1090.9198,1093.7229,1106.3622,1096.8081,1073.8184,1077.6629,1081.1601
1071.3710,1069.9518,1072.0931,1119.6166,1177.1108,3575.9665,7684.2352,1268.3913,8225.0332,5697.6655,2802.0829,1463.6352,1467.6909,3574.3511,3200.9809,3384.1500,1975.3646,1422.4678,2661.4452,2755.8878,1286.8677,1350.6467,1335.7526,1560.1080,1346.4870,1156.6894,1146.3847,1185.2106
1070.3245,1072.9406,1083.1673,1701.1187,3463.4762,71224934.8717,76415749.2323,4892.6296,551867.8305,700894.2652,194978.5059,10737.3943,93662.0640,29244.7885,130436.9171,69137.8431,51296.8583,97151.7482,145529.2546,266279.0434,9530.8245,2368.6474,5110.1374,5406.0272,19511.8378,2238.3943,2692.2152,1567.5919
1071.7339,1069.1187,1079.5891,1356.4949,1488.1999,412001.9704,9240625530988190.0000,160718.9052,12329224762360810.0000,270826217601594.5312,1397528882.5912,3726485.7846,2073685.5659,360650981742.8917,767994505219.0714,118946534168.8977,382423345.1728,179817.7100,77072150912.0618,6258336700.6122,1379914.4735,85889.8816,385084.3718,1130393.5998,896020.7740,2309.6912,12431.6633,18135.9985
1070.3156,1072.9637,1088.5917,1899.6576,6585.2213,169010040.6164,25055324.9432,6516.0496,5317365.0585,1957932.3830,6508411.1588,19276.2284,30227.1983,42435.9709,35265.3682,125283.4868,295995.6229,31304.4852,68218.0166,13664466.8741,9874.3037,4041.8802,18150.7069,25721.5050,22654.8965,3617.5352,2186.0444,1473.1966
1070.9139,1071.3348,1075.3296,1214.4570,1518.3779,446109.7314,348827302817.0701,29062.6236,973072967454.5319,63388843539.1478,29234380.5813,230472.8512,164026.1691,322658261.9889,644450026.5050,212521749.7897,8273678.0572,26356.4216,155653191.9796,72690658.6641,120442.5642,15194.6040,59647.4984,111244.0599,106306.4889,1794.8656,4315.9759,5111.1457
1071.8184,1068.6884,1073.6524,1169.7424,1142.1512,5944.1111,9958.1564,1331.7304,29577.9164,10903.5606,2958.0662,1493.6904,1358.0538,7353.1625,4817.6071,5279.3507,2162.5078,1350.1909,4012.0529,3069.2044,1320.3463,1562.5430,1360.6629,1792.8973,1319.4492,1152.7628,1157.1479,1273.9688
1071.6127,1069.3219,1074.2296,1188.4475,1165.2946,8906.8087,552260951.3588,6206.6905,2903129612.9387,962173191.0664,752113.9825,51246.2398,26161.8087,10483351.5523,20803893.8132,11613959.0368,645037.4470,13247.5849,3201297.0691,280683.3850,25159.2523,5038.5811,12266.0999,22611.9999,26507.8459,1299.7557,2691.3093,3060.4738
1069.9547,1074.1485,1076.2779,1243.4072,1404.8597,334630.8459,5975665099547.7480,61905.1383,646775484539579.5000,333734004744071.9375,2680136759.5829,6722909.7258,751981.1641,16859778895.0710,182157149584.3676,69506351513.1419,1224283819.2196,250259.6921,3147229535.2527,411313002.2604,2054032.7146,23911.8823,428478.0569,869111.7472,2587030.1954,1873.4161,8779.8113,9696.7026
1070.3853,1072.9303,1075.9111,1213.8268,1189.5736,148660.0122,328519561840454.8125,90401.5465,1193055772881192.7500,328032994865831.6250,435486785.0018,3956600.0610,2885655.9811,37690795466.2428,383542828790.6315,64460411792.4596,529592380.6801,509135.5463,14271667023.2899,273605326.6717,1315622.8533,29586.7303,229715.7956,452879.7114,1206054.6512,1669.7103,12663.7491,12622.1630
1071.7219,1069.0353,1073.9092,1184.2507,1129.1081,10110.4712,32985062448.3372,12725.7563,59009387210.3574,8124985430.9104,1766078.0934,107221.1424,79690.8266,107217642.7138,205678896.1659,70428615.0347,1608588.4883,26781.5183,35369571.2638,2270806.3803,48399.7640,8939.0177,20313.5910,41402.2751,42897.0825,1365.6632,3806.8276,4433.4783
1070.6271,1072.1415,1073.3576,1134.6174,1153.7172,23226.8873,73058064906.9089,15882.5308,73853112151.8198,26887169300.6743,2678337.6343,146601.6853,162444.9897,82230900.4899,352728977.0410,90719221.6670,3380589.4294,46197.0272,50168273.1802,3909706.4826,77097.3548,7725.1819,24080.6066,36598.5715,67188.4594,1350.0770,4329.3278,4316.7263
1071.9047,1068.4464,1073.4026,1170.4224,1211.7914,5259.2172,29951.8556,1474.6525,98934.3418,31982.7387,9099.0320,2034.7927,1500.7074,13255.9844,9416.6006,11091.7339,4379.6875,1377.2443,6389.3075,6125.6930,1526.6360,1763.7434,1738.5502,2430.8269,1637.3642,1208.6783,1202.2040,1349.8583
1071.7614,1068.9360,1074.3271,1197.6723,1147.0158,15677.9221,215569710086.2914,17625.9995,279368727064.5955,30874402767.8236,3137810.9813,160672.2348,136336.1557,312433542.6367,627097281.2087,181261697.8570,2944955.9281,38851.0439,103045934.3278,5478296.2299,70176.0567,11668.9751,26901.9900,57285.5217,59387.0692,1422.8046,4551.7017,5331.8201
1070.6070,1072.2152,1073.5058,1134.5417,1144.7216,36466.8158,421062767773.4161,23136.0003,511283180218.1360,129627850267.3788,9035472.5437,281944.4391,237964.3365,323213457.6112,1351076544.1587,323700930.2069,8314740.3656,55801.4663,158656258.1785,14115019.3330,137901.9807,10704.0399,40730.6128,67736.9888,117929.1351,1422.0587,5059.2099,5278.9310
1070.9179,1071.2702,1071.9913,1100.0397,1097.7183,4572.3366,91078991.4755,4502.5300,86634501.4167,43623425.0807,121359.6521,19651.5797,17453.2177,1308356.2716,2978166.0604,1290572.8125,133373.4348,8294.0728,782151.7144,140115.4758,12590.3523,3099.0827,6170.5067,8480.6837,11802.2808,1188.9482,2144.4750,2196.9710
1070.8136,1071.5845,1072.7950,1121.7806,1141.9764,7077.3950,1679959436.5653,6984.9809,1012633368.2287,772262924.3655,394158.7398,48909.7794,46671.3899,7633547.7142,24289236.1658,8410160.6905,555905.4392,19778.3845,4145846.9664,382333.3641,27889.4050,4237.8155,10356.1656,15001.5840,26966.4069,1248.0587,2895.3011,2880.4772
1070.7091,1071.8750,1072.1656,1098.9395,1112.9202,11785.7438,743868815.7869,7119.2443,938677438.0946,342540713.0264,433563.1266,37195.4478,35012.3239,4818020.9943,13302768.8116,4849430.9748,407487.3942,12860.3507,3131680.0758,605791.4448,22818.0014,4195.9928,10304.2594,14277.7455,20515.1259,1240.6031,2610.3028,2660.2112
1071.1402,1070.6356,1072.0789,1107.4201,1095.1629,4686.1290,41052334.6672,4079.4856,57987524.7223,18517807.6617,101900.0345,14708.6547,12044.4669,942797.1662,1619399.4184,785015.9483,87804.1922,5720.1633,530201.5505,134524.7368,9561.7702,3082.5161,5547.7265,7926.8500,8784.8057,1191.2888,1955.1878,2090.4716
1070.9263,1071.2336,1071.6462,1088.8437,1090.3809,4115.2617,7181089.0489,3140.1426,11372292.5127,4647369.2097,56030.2521,9569.9505,7960.8464,277295.2164,502488.2756,271375.2495,47688.2372,4229.2695,185219.3170,63473.7750,6748.3529,2358.6866,4186.4558,5388.3326,6359.6529,1156.0075,1708.9503,1763.4978
