888.0161,888.0111,888.0263,887.9781,888.0058,887.9830,888.0105,887.9753,887.9760,887.9742,888.0068,887.9782,888.0145,888.0052,888.0201,888.3264,888.9008,892.4831,889.2822,908.9024,948.4939,981.2140,1045.0405,1075.8990,1134.6432,1153.3601,887.8415,971.4132,945.1412,1062.0134,1111.1109,1200.0046,1167.0488,904.7467,984.9559,942.2927,998.8674,976.3639,886.5961,951.8063,876.1832,937.9594,883.4357,894.9904,907.8275,885.6369,891.1638,888.0885,899.7878,903.0617,889.8126,899.0714,890.2722,888.1476,891.5970,889.2852
888.7249,888.4976,889.2196,887.0463,888.3146,887.2539,888.5020,886.9030,886.9541,886.8926,888.3432,887.0910,888.9419,888.9202,890.1522,908.3382,1027.6033,1307.9460,1013.1541,4991.7291,145131.1975,1085007.8698,403164.8640,3645894.2433,2636860.5681,5286534.4796,1074.5286,278959.9803,37208.6736,904877.3783,6862872.4172,2280677.1224,308886159.2995,6067.0051,26987.3757,21315.5447,2959847.3244,21803.3644,2498.4818,24216.0338,808.1982,15415.9709,1065.1482,2007.7201,3619.6803,868.0582,1196.4086,966.2064,1929.2670,2658.8175,1741.3666,2101.6536,1114.0508,1020.6705,1156.3845,1025.0386
888.8347,888.5732,889.4471,886.9594,888.4699,887.1878,888.6111,886.7638,886.8880,886.8061,888.4212,887.0065,889.5581,890.5171,891.3540,917.2891,1200.2151,2204.0376,1089.2651,16654.6468,279098.6372,663637.0624,6424102.8970,4929024.2181,68494593.0470,85943431.0387,4150.9237,391548.1916,81567.0996,4600577.9737,24283095.7710,1648428959.6966,48350129.5122,5462.8396,2714549.1351,89750.7183,903860.2878,1312701.3922,2135.2112,227865.3734,676.4237,79646.6792,1348.5907,2062.7517,7332.2000,956.7402,1412.4854,1147.7734,3837.1755,8470.6498,1920.1983,2998.9246,1435.0952,1054.3928,1276.8499,1176.7933
886.4343,886.9279,885.5261,890.1896,887.5565,889.6978,887.0511,890.4226,890.4119,890.6300,887.4288,890.2822,887.2184,888.9857,888.7393,868.9483,1078.2381,952.2715,876.8437,1275.5858,3274.5933,7653.4165,72532.2855,17941.7489,101971.1881,28854.6113,4328.9423,1349.1147,82505.6263,26900.9837,48321.1103,13878.3397,78329.4291,16431.7182,55488.1584,64.8422,28852.0743,6287.0428,6247.1736,336.4084,9334.8371,402.4266,4417.1084,1264.0942,699.1362,1515.5386,924.6796,1151.4712,610.6259,2024.2039,1977.6517,730.8223,1036.1478,1147.9933,743.4381,980.3727
886.9620,887.2912,886.4493,889.4972,887.8042,889.1528,887.4499,889.6198,889.6405,889.8575,887.7326,889.7115,888.0668,889.7001,891.7547,889.1004,1371.8949,1693.5267,1000.1543,4808.6744,399547.0134,1951447.8214,80167430.2890,44727803.6178,388860107.0674,128311067.7584,8861.7020,93296.0823,1204826.3979,14508275.0218,414118866.3979,44415065.3736,753851062.0775,218437.4141,5612983.2321,908.6512,6809613.2999,184739.0609,13028.9629,13077.2566,12026.8798,10595.0601,6189.3810,3309.7562,3742.2706,1741.1700,1467.2904,1399.4010,1723.1246,7789.5350,3388.8018,2237.1136,1524.1675,1454.3492,1036.5079,1236.0414
890.4058,889.6475,891.8657,884.6988,888.7655,885.4318,889.5082,884.3143,884.3639,884.0672,888.9423,884.6326,889.6612,887.5828,889.1415,928.2755,813.1414,1226.4072,992.0627,2462.8491,28457.4728,75256.4453,31011.7019,556340.9939,344813.9724,1142330.7647,234.0593,21816.9692,61.9135,35947.3433,662076.6933,18723116.8785,58195.3618,249.0435,10703.0088,333505.5967,2683.7856,21711.5061,135.7102,155352.5067,49.6753,62676.5055,156.1918,1093.2553,4861.3255,481.7215,1124.2194,732.5591,3121.9418,1296.7965,493.1339,2540.5604,959.2506,729.8873,1375.2087,914.2212
886.2701,886.8150,885.2588,890.4303,887.5247,889.8868,886.9427,890.6838,890.6890,890.9059,887.3489,890.4889,887.1592,889.4313,888.5226,865.3771,1028.4745,895.2192,879.4301,2253.2937,2415.6567,6490.3929,3599.4567,845.5563,1761.6245,454.1957,4179.7573,1212.6708,45735.6885,1570.2264,1536.0931,230.5645,41162.5964,8068.4345,8791.7092,28.5102,23170.2844,1598.9006,6220.8187,84.0500,9435.9770,124.6940,4215.0782,1013.9511,412.2681,1487.8695,836.5588,1119.6943,479.6587,1303.4477,1905.3711,541.0863,960.0277,1101.1214,686.9489,935.3201
890.1358,889.4678,891.6279,885.1128,888.8016,885.7296,889.5184,884.7292,884.7552,884.7187,889.1194,885.5085,890.4389,888.3448,897.0238,958.5802,1753.3791,3015.8494,1207.5716,3561.5116,4228926.7619,68026103.7139,10043210859.7411,225915250565.5444,1242763669058.3960,6325255794599.4404,2050.8082,21953320.2116,747758.0505,28772357999.5071,1262892609311.8999,16662726387690.1445,434809445703.0146,85877.0514,29748798.0907,9830454.9412,51787576.9528,29353117.1519,2631.3914,32111459.0436,616.7480,7355814.8774,1605.7338,11048.0320,99015.1538,1106.0035,2991.9509,1426.1470,14339.1627,39798.4371,3209.3253,18664.8918,2412.6154,1633.3342,2463.6059,1716.8807
886.8132,887.1899,886.2367,889.7116,887.7781,889.3168,887.3799,889.8513,889.8712,890.1327,887.7095,889.9838,888.1055,889.9343,892.6692,890.8296,1504.2781,1849.3609,1030.2064,6972.5120,910040.4947,14873092.7677,293902710.1968,288982417.0132,2510891343.9593,711208989.8801,11293.9936,208307.5768,4767810.7180,74168614.3019,1990032187.6924,321762027.1478,8320223538.6088,509030.1833,22291097.3823,989.9054,33466691.4070,477306.5167,22735.2644,19883.2366,19634.2723,15729.8560,9031.1345,4383.1996,4981.6505,1984.6461,1636.6770,1535.6243,1924.6900,11376.3846,4626.7121,2726.3155,1712.9306,1627.7927,1092.1060,1332.9646
884.1403,885.3584,881.9992,893.4355,886.9642,892.2019,885.7452,893.9932,893.9585,894.6084,886.7257,893.8846,886.5317,890.7687,893.6259,856.7135,2076.8980,1709.3288,950.4790,2666.0299,150131.0898,1667378.1594,2527010853.2196,101643291.1809,8302712928.1423,502649268.5966,116986.2253,64239.3650,2194589562.8239,414768859.2792,1790917331.4837,19979225.0355,21784222779.6942,13296058.2734,213636483.6395,7.9072,208744427.8916,1116200.2788,378723.8027,813.1306,843455.9825,1064.1632,128165.4809,6491.2697,2149.1293,4836.5151,1620.6987,2321.0883,806.7994,31014.5615,14862.0556,1532.7958,2069.5085,2445.9657,783.0551,1549.0897
891.6784,890.5220,894.0464,882.9813,889.2388,884.0789,890.4282,882.3722,882.4249,882.1361,889.6369,883.2061,891.1523,887.5409,895.1488,975.2081,1384.9753,3180.9903,1167.1708,2174.5768,1331368.5638,2856057.4665,859688170.4296,38938889154.7678,150731336459.9557,2024031515985.2954,694.6596,3485798.1308,6226.8563,2926167880.8665,127902700018.2563,73775899662223.9531,617388097.4192,4108.8477,8339574.8354,174462178.5303,331804.4979,33790533.4803,243.6066,181547091.2251,44.3806,27013676.4627,289.5055,5730.6839,131040.5826,622.1404,2680.6298,1104.3799,23356.7628,24723.7041,1103.3209,20953.5072,2083.8063,1116.4268,2754.3843,1517.6689
887.6345,887.7528,887.5455,888.5563,888.0011,888.4167,887.8902,888.5746,888.5829,888.7590,888.0337,888.8314,888.5235,889.1616,893.1598,904.9918,1566.2250,1835.5833,1014.0604,2185.8732,66851.2638,737689.1969,179487418.9974,166775769.5583,2377901384.3357,2479485440.6641,8020.5359,433111.1272,4419122.4486,266332279.4447,829661191.1219,2316995603.9798,1406198817.7659,116488.9255,7074832.0282,16369.3861,10682304.7328,2341094.2131,12212.3080,105523.6780,6836.5739,52305.3576,6715.5278,4722.2940,9470.2612,1666.4025,1720.6496,1485.1075,2848.3717,19788.4430,4320.5225,3727.3842,1762.9929,1539.7061,1266.5459,1395.9003
889.3789,888.9463,890.2859,886.1218,888.4846,886.5308,888.9296,885.8857,885.9090,885.8201,888.6420,886.2478,889.3054,888.0194,891.5165,923.6199,1180.9208,1615.1166,1012.1594,1649.0427,37491.2734,133953.8908,7939939.6093,42633347.8751,188086386.7783,625019036.7150,1303.5497,275973.5604,40740.7862,21799166.5864,95029493.0967,3654213996.1376,47976280.8656,5876.4695,528586.3036,297971.8823,270236.4897,897180.8868,1091.7902,480707.5871,445.7466,171556.6180,954.7248,2880.7704,11978.0862,864.0848,1536.1028,1058.1861,4081.2467,8135.0163,1460.0487,4268.3065,1404.2292,1083.5136,1466.6920,1185.9513
886.3082,886.8444,885.4417,890.4022,887.6083,889.8494,887.0791,890.6247,890.6155,890.9748,887.5424,890.7524,887.7731,889.7401,893.4107,886.8717,1781.3582,1768.9921,990.1109,2235.5365,76856.2470,875723.8018,483875581.0451,158308854.0959,4618850246.4918,1850651111.7489,22621.4308,279063.4512,66599147.4896,409718551.8250,1096826249.3768,543119653.7278,6957448208.7103,708917.4402,26996208.7216,1043.5554,37043344.4629,2340178.4150,45885.3217,18573.3410,44309.6442,12788.0390,21844.2163,5631.0465,5722.5068,2534.9009,1696.7815,1786.2007,1799.6475,26063.6404,7151.0795,2729.6868,1905.0328,1865.7523,1065.0623,1473.3323
888.6685,888.4586,889.1060,887.0988,888.2510,887.2963,888.4478,886.9794,887.0052,886.9472,888.3012,887.1333,888.6826,888.3049,889.4990,904.4630,996.7488,1208.9764,953.5463,1927.5364,7659.3274,17607.7919,157528.6163,251397.3889,941938.1964,1682890.7974,1204.0683,26430.6238,10262.3593,290407.3975,430479.2905,5737553.2593,749714.7430,2147.8902,45672.9785,17814.7068,55531.5911,53481.1668,1128.7880,24449.2030,605.3544,13116.3066,919.9434,1478.4387,3096.7234,852.8587,1120.0997,951.3353,1838.3927,2832.5912,1179.7740,1806.8122,1082.2994,950.2938,1104.9909,1001.4880
886.9301,887.2672,886.3004,889.4908,887.6882,889.1573,887.3437,889.6531,889.6442,889.7847,887.5982,889.5374,887.4099,888.5785,888.1319,873.4001,976.3362,870.0056,870.5611,1018.0130,958.7478,1391.9905,3450.8816,1308.0575,3012.8772,1461.8437,2186.9229,796.9545,10824.4894,2428.4647,1941.1203,746.0744,5786.4129,3783.4571,3818.2365,107.8428,4521.0520,1332.5389,2833.2721,244.0206,3898.8758,302.9522,2345.0708,987.8025,590.6074,1231.1328,864.2539,1023.9773,610.0121,1170.1861,1388.2617,676.3601,934.3976,1020.6808,762.7593,919.9617
888.0525,888.0373,888.1384,887.9446,888.0573,887.9502,888.0822,887.9221,887.9236,887.9757,888.0960,888.0607,888.3276,888.3068,890.2222,898.2146,1130.1560,1262.7474,945.8330,1238.0215,18310.3203,55207.9232,1794123.6125,2714612.3193,12333902.8219,13846763.5271,2148.7880,30795.7546,71176.7100,1967236.4609,7708792.4584,14876546.7233,6244425.9921,12835.1371,195454.3529,6651.8549,151091.2319,88899.0488,2519.1409,21220.7294,1858.8446,13161.5844,1917.7175,2105.1285,3598.9677,1115.6927,1239.9183,1092.0235,1751.5764,4365.5816,1684.0240,2026.6361,1223.5765,1121.5513,1086.9582,1086.0528
888.3603,888.2471,888.5870,887.5041,888.1169,887.6133,888.2339,887.4456,887.4497,887.4171,888.1547,887.5180,888.2797,887.9107,888.5276,895.4236,918.5542,983.0300,909.3482,967.4445,2560.2609,4268.0473,14887.8466,26518.8597,41873.4301,59011.8304,865.4123,4024.1690,2557.1935,20089.2537,36324.4991,76748.8756,35263.9704,1434.7721,4821.9336,3462.1968,5503.7271,5003.4064,859.4684,4296.5985,686.3398,3233.1369,818.1008,1107.9123,1569.6649,848.6181,979.3377,895.6639,1214.4537,1360.9937,932.9465,1230.2058,951.7665,903.5164,983.4097,925.6891
