841.0803,841.0550,841.1280,840.8883,841.0240,840.9135,841.0495,840.8762,840.8769,840.8670,841.0301,840.8855,841.0463,840.9629,841.0012,842.1585,835.8339,844.2513,842.7391,838.5993,861.4031,855.9915,826.7718,899.7011,865.1618,920.1992,788.2672,884.6580,726.5372,857.3741,885.3800,979.1487,834.2013,766.3460,796.4557,1009.3078,793.1310,857.9560,773.7606,956.6946,751.7929,935.0985,782.9412,838.4030,876.4717,820.5900,844.2990,832.5795,869.8124,832.5714,815.5461,863.3898,839.1446,832.8497,852.0350,839.5761
840.5856,840.7163,840.3405,841.5786,840.8789,841.4481,840.7455,841.6400,841.6384,841.6890,840.8451,841.5929,840.7734,841.2312,841.0246,835.1998,870.2448,830.7960,834.1491,921.4632,841.6916,938.2714,1071.9004,700.9906,900.2295,649.0057,1198.8510,742.3112,1990.1646,879.2248,798.0704,503.7469,1329.2809,1408.5732,1285.4632,337.3545,1409.9085,844.4604,1323.4351,450.8196,1512.5462,501.6006,1228.5115,861.6552,687.4728,956.4858,826.3505,888.1904,712.6257,903.7103,997.9450,738.8086,853.6433,886.1009,787.3145,850.0343
841.4798,841.3290,841.7845,840.3413,841.1616,840.4874,841.3129,840.2628,840.2697,840.2293,841.2055,840.3617,841.3950,840.9604,841.7854,851.2436,883.2613,987.2800,874.4748,1092.7624,6025.6744,11355.0943,44495.4070,88734.2588,141172.5822,193058.7745,816.1126,7108.5976,2781.9155,42419.5127,183083.4873,202913.3562,176683.8117,1882.3761,8308.7996,5196.4276,12053.8083,6350.4168,828.2617,7087.3162,596.3700,5078.1678,742.1347,1168.6140,1867.5268,791.4316,974.0126,853.6466,1323.0578,1458.8644,908.2831,1349.5231,932.2146,866.3001,974.8078,893.6864
840.5874,840.7197,840.4714,841.6874,841.0900,841.5229,840.8557,841.6801,841.7754,841.8815,840.9753,841.8302,841.8715,843.9045,845.2771,855.1303,1342.5388,2465.8314,1016.4194,14717.0857,977282.6789,3885251.7207,106024332.4827,23574716.0236,769732215.3157,290930120.0644,14181.3367,72663.3391,481707.1118,15944022.2693,339467372.8426,1535001049.9424,31853531.9839,68285.6136,28949239.7333,7435.0221,1558716.8246,1888553.2757,7851.4643,67429.9829,4313.4502,34580.2666,4280.7379,2574.6164,5744.1129,1450.6049,1492.9255,1373.1988,2835.1321,13577.7730,3070.0276,2683.0799,1613.0080,1257.0133,1090.4612,1239.3329
842.4467,841.9948,843.4851,839.0537,841.5757,839.4705,842.0509,838.7868,838.8093,838.8137,841.7835,839.3685,842.8292,841.6275,848.2683,893.0729,1513.8476,2617.6584,1087.1247,3830.4984,4424602.2479,75987317.0767,3319617088.3902,65865664446.4801,217132172102.3872,607901996088.9944,2622.1626,2401489.1780,313395.9093,3225899526.0109,240498530071.3850,2551916904898.4795,28754797123.8162,82094.8990,35431073.7842,1123604.2634,20644722.3232,10930020.3583,2988.4571,6807896.3840,916.7770,1975936.9195,1603.0073,6853.0727,45927.5864,1103.7186,2395.8479,1324.9390,9233.9766,24038.0631,2614.9068,11128.2889,2086.5784,1429.8057,1929.4910,1488.3198
839.9414,840.2781,839.4374,842.5312,840.7996,842.1699,840.4597,842.6490,842.6588,842.9088,840.7674,842.8109,841.1255,842.7307,846.4602,847.5883,1521.5897,1514.0571,973.0652,4941.4604,229228.8672,4350219.4866,215511029.7631,169636526.8325,1298821569.3675,955031686.9333,9049.6944,962599.9275,27931984.0922,205532168.3230,1096136026.9668,172660648.0727,17793740779.2953,408349.3894,3353427.2630,2584.6263,50261504.9577,892662.9685,27855.2308,19315.9386,20070.0525,14376.8130,11880.9745,5311.9060,5515.4421,1915.7405,1552.7260,1478.9311,1728.3120,16318.5740,5751.3424,2719.8732,1610.9675,1630.2141,1060.4365,1303.0565
840.2510,840.4887,839.8785,842.0867,840.8631,841.8348,840.6018,842.1708,842.1923,842.3386,840.8057,842.2293,841.0553,842.3664,843.9999,842.3097,1211.3884,1215.7577,918.7651,3465.0385,21513.3023,192580.9369,1911846.7825,2161962.7638,12051010.0014,11521736.7155,4972.6753,182825.7617,1962346.3796,5051244.2708,4468230.6692,8233376.8392,428194839.6639,35621.6814,312925.7792,1794.9909,4831927.5124,184578.7783,9906.6554,7255.1567,6621.6751,4869.6970,4881.9358,2563.9920,2628.0553,1398.4611,1158.7826,1193.5743,1260.7208,6349.5611,3088.1051,1569.5380,1233.5460,1237.1037,923.0035,1085.1475
841.2628,841.1807,841.4495,840.6641,841.1294,840.7363,841.1874,840.6061,840.6295,840.6107,841.1296,840.6857,841.3950,841.6920,842.8805,850.6139,909.9916,1063.3381,894.2952,2382.6100,18210.9890,50848.1514,109890.4567,182862.8197,249309.1400,226820.1544,1159.5681,11439.7572,4380.0333,42985.8803,442694.5630,312967.6376,577806.1394,3311.0790,22981.5385,3187.3287,29780.0448,7397.6031,1139.3268,6095.0425,840.1816,4552.5435,917.4798,1217.4461,1745.0525,853.0792,984.2205,892.9829,1304.6795,1545.2361,1046.2067,1306.1594,962.5721,897.9076,949.3575,907.7664
840.0057,840.3235,839.5927,842.4584,840.8616,842.1083,840.5474,842.5531,842.5664,842.8642,840.8636,842.8494,841.4567,843.0053,848.5674,857.9852,1960.8118,2136.8364,1008.5664,3521.7058,157921.5966,3222003.1616,2438367053.3419,2160804478.3149,64477760599.7602,48464475878.5024,24360.9195,2479201.3010,150528780.7148,4912076504.6678,9951270516.2422,35143332700.0571,228611169296.0050,699216.1810,91517380.4455,9496.7803,261210388.7583,16332545.1731,46009.1291,154415.3799,27570.4710,70370.5502,19498.1178,8263.2008,13716.1159,2352.1582,1995.4167,1844.4914,3209.6721,48226.7946,8568.7588,4592.9379,2191.8035,1943.4834,1264.0468,1601.8210
842.7589,842.2047,843.8398,838.5742,841.5598,839.1172,842.1129,838.2997,838.3219,838.1357,841.7024,838.5736,842.2225,840.5398,842.2784,872.3759,852.9604,1120.1411,922.6381,1380.7912,11908.1531,44531.0773,66199.2439,731638.4142,615110.3231,3263565.8552,357.9697,66701.4317,1300.2192,286750.6344,817786.2568,10022919.6205,1869865.6628,637.1699,5471.5459,175421.1469,29180.2211,28196.0403,328.4200,97593.1825,124.1261,42849.9757,308.8663,1392.1648,4854.2737,565.9247,1106.5305,764.8102,2558.0020,1906.2055,712.6625,2410.6578,963.1500,787.8111,1249.8636,912.3222
841.9295,841.6426,842.7298,839.7899,841.4709,840.0330,841.7963,839.5841,839.6009,839.7459,841.6885,840.2808,842.8794,842.1656,850.9632,897.6902,2065.3257,2948.9042,1161.6364,4912.9859,4483090.4907,90434111.8821,47631203540.6836,396374193761.8734,4275838907168.9863,13656692477987.0039,6109.6113,51018989.0701,27119588.1818,120434020287.9007,2959507720986.7539,19221027426671.5820,6886321696813.0010,510279.9545,126581384.3943,1675383.8831,679236961.4654,88290330.1460,12971.3978,9919975.2320,3713.0183,2863453.0535,5875.8930,15480.4316,78899.0230,1645.6982,3030.0245,1723.8542,10275.8441,78272.1459,6631.5909,15811.7973,2668.4586,2011.8248,2132.1166,1846.5702
840.8816,840.9262,841.0978,841.2564,841.1827,841.1638,841.1874,841.1986,841.2036,841.5247,841.3519,841.8761,842.4847,842.7860,852.6381,889.2171,2581.8339,3975.2529,1146.1945,3193.3806,6280758.8530,79205875.5514,600431319837.4189,1255995894525.7542,54843832764604.8438,56203017262963.5078,27904.3337,14002271.3942,223534761.1690,547470087225.1064,15909250449818.7402,71730133978113.8906,5420503484719.4922,3404159.7788,3432311532.1528,261704.2351,907533716.8993,327903367.0186,37372.4672,6287571.1765,18669.3066,2036149.6909,18369.1888,19085.0584,79105.0036,2653.5683,3562.5516,2319.8076,10447.1357,162190.8098,10191.0142,16288.1993,3493.2748,2501.8011,2051.8293,2183.7210
840.3802,840.5812,840.2337,841.9339,840.9829,841.6964,840.8194,841.9690,841.9684,842.2818,841.0744,842.4324,841.8395,842.6319,849.9572,869.7080,2120.4835,2808.3489,1075.0671,3555.0523,2636723.1389,42330891.7714,55864214740.8654,83046285543.3542,1803345353340.3452,1245307143418.7107,21545.6556,3553617.0280,93871499.9789,36167295776.4729,959388375897.1145,474758267999.3478,835193206886.8115,2327433.6635,375194037.0073,28312.2420,416421016.4201,24321669.1701,40041.3644,703404.7201,24697.9915,318826.9212,17190.8965,11978.6924,29106.3584,2457.6287,2663.6991,1970.5334,5307.8201,64195.9317,8581.0173,8459.5421,2637.9279,2184.2542,1582.8932,1790.9215
840.7444,840.8266,840.6573,841.3792,840.9770,841.2861,840.9010,841.3993,841.4021,841.4996,840.9919,841.5217,841.2175,841.5850,843.5927,848.2606,1143.7545,1310.6645,905.3130,1546.3470,42712.2672,156142.7463,6826449.0515,8790875.2031,45672357.8935,32547918.9870,3246.2242,25922.2722,126462.6499,4196336.4143,33375073.2487,25302899.7938,11901289.8125,29673.9749,656749.6805,3517.4586,274441.8163,112595.5976,3666.7429,21089.3966,3056.1752,13336.9482,2591.2490,2263.5380,3657.6848,1215.6227,1248.3375,1122.9707,1717.1984,5040.2490,1918.8595,2039.2942,1256.4020,1150.1407,1022.4724,1077.1568
839.6940,840.1067,838.9646,842.8366,840.6459,842.4167,840.2369,843.0209,843.0126,843.2220,840.5728,842.9799,840.5008,841.9069,842.8441,830.1182,1158.2544,1082.2889,859.3204,1214.7703,8504.6830,30227.3687,1486746.8382,621920.7640,4952507.1419,1995119.3287,5773.7883,9765.4132,624890.0713,984272.3480,1916600.0840,824048.2455,5497315.6366,45385.7517,355460.7695,247.1040,335884.1258,47258.3948,8932.6423,1927.3620,10758.9525,1735.1453,5630.0855,1910.9057,1507.7775,1556.9519,1058.3708,1198.7539,886.9721,4277.2656,2523.6124,1133.1358,1163.1225,1217.5645,807.4030,1035.2164
840.3505,840.5608,840.1845,841.9754,840.9742,841.7291,840.7995,842.0152,842.0156,842.3301,841.0599,842.4698,841.8198,842.6354,849.8674,869.3383,2163.5579,2923.7410,1055.9172,2591.3710,1542218.0328,16077481.8389,48907424414.0774,57588346005.5475,1888951826494.6714,1238044775949.8396,25743.8725,2085938.8061,93768388.0482,34168371992.5929,579286992640.1542,932984483954.1155,289109970154.4892,1900660.5231,637598666.4787,29704.3542,208666800.4845,43659711.5858,36034.5278,780235.1181,23750.3900,329402.2559,17579.6759,11242.6038,29491.0759,2503.4344,2644.5511,2030.2065,5529.4068,73940.8115,8147.1316,8297.6600,2718.2802,2151.3757,1569.7837,1822.2412
842.0321,841.7092,842.7493,839.5993,841.3881,839.9027,841.7289,839.4172,839.4290,839.4106,841.5289,839.7814,842.1553,841.1739,845.1149,873.6374,1205.9588,1675.1705,982.8632,1927.4736,251211.0795,1429541.5560,56385470.3194,334741379.1991,1208447170.5323,2652373409.4383,1604.7510,419558.6256,92927.2551,72643492.5917,1311536500.3683,3925807216.5307,557537766.6301,22601.9468,1161426.4852,150480.9332,1424690.9135,628566.3228,1882.4268,464045.6049,829.7573,192693.1106,1297.7051,3634.5245,13322.4830,956.7757,1633.7242,1084.8720,4023.4018,8572.6532,1786.8374,4787.6013,1456.3521,1163.4324,1433.1586,1189.3671
840.9307,840.9555,841.0051,841.1328,841.0664,841.0889,841.0623,841.1131,841.1144,841.2470,841.1343,841.3847,841.5814,841.7148,845.6672,859.8534,1410.8569,1705.4995,961.3117,1670.3027,138046.3318,940532.0919,166225546.4082,313876600.4876,2771715076.9924,3013771682.1463,5072.0902,301132.7196,1497585.5047,187557720.8838,1410380072.4262,2682241392.9294,1291073151.7205,97405.6279,5316024.4189,19896.2516,5023318.0062,1359746.1423,7070.0329,139663.8868,4368.5173,68903.7342,4255.1418,4345.9796,9831.6510,1427.2755,1654.0164,1325.5283,2942.4553,14429.3098,3154.2774,3857.8057,1628.7457,1400.3748,1253.2393,1289.1700
841.2453,841.1693,841.4470,840.6768,841.1162,840.7430,841.2017,840.6252,840.6287,840.6578,841.1692,840.7876,841.4437,841.2322,843.2489,854.0984,1069.1871,1210.8436,906.9675,1296.5774,24094.7902,99779.9351,1892503.2335,4330788.3292,15372982.4316,21166055.1562,1727.3981,55245.0013,69256.0219,2668686.8890,11401494.4716,20229479.9347,17266067.6618,11427.8369,145543.0932,10497.6810,263938.7322,86742.5414,2235.4035,28910.0457,1442.9707,17035.8945,1615.8822,2129.6400,3977.8101,1007.7727,1205.4182,1017.5075,1823.4005,4183.6918,1593.4860,2125.2721,1165.1629,1058.0232,1074.4752,1034.0638
