1071.0040,1070.9886,1071.0076,1071.3459,1071.4558,1078.4662,1118.1342,1073.0777,1115.4968,1104.1286,1081.6272,1074.7167,1074.7370,1092.1095,1092.1927,1089.2951,1079.1391,1073.2250,1088.8737,1084.0454,1073.2468,1073.6971,1073.3271,1075.0765,1073.1641,1071.5216,1071.7382,1072.2883
1070.8494,1071.4279,1071.5525,1087.0584,1155.8779,4330.9908,6450.5185,1200.6312,2674.8951,2097.0323,1877.1098,1236.8707,1462.0720,1414.1256,1657.2076,1461.9468,1508.5723,1394.7708,1741.5630,2127.6423,1232.4023,1102.0971,1216.2923,1190.3382,1290.2784,1119.2726,1116.4275,1076.1410
1070.7881,1071.6084,1073.7547,1161.8443,1485.9158,72723.9842,147864.1722,1974.3072,156103.9214,44785.1543,23591.7630,2552.6579,3116.9077,6805.2017,7673.5886,8771.3931,8264.7963,2585.3060,8925.7644,24258.1667,2249.8437,1515.7711,2355.0806,2539.1525,2822.8504,1340.8771,1286.7563,1191.5722
1071.6330,1069.2201,1076.9096,1326.3696,2212.3542,228455.3225,18861412.1871,3263.4398,411092.6352,15469.2481,28901.8958,1962.3171,8641.9084,28346.3190,17695.0030,7131.3577,3922.0215,5365.0749,61928.7569,177669.6059,1581.2663,2661.3712,2657.0767,3520.0527,1959.6350,1780.5140,1559.1049,1460.0440
1071.3707,1069.9572,1077.1149,1297.2580,2104.7840,346841.3797,500462.8509,2179.0189,12344.5893,3749.6977,15971.8179,1736.9636,4638.8967,2942.5132,2228.3402,2675.9335,3028.3362,4175.5527,5758.2417,26106.1990,1383.4737,1886.0090,2172.2344,2638.2503,2017.7480,1702.0877,1380.0319,1233.1325
1069.8293,1074.3447,1084.2826,1633.4922,5655.4791,98151714.5523,22802555.7272,6578.2434,5625836.4631,3757586.6928,5692145.7704,21504.1396,52213.0363,11927.9076,33732.5802,129580.5081,367429.0650,49589.2131,34579.6005,2045468.2766,13435.1728,2949.3500,16607.7629,17150.3579,43075.3746,3360.3578,2316.1625,1351.1765
1070.2330,1073.3839,1078.6734,1308.8354,1500.0123,135348.0855,741509611148861.6250,67280.7787,1197907629926789.7500,2150560877060361.2500,1136215643.3055,8951575.7077,4113260.0636,61693668747.3270,953631257114.2979,192638483317.0880,1694397122.4617,1133363.6772,13763101711.6316,76233527.2944,2586860.4082,23326.4486,313110.3618,647540.3459,3313516.9785,1752.2517,14682.9958,13225.9114
1072.0544,1068.0595,1073.6436,1187.4885,1141.0158,3021.7729,86762250.9541,4515.4343,355958914.2359,61984979.8644,197523.5771,22932.6299,13388.2784,3712611.3616,4425186.0672,2705857.7784,147179.4311,7719.5008,1100626.2776,137546.7810,11465.8127,4414.8036,7282.5686,14233.9048,11311.6406,1268.5584,2203.6336,2621.4303
1070.4842,1072.4641,1070.8575,1056.6317,1126.0244,2634.6144,3913.8140,1164.8249,1617.3720,2574.0291,1832.0004,1345.8287,1561.7690,1103.3665,1707.3343,1475.2998,1732.3567,1504.9030,1451.2995,1722.5511,1377.9788,977.8443,1223.9401,1094.5975,1450.9893,1087.1687,1116.0894,1029.2279
1071.5900,1069.3489,1072.3535,1128.6765,1112.9367,3537.5424,5158478.3776,2700.3977,5130946.1517,1127988.9828,19952.4683,5376.3849,6098.6542,203313.7920,224245.6879,121840.2056,17560.5071,3395.7179,129552.8014,38286.9627,3826.0243,2483.8679,2932.4665,4190.7978,3426.2956,1178.3426,1590.4493,1745.3944
1070.0892,1073.6686,1072.5175,1100.8677,1130.0957,12467.9067,10639171194.3672,12030.0358,29350474324.5364,31230195825.6824,4505133.9134,197567.2729,117876.4377,40290176.6001,267394199.3267,90501052.2536,5342109.6957,45648.7838,20632048.3483,1645155.7574,99298.2105,5499.1755,27331.2255,38226.0734,104203.4245,1288.2524,3940.3614,3711.1632
1071.2494,1070.3347,1072.4779,1125.9319,1110.8954,3825.0521,122484940.4713,4713.1193,184556310.2153,72174595.3848,158571.1292,23104.8934,18713.9318,2136192.0825,4351653.7694,2051735.6372,166558.6574,9430.2008,1049964.6581,136045.0025,13372.3219,3535.8602,6824.4369,10470.2163,12881.2122,1214.6476,2251.4750,2393.3003
1071.0706,1070.8241,1072.1969,1110.8012,1147.1862,6877.4654,13013268.0147,3419.4711,15041884.0024,4174569.5443,64881.4017,8772.7562,8354.4324,344752.8180,493247.5751,254760.8473,43404.3803,4023.8434,237813.1389,113810.0321,6390.8003,2653.2035,4361.3586,5824.6207,5793.1621,1203.3816,1716.3966,1808.7303
1071.5811,1069.4000,1073.1653,1164.3097,1162.3988,4814.5633,85673987.6025,4695.4055,363423182.9075,128256434.0089,340286.6369,31871.4027,15354.7440,3790107.7484,6200281.0889,3795455.8325,255603.9990,9282.4728,1117893.5747,167662.1176,16590.5985,4083.7107,8875.4810,15831.1252,17383.6180,1273.2844,2276.7903,2572.0481
1071.4043,1069.8856,1072.5021,1127.2466,1107.4149,4451.1867,36253599.9037,3876.8343,46145773.4324,12114075.9040,83174.9789,12385.4727,9721.8503,955696.1233,1240123.3871,627336.4555,65580.6648,4624.7842,474225.0177,138078.7782,8201.1460,3243.0349,5137.8316,7775.4057,7371.5120,1205.6913,1876.8739,2089.8824
1070.3351,1072.9268,1071.8693,1080.4316,1120.2821,8130.5328,181639583.6437,5257.9392,119207089.6823,94337844.8344,159238.4807,23140.3179,27394.8157,1278069.7369,4285424.7002,1523065.5545,204090.6091,11508.5783,1094282.2812,244462.1870,16241.4678,2948.9851,6899.8170,8123.4932,14819.5573,1187.2523,2307.0402,2177.2629
1072.2339,1067.5541,1074.1896,1205.9788,1180.2196,4130.5893,343287713.8024,4667.4227,325936510.8663,79639794.4949,136766.9660,21624.0605,17175.6789,4897051.4858,5558115.5427,2861382.0301,134727.4407,9128.5318,1539243.8438,117080.5305,10978.7538,4666.3799,6505.1924,12894.2041,10737.7713,1294.8473,2333.4179,2766.4657
1069.2010,1076.1620,1071.7171,1066.0239,1242.7536,22853.5625,13023998.1020,4704.4607,112171732.7688,398549107.0872,1260902.2303,63530.8139,24601.1538,780497.2540,6139240.6570,3646708.9443,1008782.0046,18299.0273,474465.7696,266641.0039,40032.9661,2184.0843,13415.5555,13854.6386,49654.9607,1224.1280,2317.4472,1924.6414
1071.3628,1070.0007,1072.1620,1117.1567,1091.1182,2922.0981,11958097.2723,3264.7723,21539249.3020,8232226.3719,61720.4397,11373.8425,8154.4983,553031.2652,825572.8056,472134.5520,56463.2687,4576.4121,266207.3108,59622.3686,7356.8220,2781.3658,4503.5369,6647.2997,7034.7094,1178.4314,1794.7019,1959.6069
