840.9999,841.0107,840.9226,840.8546,839.1282,840.1805,835.6210,885.9462,859.1479,860.6082,755.6021,913.9777,831.8812,831.9317,880.5528,806.4238,868.2567,900.2667,849.1844,830.4708,840.6642,845.0644,830.1543,844.7639,853.7744,844.6232,844.2759,839.1602,844.5704,843.7918,850.6235,834.9128,846.4616,841.6739,840.6305,834.7807,836.3174,845.2647,838.5537,845.9976,838.7217,841.6471,843.1370,838.6983,840.7025
841.0005,840.9455,841.4089,842.3267,854.6152,1148.7883,1454.4166,728.9730,942.4200,811.4027,1561.4439,587.6325,904.7149,981.6239,711.1075,1109.1141,787.7829,686.5342,932.9794,969.3493,881.0771,834.3440,911.9928,853.3315,801.5147,879.8792,882.7004,869.6772,830.5436,828.6448,795.9784,876.6505,814.7976,842.5904,847.0035,875.5426,865.8878,819.8477,854.8297,818.0084,855.1726,838.1678,830.3337,853.2043,842.5757
840.9996,841.0653,840.5879,842.9417,839.0367,5827.4052,14204.1422,22111.5211,1890.9740,6240.8626,2223.2860,9668.0479,1256.4326,3366.2158,12367.5674,3949.5922,24832.7144,53054.7517,48516.4086,11391.2165,3857.1387,1667.4725,1521.5243,3602.0510,3349.0437,7845.1259,9414.9164,1897.6874,1359.7549,969.3808,1057.9016,992.2393,952.5477,1172.1482,1049.5359,890.4612,822.7655,896.5552,862.3715,1024.2452,954.8639,862.2815,867.9703,838.2683,841.3945
841.0014,840.9711,841.6834,853.7819,1067.5348,7969700.9523,69356813637.3077,13300383.3863,546321.3324,189799.3779,1213552.4404,63340.8084,12750.4795,1289662.6630,637694.8365,102362.1975,3730411.0276,41335763.1794,98561650.4619,1134199.1309,34173.0421,9278.6556,9554.5808,55791.0015,46982.6271,515065.9893,373550.3511,7421.0638,3937.8064,1353.7412,1599.4596,2140.8543,1173.0804,2889.9845,2169.1276,1389.3480,918.5036,950.5788,1081.9750,1592.6562,1481.7192,924.1444,898.5951,905.5713,852.4759
841.0000,841.1976,839.7995,842.2226,832.2518,456692.5597,71289883.0861,870607459.9140,79954.2192,6969430.2340,101032.7374,14001013.2628,12008.5276,945243.9530,37575251.5691,911689.6869,352895657.6058,8187639620.6829,4989504452.4967,30788503.0526,606180.7548,35032.8192,28056.3196,683461.6133,518137.2911,11289500.4639,15624919.5719,49896.2639,14133.5738,2324.9187,3418.4618,3401.0624,1893.4124,7367.9295,4037.6753,1691.9286,845.1798,1242.2216,1158.8120,3178.9321,2367.0375,1025.0801,1023.8292,904.5684,856.4148
841.0023,840.8692,842.2000,846.2301,909.1183,102504.0658,8705021.5620,7678215.0723,65993.2094,327985.6258,443170.1230,513044.8789,6926.1179,126101.9920,1260060.3262,1704770.2239,18987003.2140,61205906.5888,151182906.0031,8570610.6735,282321.5780,16303.8451,18407.6427,216561.8751,82563.6677,2240851.3015,3888733.4149,31692.8719,7223.4800,1615.5469,1832.3134,2712.6268,1307.1441,4157.5433,2864.9267,1638.5303,972.2620,975.1864,1127.9246,1882.0247,1996.3071,946.4844,902.8202,947.7894,859.2255
841.0014,840.9099,841.8263,845.7337,920.5080,28728.7398,15310283.1651,499084.3559,44630.6718,21162.8915,36070.7076,89769.4971,3429.5603,65862.9834,63382.1736,181691.6525,462281.1010,2169496.9829,2388399.6390,319750.7410,27140.1057,6179.7001,6003.8753,36010.7462,13962.5348,198869.3195,217268.1257,7525.7957,3185.9547,1179.3741,1321.5878,1661.6067,1061.8347,2123.1475,1764.0044,1225.0740,919.4857,899.5766,1000.5368,1301.2758,1367.0827,891.9240,868.2435,900.2593,851.0493
840.9999,841.0486,840.9015,843.6950,891.0994,52402.9483,140685.7534,52922.1259,6601.8205,12567.1301,5762.3697,8161.0020,1485.7592,7566.6742,17211.8597,4374.5800,32314.4614,53148.3515,78612.3195,14385.4109,5296.0653,1653.4020,1629.5775,3570.1066,3742.8261,7662.6497,10273.6215,2218.5445,1367.6905,975.7227,1036.6674,1034.3310,941.9227,1202.3897,1062.9750,919.7878,837.7455,887.1373,877.2807,1021.5421,972.0560,865.0420,863.5371,845.9151,842.3882
841.0027,840.8779,842.1469,846.6352,913.0037,178260.0545,3508381381.3658,296003625.0321,325567.5807,568597.4163,1021292.6709,3194353.0708,17913.6790,3375470.6634,4437628.7551,8361617.1715,105209062.2133,2137329710.6338,3488278843.0880,45359106.4010,399445.1621,45429.3638,45730.2039,953242.1461,267525.8492,19130181.1051,18640160.8998,48621.0286,14106.2094,1999.4686,2701.6442,4061.9529,1612.5590,6896.5022,4574.6557,2037.1297,994.5500,1071.4778,1287.1393,2598.9735,2605.9941,988.3587,949.8982,977.8099,865.3191
840.9984,841.2355,839.3321,838.7460,816.5278,3473.4352,114904.2425,160777.7908,10707.7221,13530.8563,414.6162,122957.2873,1326.9365,5925.1385,44405.3636,6088.3890,100018.7539,620543.9510,149438.2004,22803.1431,6618.9653,2848.5181,1789.9557,8670.2270,6898.6784,24414.2071,26970.2681,2733.1469,1947.0082,1097.2411,1428.2226,994.4747,1122.6921,1425.0148,1218.2966,839.0948,758.0897,994.5062,847.2624,1240.3555,1005.2285,883.8379,913.8272,809.1722,838.0917
841.0012,841.1264,840.2761,842.2628,834.8788,224584.2085,1023250632.0252,4253621401.5215,358653.7974,8130252.2839,479008.8903,137778493.2178,22965.1888,2639766.2352,190873530.4363,17320614.6133,5277694100.7994,146755086670.5267,85305097623.9843,478356747.8549,3576787.9206,115810.2835,83964.5925,4676274.5565,1784716.2245,145479238.8907,232989739.5369,184824.5558,33151.4026,3096.7961,5061.1432,5337.9537,2414.7548,13266.1087,7097.4762,2260.4300,909.8116,1362.3901,1347.8716,4453.6487,3580.8497,1090.8710,1071.5632,964.8367,867.2513
841.0027,840.9868,841.3133,844.3388,852.1668,1123183.9389,46661694508.0970,19357670385.9037,564216.7510,16827920.8487,8317655.1940,72439476.6083,54960.4865,18511819.3264,387911210.9098,51643699.2698,16006034490.6640,550170098196.5917,858749718849.1279,1977507538.2920,5570804.9912,174536.2893,170083.2703,9130660.9456,3520506.0131,437878110.8392,591737920.3126,242633.6013,43706.8392,3455.5921,5278.0173,7805.4739,2486.2843,18253.7803,9179.3567,2960.0459,1001.7988,1351.3292,1541.6754,5097.8104,4322.7948,1118.9375,1074.4444,1027.2864,876.2636
841.0027,840.9194,841.7513,844.5518,861.8565,813514.8706,1087236461.4666,1296939200.3111,56420.3672,6198101.5888,4430801.5871,8975116.9492,27257.3280,3732249.3460,55894867.4232,14119539.6618,1525730575.3836,21321201626.5556,57596930326.2491,322701082.6916,2116664.6391,69286.9401,80669.6200,2376373.7783,1013983.4876,63330906.3387,97223945.3314,118105.3769,22709.6264,2644.4329,3437.9425,5512.2599,1930.7038,11036.3033,5914.8945,2446.6693,1001.7459,1184.0674,1372.1776,3561.9205,3298.9369,1052.5392,1000.2324,1002.6994,870.2998
841.0009,840.9677,841.3003,842.5409,856.5470,47803.0868,1631897.3248,960267.2832,6883.2795,68671.2109,48887.5958,50923.7378,3620.9461,53552.9601,172372.6894,61010.1117,851959.6886,3727472.3910,6868531.7660,358382.9668,27500.4376,5159.4511,5672.0137,28639.0356,20919.0260,153871.4296,182745.6914,6503.4020,3069.0762,1234.2527,1361.5292,1678.2943,1093.4400,2255.0901,1702.5161,1208.3924,889.8972,928.2175,983.0484,1390.1221,1339.2569,898.4671,883.0676,887.6451,849.5554
841.0018,840.8271,842.2976,844.0356,875.9965,8236.1696,627343.2086,159355.8176,4276.7996,14907.7405,70653.5470,10481.8883,2976.0061,30283.7528,29517.3448,63329.5456,157067.7802,433361.8670,1226288.4462,146169.1409,12535.2562,3561.1178,4609.3756,15413.3287,8659.1896,67874.5700,72181.0746,4280.2974,2224.1950,1062.9879,1046.3098,1558.6922,937.6126,1762.0403,1468.2273,1214.9012,946.7006,843.1066,982.4714,1126.8482,1240.5439,871.8387,841.3105,908.4483,851.3921
841.0027,840.9155,841.7712,844.6283,864.6916,636233.8941,5236679844.9439,1627621699.5434,149048.1645,4188448.0285,4429769.5816,7799913.5694,30787.0529,6083572.4287,45769612.5514,13400509.1290,1255407312.9446,24402448833.2940,57119731696.6002,274980701.1825,1473828.2152,72799.6398,81572.5506,2302959.8307,950708.1381,66515409.9070,83263209.1780,96719.2284,22215.9567,2574.1340,3467.6647,5546.6524,1914.4859,10821.8708,6005.4881,2445.0347,1001.0549,1177.6667,1386.9003,3519.6371,3232.3641,1044.8809,999.3150,1001.0114,870.0872
840.9998,841.1381,840.0718,840.2845,822.9337,61572.8529,2572682.4771,12577468.4969,10723.0707,349612.3691,26889.5263,1191921.7554,4934.2110,89642.0372,2131016.4580,171551.8828,13773374.5691,118329804.6543,82412710.1654,2200914.1216,111976.6629,11972.4354,9789.0821,114897.0409,83182.9959,966456.9834,1366296.0574,16740.5636,6004.3216,1618.7250,2142.1501,2054.4927,1425.9805,3615.7659,2397.1548,1283.1288,832.9514,1078.4605,1014.5578,1999.4661,1649.6953,948.1590,951.3632,873.1794,849.4646
841.0011,840.9914,841.1412,842.2869,844.4447,38542.7444,23194120.8007,20024877.6272,23285.2151,293098.4846,136773.1245,726286.9675,7442.9286,257907.3247,1735679.3301,563186.6398,17733245.3346,164134658.5725,212905740.4531,4976512.4521,136696.6457,15995.7305,15640.2674,186139.0832,98029.9984,1981986.8094,2423299.8832,19891.2826,7038.9740,1642.7362,2059.7678,2544.2241,1387.5010,4157.4350,2794.0074,1509.4523,905.4212,1031.8317,1093.9860,2020.2393,1859.2309,948.7452,931.0265,914.7716,855.2785
841.0002,841.0331,840.8009,841.1756,837.5513,6813.0141,307887.5513,525164.2089,6038.1280,35453.4376,11999.8460,92346.2228,2656.7960,22744.9986,122987.1460,47902.6897,567117.6133,2625417.1026,2413994.0360,209589.3490,21104.2323,4847.3421,4452.4655,24641.1663,16116.0586,118817.8865,142485.7547,5842.2645,2894.2087,1205.7834,1405.1151,1477.4151,1111.2000,2044.8258,1604.3915,1103.8458,854.9862,946.9999,946.7605,1361.7394,1265.8739,894.7568,891.3326,867.7817,846.8056
