1200.3963,1195.6702,1229.9730,1190.2282,1481.8447,2712.6627,1933.9828,1629.3349,1591.9705,1113.8416,1944.9685,1285.9028,1784.6771,2125.6863,1440.2516,1612.0149,1434.5186,1241.9995,1255.9245,1156.8471
1204.3611,1222.3664,1268.8076,1762.6144,4275.0040,6897.7822,2953.4177,2860.1904,1360.9831,1711.1537,2245.3278,2042.7541,2285.5721,1873.4743,2023.7674,1464.5217,1500.6169,1224.2377,1266.1645,1526.3256
1219.8839,1285.2458,1854.6711,5425.3964,283467.5466,107110.7660,48166.4763,52881.3821,4718.4463,2082.1282,12449.5078,6219.1955,17682.6290,16606.4556,5451.0734,6350.9151,2913.5552,1477.8643,1539.1442,2216.3350
1240.9640,1407.6044,2975.0308,18875.2217,4709275.7250,796338.8558,11003.9838,176517.2436,4665.1909,2441.5318,13235.4326,9953.0860,3260.9957,2457.6917,13595.6549,2186.7421,4454.9145,1733.9374,1337.6648,2995.3320
1242.1621,1377.8742,2083.9922,10841.0304,2598899.5691,10752341.3895,266306.8609,75653.3863,3880.6097,10812.1748,353552.9271,117949.0583,129085.2115,244739.7352,32017.2713,35235.5682,10104.2419,1773.8152,2346.2265,10441.9322
1321.9296,1372.1757,2377.4183,27431.1633,15209598.0709,2346273991669.8105,17357931823.2610,6671110.4066,2434999.9783,249257.7014,5051148240.9697,8606046.1137,3051505738.8873,11739702942.8638,24442594.0563,35286441.4594,3278972.8129,8752.8481,39197.4516,92133.6644
1333.5253,1568.1210,5793.6818,233853.9865,49130855.6709,251330609702.4113,5099594064.5086,1218093866.5178,2503080.4842,175593.3342,127004767.9556,2009053.3804,271709456.6719,39213497.8943,28113708.0561,491041.8022,1324592.6336,5618.7345,18718.8489,44354.3267
1297.3420,1276.5657,2542.4649,40940.9965,9990639.2841,5550953066.5687,309902870272.9219,340052412.6865,21051315.8693,35741.7771,260836081.2508,179538.7291,23212913196.5730,22677179110.1653,5943644.9879,64386553.5379,937862.3086,5370.4976,39891.8226,9415.0375
1286.0560,1570.5753,2848.1229,52268.5613,639511832.2068,179343546.2243,446443755.5808,1341023.9696,30416.0921,46446.3720,6296897.6637,1400712.7655,56995308.8132,21406333.5647,184945.6133,845844.8360,29647.6527,2407.7274,5517.5614,69746.4807
1374.6935,1400.5268,4227.9619,82355.6028,344936963.6282,4434449082117963.5000,61390424454.8102,68375509.1395,48089574.4992,179777.2764,548883888439.0267,26712732.5200,21666761572.5548,1262098099767.4653,169408868.1691,811832909.2903,39247182.5512,24915.9858,93093.2700,95523.7417
1388.1355,2076.8782,4114.1679,899464.1593,371173895515.1407,20430806858.1439,1646427182767.3228,144609073.9610,119107.1412,1460115.6441,331281127.4315,241838495.4380,59486918884.7476,2067453278.4497,4517919.8785,25545756.6354,147502.8825,3467.9566,17724.2297,2354314.4552
1372.1933,1216.7298,4386.3270,48288.5852,134167195.3848,10087746473774.9609,173115367081754.4062,64892209211.0486,3726923493.6989,38690.1194,286782298330.0461,1630674.8653,11337655227846.5312,113618442428899.8906,69993241.3729,32088597454.8662,30055424.3247,16976.5056,246173.6073,21707.8138
1317.0907,1341.9571,2916.3317,6615.7266,13637320.6750,173908911686.1414,179856562805.1589,4704881.6909,4469232.4371,56779.8478,5370125674.7600,3961055.5627,22208308593.9214,152011513290.4941,2401873.9651,169856446.4927,1032501.6140,7587.9922,38919.0548,28265.9249
1342.1149,1305.5580,2032.6444,45067.1999,310304.8627,4479056391085.4316,4247720948170.8179,135923323.9724,20183678.9024,792807.1372,19696144060.7574,17499076.8705,241917095927.6850,267253477398.1735,115392304.6557,241816508.1815,8099745.4816,10401.9199,96448.4976,118641.8786
1265.1330,1407.0064,2122.5833,29058.5034,2160449.5539,1364014628.8253,22236751.1210,1052060.0359,33664.7055,97821.2694,7307747.8345,813403.9314,4700428.2797,3454394.6305,934754.8721,126080.7878,99493.3529,2869.3021,6385.2466,28440.1533
1337.1925,1248.3116,2136.8352,10596.6385,1147591.2865,4780739639220.3740,3284016217284.7349,64005204.2038,39768059.4989,184617.9244,47185594672.9814,10482732.7183,280633604678.3497,1379341429523.8633,43676042.8934,767105785.3150,7816383.0785,10972.0749,98951.6436,58228.7887
1421.4111,1314.6010,2608.2979,141105.9955,2294070.3211,279799051715252.4062,10952229666895004.0000,6654427734.8048,915464299.0989,3490921.2521,1469792097531.9382,135075850.7403,188981695561479.5000,149871242609400.3438,2531646628.4834,17250639454.7609,94798216.7313,19676.8001,492297.8912,339493.3958
1334.1610,1384.2132,2678.2515,11892.6796,51554203.4331,7745183809701.9619,64269274641.0197,3718410.8025,1786465.8038,196188.4052,15673227237.2360,24973822.9121,12382150524.9316,103288586628.5234,10490459.8829,147182212.2136,2607891.4616,9008.4854,42185.7527,103139.7753
1269.7460,1261.5728,1914.3370,4704.2256,946669.8962,716864289.5377,6100938577.5718,2399411.3165,813008.5592,26174.8692,90129049.8365,587479.4352,767120783.2088,1791363190.2533,505111.0175,11403005.4138,183247.5919,3791.9919,16696.2396,16172.9811
1421.9757,1389.2635,2622.4557,242383.9095,55241968.5338,37468870911558.8125,79212129249253792.0000,8180330468.5122,474475944.1669,8339551.5419,599538925206.9078,189003753.6019,931561786733746.0000,174743263485105.6250,1591245392.0305,20730653829.7906,41731446.0496,14962.0816,499482.2336,463343.7751
1336.0487,1284.8528,2591.0033,21308.1422,21392358.2117,105795919142.2122,36219926346424.9297,509014748.9514,64664159.6091,221149.2323,14353379224.9565,6509541.3045,1388312286602.0872,2002389287357.5508,24610694.7205,1325854325.1345,3714654.9550,8217.6003,107519.1558,60828.4395
1269.3333,1265.3936,1793.3326,7889.7675,1238529.0557,176500987.9900,16459737436.5634,7396563.8713,998250.3364,43910.8143,52254545.1977,457349.8884,1643841911.1214,1588634108.4587,644527.1904,11560004.4223,173928.9950,3502.1410,18665.4650,18169.0579
1237.0117,1204.9914,1546.1424,3513.0744,91878.5261,14833870.0015,135070576.6713,731759.1888,257877.3974,8284.6698,3439846.6041,40221.1089,29744752.1220,43159352.9518,118730.7290,997889.4008,54721.1118,2610.9477,7980.5887,4708.1210
