1000.3536,1003.8003,990.5134,1035.2125,994.2076,1012.6491,1019.6743,1006.8228,992.9332,1003.2163,1002.1351,1001.5682,1008.1099,1007.0782,999.6912,1000.5658
1001.4219,1037.0013,1131.9356,1465.0598,1082.0830,1384.7523,1381.3971,1053.5292,1006.0854,1061.2806,1046.7588,1051.9838,1061.4828,1109.1979,1062.5828,1022.5089
1005.6012,1182.5331,1608.6389,3421.8033,1181.0844,2285.9443,2302.7160,1213.5728,973.6061,1142.5722,1100.8116,1104.2809,1206.5373,1255.1518,1116.9846,1045.8761
1018.4935,3343.5647,1199593.3610,2263218.1431,18320.1572,3902948.6433,7091292.7776,3270.7553,5035.4799,9510.2508,5255.0643,8342.7291,6172.8926,16303.8713,16673.7078,2999.1015
1009.6261,4450.8126,51581.9958,13547187.9373,50884.2821,2728267.2436,59188.0996,6463.2639,4126.9648,8194.4582,6226.9542,6523.8516,4366.4782,28246.6352,8707.8307,2889.5227
988.7033,1246.5768,27922.9651,23712.4298,8426.7554,94241.0034,22918.4717,1157.1870,3031.4092,3045.2401,2459.5953,3053.7894,1610.0605,4589.7118,4831.9715,1769.5177
999.5257,3880.4006,7041902.7328,878214852.2870,1537024.5998,4320670662.1264,117373242.3864,5819.2464,52651.9002,160065.1082,75127.1288,131448.8994,26791.6380,811905.4593,451305.3036,18054.5408
1030.4531,1655.9379,1598.2704,29891.1530,2463.5591,6288.5112,9773.1859,1912.9179,783.2260,1679.2985,1485.7015,1481.4652,2040.9434,2603.0468,1391.7616,1194.8115
1006.3900,21398.6718,8151876.8151,59574974.5489,1521286.3172,5965813.5829,26389598.6776,18620.8961,14154.7279,14074.7285,19378.8228,17350.6270,5087.0081,105605.1836,16279.6963,4254.8283
1018.9250,29115.0257,1032101.4071,68196690016.2286,807743.6117,20963610482.0973,10026862.7190,54685.9754,23502.0180,165231.3452,69465.3944,84341.2220,69535.0693,1545801.1583,229809.9886,16444.9609
1025.8556,11740.6392,5786220.5397,95503652534.5956,2405850.6776,39275577399.5902,634384682.0365,25795.6892,54535.1479,419129.1129,196714.6801,308047.5662,75004.0109,5212970.1659,720362.9055,31306.3060
963.0394,2370.5590,178524.4418,3373116.7964,86616.5546,21943637.6081,22349.9297,2752.5674,12267.9932,11495.4267,6919.7676,9461.6565,3269.6257,27176.4874,24404.6473,3858.1688
1028.0673,3445.2491,1251784.6915,2405339917.6928,91097.0525,2362290353.9733,114050821.6019,11312.3194,13295.8559,112201.9376,37448.1521,72338.0893,63859.7791,458284.4421,251242.2147,13290.3532
1010.7209,2249.8309,29638.9019,22019437.7697,19101.3506,16332997.3979,371058.7362,4348.9292,5226.4439,18164.2278,9911.3545,13846.2178,9113.1911,61135.0793,25824.5983,4582.0622
1020.4274,4343.0203,289612.2938,3154858450.6694,234230.7373,1294908128.6475,23134498.2487,11051.2494,17502.5294,103178.0655,46747.1760,70438.3846,28352.3368,633414.1916,151462.4763,12554.6083
1014.5538,16514.5178,96381780.9736,1918698457486.5225,20706777.0091,2317460397634.1914,5575395294.4062,37140.8677,218521.0914,1835794.7139,688191.3373,1230145.5661,179179.1300,29499264.9234,4504109.2540,80473.4252
1006.6743,17171.5967,585919415.5150,385586895369585.8750,56674503.7733,1291607195363010.5000,91832913253.6443,91358.2476,975499.0106,13172133.2897,2647349.1957,7418643.7814,932923.1212,282709611.1868,51276833.6868,280231.3529
991.2512,27705.0793,8277451926.4591,118315255966331.9375,1021965377.4867,1034608553457465.5000,245571870732.5937,62454.1228,2587023.9073,16113630.7378,4715043.2043,10550139.1563,448710.4852,378616648.4928,71118582.0895,333961.1519
1019.1503,6596.2059,55987.4678,4564752318.2199,119994.9003,658906091.5185,441813.8730,17394.5637,8220.4200,49939.0298,21788.6799,28159.1524,22768.4396,270073.8999,57731.7225,7846.5174
1026.2571,4564.8782,90594.2569,4894613313.0356,82045.7425,1447614110.5105,8486749.1213,13853.3734,11538.9843,96527.4943,39071.9601,60300.0921,39628.0599,605179.4058,134422.6451,11937.0311
998.7113,25094.1304,27831633.3913,83640974400672.2656,36707936.3857,114410959853849.7031,1810185467.5613,112942.1397,476410.5370,4537791.3287,1166922.8180,2425882.2377,355806.8074,89285274.3740,12198778.5259,141173.3448
1019.6412,27314.5721,293715988.2015,7260489122834668.0000,90864165.7341,8866221841018039.0000,214152816831.7980,170863.8361,1139772.5452,27708495.1633,4664383.4891,12670963.8127,1887268.8632,759257922.5774,91621202.7036,419202.2628
963.6449,1864.0403,925965.2374,2448025.5696,250278.4908,31222125.1304,365588.5547,2044.3063,22513.2985,19555.7119,13068.6790,19047.4188,3308.3867,55940.9657,47069.4453,5367.6510
1039.3530,1760.9254,519.2445,39068.8787,628.9907,2876.9859,9582.5849,2408.3808,467.9057,1375.0580,1245.0250,1152.9390,2504.5151,2015.2858,944.8617,1054.7994
1010.4976,8954.9948,3881305.7150,1095723267740.0037,1913866.4175,1006238052863.5352,323418145.1000,36784.3310,96700.8222,904454.2137,261143.8729,522341.1049,148818.8184,9973342.9513,1979375.6062,49689.2473
952.2447,1030.7883,68730.2723,161.9699,10441.4863,2531.5356,1605.8051,632.4646,4049.8484,927.2941,1063.5206,1184.7562,423.2230,715.8079,1790.7954,1088.9326
1094.6422,23217.6438,1788554.5109,4762174387297721.0000,1031455.7184,72739681687829.3281,101503598096.9997,212229.7672,53472.8682,7171179.7984,1208818.0455,2587262.5289,3104503.4546,175766105.6323,9796140.0980,148294.7737
980.4537,6724.9129,209269416.8200,1236016055962.7056,23752514.7589,16704526946863.4805,3577048222.0683,18366.9072,526527.9238,2373464.0720,630387.6256,1553586.6310,153687.3924,23078868.5768,10487146.1451,99229.4786
1003.0605,5664.8833,1148287.7297,40208550062.5868,594756.3010,49471279043.1479,33279215.2338,18452.2724,47348.2137,288206.4659,98051.0759,179177.4120,59033.0941,2140566.4216,591388.1446,24662.3735
978.5795,1292.5263,90342.9392,543278.0255,26353.2657,3627093.5567,99553.7693,1580.4625,7517.4012,9114.4573,5782.2866,8363.7731,3105.4657,18742.2337,18352.6569,3295.8334
1016.7881,1240.2757,1017.1906,21306.1747,1024.6141,8466.4256,5489.6600,1529.8140,872.0752,1664.5292,1420.5502,1473.0099,1864.6790,2323.8167,1535.6929,1208.3446
988.9160,986.6897,2820.6291,2958.1507,2153.2111,5812.7270,1752.1392,949.4984,1583.0289,1332.9357,1258.9535,1352.7569,984.5766,1506.4730,1622.0469,1163.6558
1017.8592,2295.0804,26544.5762,20835452.6724,22523.2053,9430324.6631,679777.5110,4085.2035,4493.1807,17223.5851,10152.2227,13263.8526,8592.3595,60505.9725,21718.4921,4326.0098
1002.9343,2358.0891,221602.3102,84814114.4928,82590.3741,137538613.5805,3196331.2578,4291.9027,12260.7382,39543.7628,19895.1083,30922.9303,12542.8173,151647.9313,71706.4069,7403.1968
1000.7774,2954.4955,1141064.6487,1869071306.2684,168427.5528,4543548282.8145,19976426.0225,7341.4879,26287.4052,121507.7773,43974.1395,83418.4444,33432.2634,559610.9297,281518.3757,14642.8054
1004.8980,1651.5997,32840.9115,1399976.2143,16885.6010,1802183.1320,253452.4612,2298.0539,4094.1570,9154.2208,6048.7422,7925.2416,4488.4688,22933.8245,13353.4537,3101.1033
1004.6833,1815.1797,124502.3654,6618266.4909,32949.8799,14571177.7482,1220055.7466,2879.4805,6795.3815,18603.1792,10363.8293,15500.7003,8238.0726,52341.8044,33460.1342,4739.8100
985.7341,1029.2684,4972.4336,2828.3598,3169.1186,6572.0813,2578.4614,950.5366,1821.4415,1382.5678,1335.3824,1442.7315,938.1404,1609.3525,1772.4979,1193.7765
991.4708,1066.7954,6365.1374,14362.2903,3473.5969,34915.0130,7616.3767,1124.5742,2031.8839,2191.3628,1816.5304,2117.8041,1430.8639,2968.8143,2981.9755,1467.7848
1045.9037,2264.2810,1700.1523,11686838.7306,2908.8625,765732.3878,191587.1746,4698.6662,1205.1779,8132.0357,5000.1266,5673.3860,8681.0296,25728.7208,6522.9699,2601.6035
950.8740,831.8253,52631.9846,5342.4421,16554.8881,143160.1269,3461.7658,671.0604,6679.0639,2607.1512,2213.3399,2920.0412,777.9734,3207.0215,5814.6603,1776.7609
1037.7084,2311.1087,11014.8807,37362011.4153,8524.3223,6796171.0258,1121764.9226,4840.9498,2552.0172,16857.5944,9066.1416,11849.7370,12907.7117,58688.9245,18165.5938,4059.9072
995.6972,1173.4516,4864.2472,41854.3858,3396.1423,64115.5010,7762.2897,1366.4774,2003.5054,2642.9279,2082.5633,2427.2669,1780.3542,4098.5849,3392.0073,1599.1336
981.3552,1349.1653,66729.3658,207390.2703,24934.9391,929232.2749,75856.4356,1519.8938,5926.2555,6228.6733,4597.4176,6114.0648,2232.7421,12689.9807,11049.8115,2646.9523
993.2571,1975.0611,34807.8957,1196006.4730,23797.1361,1603526.2364,78756.2717,2442.3791,4881.4705,7782.1308,5654.5285,6954.4468,3313.5557,20590.9869,11137.9205,2920.2463
1012.6152,1868.8899,17073.5878,6295031.4856,12540.0494,3959663.3263,245839.4135,3136.9320,3671.1313,11719.8600,6986.6645,9156.8548,6428.9600,33574.5165,15209.6467,3485.1270
1005.6979,1445.2581,8135.8750,474556.6734,6117.2783,413392.5707,45897.9286,1991.6928,2481.7147,5209.4233,3621.7971,4430.0063,3229.3348,11023.3168,6537.4097,2237.5817
1001.1535,1155.5027,3213.7395,30502.4216,2483.8921,32685.9534,7571.0993,1334.4511,1580.1353,2252.2243,1839.8635,2072.0590,1714.3790,3364.0893,2631.8017,1452.4680
