817.9330,817.8354,819.0654,817.2673,816.4044,819.9921,816.6428,819.3093,817.2737,818.6493,817.0465,817.2948,817.7140,819.0388,817.9084,817.9212
817.8488,817.6864,820.7417,816.3720,814.6091,822.7292,815.2652,821.0952,816.4938,819.4700,815.8570,816.5447,817.7721,820.4908,817.8562,817.9074
818.1325,818.3674,816.1846,819.4799,821.3639,814.2860,821.0644,815.5680,819.5742,816.7206,819.8960,819.5525,819.0291,816.1089,818.2503,818.2527
818.4035,819.4449,813.4292,822.4787,828.5236,806.9904,826.6316,810.3650,822.8026,814.1153,823.8162,822.4206,820.3926,811.9915,818.6794,818.5834
817.8568,818.3515,823.0403,816.4869,815.7450,823.5267,815.3222,820.9610,816.9708,819.4104,816.0384,816.5678,817.9463,820.3967,817.9316,817.8930
817.9498,817.9958,819.3699,817.4807,817.1101,819.8241,817.3264,819.1311,817.6331,818.4923,817.2994,817.6131,818.2471,818.9374,818.0056,818.0313
817.9040,817.7809,819.5956,816.9534,815.7426,820.8956,816.0860,819.8937,816.9763,818.9326,816.6338,817.0018,817.6347,819.5061,817.8760,817.8954
818.0234,818.2936,818.5667,818.2817,818.9820,817.7621,818.6653,817.6425,818.4607,817.7809,818.3589,818.3209,818.4230,817.7432,818.0941,818.0784
817.9255,817.9637,819.8444,817.2137,816.5597,820.5794,816.7945,819.5950,817.3766,818.7287,816.9558,817.3401,818.1066,819.3012,817.9692,817.9927
817.9485,817.9975,819.2971,817.4455,816.9732,819.7482,816.9883,819.0316,817.5314,818.5028,817.2801,817.4681,817.8689,818.8260,817.9509,817.9485
818.1719,818.6402,816.1462,819.9078,822.5003,813.3423,821.6928,814.7544,820.0615,816.3453,820.4729,819.8902,819.0635,815.4518,818.2967,818.2557
818.2398,819.7070,818.0013,820.7394,825.3814,812.8099,823.7384,813.8243,821.4284,815.7367,821.4882,820.8598,820.4746,814.8129,818.5957,818.5190
818.7080,827.9406,840.9977,826.7189,849.9566,813.1568,839.9770,808.0311,833.0408,811.5247,828.9541,828.3371,833.4965,811.2542,821.2299,820.7947
816.5754,823.9657,898.5415,807.0701,823.1695,904.4895,850.3594,874.5756,827.9318,832.6637,799.0261,829.0152,889.1919,868.6629,828.4183,832.8398
820.0432,831.2162,841.2454,847.3997,917.1309,806.2996,969.8009,820.2816,874.8608,799.7659,848.0115,883.8096,955.7320,830.7066,839.4625,847.4396
805.8465,854.2521,1822.4356,756.0036,928.1232,2119.4369,1286.9672,1592.1667,963.1094,958.8442,668.5615,994.8392,1830.7899,1494.3392,962.3075,1012.3781
859.1969,12143.0526,1106708.9294,5914.3563,122017.6937,156334.2047,35224007.8209,46358.6755,37289.7800,654.7932,3065.2632,410974.3518,127751873.8372,252960.9245,15057.7627,65163.3250
813.9160,7313.2558,223522860.5557,7112.7037,7515436.3032,51153738.8347,16500654.4267,1402935.6518,1138244.8970,1188.9908,1069.2667,336924.3085,163966123.4525,419448.1835,43671.4100,71067.2383
856.5105,4252.9486,458470.6274,6309.5662,298221.5585,116254.4716,31505400.6765,109028.1012,100178.0453,668.7535,2489.3794,456276.4224,102050946.0360,243233.5073,23938.4619,74938.2185
822.5333,29702.4731,4953756.8539,1708.3119,193140.4605,157308.7753,530001.9626,23138.2783,30260.2311,1022.0574,1715.5106,30994.4136,2252730.2483,88487.2798,10994.1992,15487.2547
938.7921,22575.4151,1022255231.7455,203170.1897,4115294679.4387,127943723.3702,14847121364527.6562,94330818.2622,206155106.6132,500.8246,13961.0033,1604631204.6891,66060721896235.7734,224055943.3711,3011089.2109,28783871.1756
839.8561,15865.6003,6937006207693.5479,226562.3233,11710556352.2920,1887559638939.1602,52208570775673.9453,31326491196.0570,1388715241.5345,2155.4893,2469.8659,4519583840.4081,4478212694549405.0000,17331989250.8666,13021761.7161,149304393.8834
869.2065,16844.9304,32331548054.6392,168919.0060,3543663469.7435,17045274850.4190,23332767127217.1133,2673544516.6784,345242996.2841,1248.1380,4508.1799,2439385008.5409,457181573445980.1875,3180447963.4066,7315766.4801,72568303.6738
877.1308,9643.5873,27937915414.6683,140515.3234,1659531312.9286,3972875074.0881,2550214013752.1318,388503701.4519,149118388.7985,976.2158,4526.3904,546871690.6063,36902894839744.5469,373924937.3862,2293985.2316,18641404.6731
830.2711,1120.3179,3418.2205,1347.5874,4854.9904,2578.5324,23156.0791,2758.7673,3060.4402,732.6356,1089.9810,4868.0479,30872.0770,3610.8219,1836.9513,2578.2635
807.9917,2623.5768,116902.0859,2500.7217,76262.2760,157931.3134,2404157.8852,147079.8082,39645.7466,1085.9696,923.9329,97513.8295,8520180.9693,188047.5026,14249.5641,32357.6441
911.1363,8107.3488,3487215038.2938,142974.6697,1343011966.6432,312648136.0653,1847636488619.6152,59628786.4264,85977118.5372,608.8195,7958.0256,389078392.1339,11090965786889.3125,84758496.7300,1308286.8015,10288374.4125
799.8323,1224.6493,82434.5850,1500.7781,14556.4893,66696.7801,95441.9014,30665.6151,10081.4038,1105.6279,673.2513,12826.1975,302996.3048,24554.8187,4258.6847,6892.5950
839.8963,2040.1208,405706.8853,5269.2709,229757.0528,165033.9576,11319822.5664,112933.7555,78884.6354,762.2330,1630.9455,217504.7440,29607920.0351,153483.5291,16965.6716,45201.0268
832.9599,1241.7022,20521.8310,2106.8059,26380.9451,15357.2819,183477.1037,10458.0568,11465.0038,739.2598,1191.9661,16771.3137,288400.8711,11189.6247,3840.1975,6282.8453
848.9755,2416.1128,3678256.9822,7740.7231,937344.3087,1193846.9320,66174094.1800,241580.7390,247820.9434,734.9404,2083.5022,637495.7031,322392075.1451,351864.5719,24340.3713,89643.6783
784.9108,1947.7275,64823.9175,1334.6795,17438.9096,118680.4570,243688.6715,88588.7738,13636.7705,1369.7682,562.9325,24868.6513,1024994.1097,91736.9200,7403.3536,13585.7358
855.0309,3784.3016,901210.2983,8319.9952,635240.7477,360987.3951,148990926.7611,258380.6520,188746.5053,689.9189,2527.1006,1049794.0403,441417713.9672,584665.9999,34957.2326,137797.7238
817.0898,1265.1599,18507.0876,1584.4027,16099.7385,16938.5076,88210.7764,13450.6586,8634.3978,883.5092,903.2683,11679.2299,159173.2260,12895.8324,3709.3307,5589.1193
842.1066,1582.6086,34960.3345,2903.3222,57770.3894,21327.3955,946026.4045,18912.4932,23190.2776,685.8360,1500.7020,47848.4279,1645522.7510,26461.2301,6394.4602,13134.3017
832.2863,5425.1887,9992809.9034,12892.3394,6881985.1851,11617483.2013,1611408920.2695,5906745.0657,1623225.2291,1038.7164,1815.0080,5748557.8724,9520569339.6425,7526815.9361,167424.4498,671388.0063
872.5609,5459.5493,6827452.2407,22666.9452,22950990.3548,3293387.1263,3490194919.2331,2311992.3355,2829972.7498,655.1172,3439.5437,8421273.3854,10035373335.2413,3110802.7326,170888.9217,648602.2388
794.4727,6590.1735,536845278.1955,16440.3466,19150896.6143,858613603.0415,8120881475.2831,142547553.4157,6162281.3177,1926.0492,976.8624,18984780.8356,175769066368.5660,105919026.9626,545904.0738,2538441.8664
881.6367,5953.3248,6107783.8983,21432.0496,25875194.8826,1489598.5101,2325651742.3160,1349673.0779,2870102.2903,579.7873,3824.5600,6845773.4277,5276042428.7485,1788512.2218,145020.6060,503744.2366
820.8576,906.9115,2149.9516,988.6841,1792.9292,1747.3423,4267.9871,1571.6545,1488.2510,801.8997,883.4621,1827.9052,5450.9971,1707.7233,1150.9675,1359.4094
825.1028,892.6038,1645.6052,1021.0851,2070.7756,1366.4692,3818.3726,1334.2699,1553.9250,760.4478,944.8215,1746.8613,4194.5518,1396.6201,1126.3473,1277.9041
830.5364,1104.5071,7988.4906,1574.8407,10881.3661,5577.1964,49843.2177,5087.5320,5691.9932,738.8862,1104.3195,7834.4382,67554.1491,5507.2315,2517.4510,3647.5615
817.4291,1028.3821,8159.7159,1247.9456,5379.7731,7206.6883,29306.1965,5590.9574,3832.1138,857.5255,876.9170,5736.0960,52534.3562,6149.4364,2165.3131,3192.5137
814.7380,888.9517,2728.6960,940.1377,1904.1331,2628.5803,4862.4024,2195.9401,1640.1056,863.8991,797.5966,2005.6053,7155.1838,2252.7512,1256.1953,1519.0041
