977.9982,978.0017,978.0068,977.9867,978.0040,977.9742,978.0130,978.0233,977.9712,977.9456,978.0773,977.9783,977.9662,978.0463,977.9726,978.0588,977.9741,977.9778,978.0295,978.0168,977.9692,977.9981,978.0106,978.0033,977.9876,978.0061,978.0022,977.9993,978.0051,977.9948,977.9950,978.0006,977.9876,978.0053,978.0132,978.0018
977.9995,978.0004,978.0017,977.9966,978.0010,977.9935,978.0033,978.0059,977.9927,977.9862,978.0196,977.9945,977.9915,978.0117,977.9931,978.0149,977.9935,977.9944,978.0075,978.0043,977.9922,977.9995,978.0027,978.0008,977.9969,978.0016,978.0006,977.9998,978.0013,977.9987,977.9987,978.0001,977.9969,978.0013,978.0033,978.0005
978.0056,977.9947,977.9792,978.0406,977.9880,978.0787,977.9606,977.9290,978.0880,978.1660,977.7645,978.0660,978.1031,977.8588,978.0836,977.8208,978.0790,978.0676,977.9100,977.9487,978.0939,978.0058,977.9678,977.9900,978.0377,977.9814,977.9932,978.0021,977.9846,978.0159,978.0153,977.9983,978.0379,977.9840,977.9599,977.9944
977.8559,978.1357,978.5329,976.9638,978.3123,976.0121,979.0741,979.9733,975.8332,973.8725,984.1408,976.3190,975.4237,981.6672,975.8805,982.5985,975.9993,976.2727,980.3161,979.3179,975.6094,977.8671,978.8261,978.2568,977.0418,978.5038,978.1801,977.9622,978.4040,977.5972,977.6091,978.0458,977.0381,978.4238,979.0316,978.1450
974.2932,981.6440,992.9677,957.0329,1011.1094,1011.7117,1171.7922,1310.5287,1038.4182,1042.8887,1334.5075,951.4580,992.0028,1158.7389,951.2939,1115.8336,961.5536,936.9393,1068.0539,1032.9884,934.9423,999.6604,1004.8580,985.2763,966.0841,1039.7997,994.8450,1000.5698,1003.8869,972.3668,969.4306,983.7501,966.2527,1012.4197,1013.3344,985.2497
976.5075,981.1692,996.9481,1040.2853,1333.9989,2311.8530,2978.6017,1615.3193,1145.5248,1140.2427,1270.0793,1105.2837,1027.9999,1141.5778,1017.4763,1075.1817,1197.9145,980.9847,1232.8029,1219.1904,1084.2742,1017.5780,1029.4896,989.2005,1074.5895,1222.1274,1005.5546,999.8753,1005.9999,986.5666,995.0934,986.2871,1011.8230,1031.0068,997.3624,982.6953
993.4844,964.9611,934.2540,1137.4227,1143.0021,3943.0694,2317.5128,3252.2419,3794.1104,4029.3040,1131.1158,1324.1977,2182.0897,1078.4253,1486.4461,671.8998,1611.9128,1207.4217,914.3429,992.6269,1413.3457,1163.2949,945.8443,957.1316,1211.3871,1407.1047,1039.8341,1160.8672,1039.2150,1062.4922,1031.1916,1013.8570,1182.6845,1079.5895,921.6530,984.5434
926.6420,1046.5477,1351.9012,1349.9510,5487.6227,38676.5894,326083756.5840,645119515505.7007,32526399.0869,737393466.7399,3049220399.1140,8020.5327,4584789.1615,22339303.7991,45520.9953,61119.8200,117371.8657,815.4099,28862.1515,11737.8019,5233.7527,62588.8385,4181.4175,1143.0082,3245.9619,329287.8722,15038.6688,77385.6186,39196.8444,2928.1043,964.6505,4167.0062,7229.8899,60827.9903,12525.4819,3383.5565
996.3193,982.1795,1087.5155,2026.9915,4351.0325,1240190.3234,3243277152.4173,586334725477703.1250,555569486509.0013,26562238737025.7344,1962678242575.1699,50229.0202,14831255740.7472,2117302912.5475,4580757.2523,21020.3790,2008391.7674,3343.2356,261159.7242,30761.0627,145384.8875,2742633.0509,4674.8487,989.5707,27864.5560,30419893.0386,119893.4190,2587665.3605,305006.1563,13484.8069,1108.6675,12240.9798,149682.6641,1301179.5302,48029.7370,8997.2109
971.0404,1009.1268,1233.0838,1737.8303,7012.7154,2390722.8617,36847566537.0758,6658704536243012.0000,1412187824265.2893,46279675981462.5938,29388412482055.7969,70961.0064,32575935750.8078,14595105255.2672,5460891.3145,69598.4383,2575345.9369,2843.3763,698182.7084,61463.7004,119550.6532,5368712.0297,5635.8973,1036.8327,33099.8518,95083186.0198,194907.9788,4655257.3032,520405.6145,16299.1114,1040.5419,15712.6062,198859.9769,2239687.8360,81433.5787,11710.2124
985.5128,983.6617,1060.8464,1525.4454,2909.4216,156985.0800,248745521.4358,2217674990441.5947,3140972303.2894,62630268520.0677,11573056754.7348,19192.7584,217510194.6192,65854682.3278,355746.4979,10867.2834,375933.3311,2028.6786,45042.6781,11439.6290,23008.8590,306932.3743,2675.0953,989.7609,8187.0202,2215660.2623,29083.3321,309293.8487,70274.8449,5867.8244,1047.7126,5928.3844,30522.7731,165368.1335,15855.0008,4579.7689
994.7739,967.8563,962.0054,1315.9495,1595.1413,16481.7720,470877.8015,163465315.1559,8894406.3443,66329714.5280,11401212.9791,4598.9543,1693406.7002,453970.7675,37657.0882,2177.8911,19874.2663,1616.4727,8164.2128,3099.8700,8168.4184,25963.9237,1479.5274,960.7020,3668.6659,72444.2044,6158.8916,23781.0712,8473.2054,2422.9745,1048.0113,2244.9416,7316.9237,18085.0814,3746.8694,1990.2727
949.0508,1017.5740,1206.2497,1051.3512,3506.0794,127963.0572,112592121.2231,108526260750.2299,452834094.7131,1722750723.7341,9981373319.9582,9533.3239,28209327.8830,55827326.6384,102467.9024,20805.2303,84434.4983,1223.4722,80610.7617,16971.1669,9265.5494,161139.9753,2607.0383,1056.1543,5432.6269,1544657.8982,18927.5075,151595.3109,39319.8210,4292.9121,943.5670,4327.1820,17323.6187,94333.8552,13729.2350,3654.5551
973.6722,1008.0920,1232.7477,1952.2831,6042.1168,1786798.3021,72033952475.7816,48137919084162704.0000,4334134846250.6138,266125357487907.7500,66851749967370.9141,83317.0781,78924056358.0733,26607124214.0592,8235275.1165,80512.5305,5925317.5899,2979.6188,627461.4087,61718.5724,142591.9374,7319052.6722,6647.5101,1036.9245,32235.5040,134716779.0384,234838.0022,7403014.2914,820651.2428,18880.8769,1058.7190,19676.3625,229331.4866,3330374.0745,102013.7578,13660.9750
995.0632,978.3448,1054.3250,1817.3547,3442.3311,355489.0415,1268835874.7809,44050972170243.8906,39006029915.4441,1457390368206.6392,104272095149.8961,35040.2063,1839050840.9529,318031679.3336,1223791.4838,13551.5904,1033230.6520,2668.9191,82748.8371,16400.3046,52713.8841,857810.8705,3323.0976,979.7097,14108.2653,7604211.8411,56959.8453,855766.4348,148102.8003,8720.0627,1088.5310,8592.9623,63910.0854,422475.6400,26140.6964,6388.4363
966.0039,1000.0718,1122.3207,1205.6401,2728.1568,83654.2213,74899346.7969,194019893623.3514,573375546.2651,4832975876.0900,5426154243.0735,10807.9402,44197794.6240,36438515.4120,145165.9355,13695.5060,120086.2582,1480.7564,48597.4089,11286.5830,12284.1180,168358.9602,2498.8504,1020.1780,5929.9120,1202669.2278,20102.2939,162578.1952,42157.0231,4467.1091,981.8348,4545.6955,19196.1478,98817.0401,12822.5278,3743.9271
1013.5553,956.0570,936.7886,1764.9375,2254.4935,97357.6578,8951767.0080,35190185517.2723,895809064.0633,17723939231.6715,605418735.2406,13326.4561,81199191.1866,7511479.2681,343475.3653,2931.4622,122977.3090,2612.9758,26046.3295,6388.5587,37543.5331,163426.1154,2046.5160,939.5485,9770.9249,693346.2900,19425.1750,145076.9578,30381.4855,4792.4797,1126.4578,4097.0568,27515.8371,94098.2066,8646.0562,3381.5984
953.4571,1015.0712,1201.7141,1218.8945,3169.8454,97445.6564,393582031.5278,4121995899954.0898,2294486515.3251,30373610322.6617,55691794870.3981,13770.0965,140770423.7330,177339510.7438,248227.3275,32649.2878,245129.5818,1382.5614,82105.4991,15660.2613,14335.5058,324865.6947,3348.7402,1050.7158,6970.9089,2764617.9374,32778.4633,333123.0087,82116.3896,5481.3663,958.6672,6152.9529,26224.0772,196337.4693,21178.7874,4898.6454
994.7955,968.6745,969.0961,1370.9421,1607.9516,18445.6803,1978470.9613,1714209102.7539,25408164.3091,311892222.6100,34695691.3395,6012.0537,4314184.6265,1049442.0962,56448.3279,2886.8575,44549.9332,1680.5715,8730.4001,3355.3282,9327.0293,38830.4491,1647.7439,961.3404,3984.1128,119597.2889,8087.4742,38439.0135,13408.3019,2797.5376,1049.6138,2731.9696,8987.3777,26332.5372,4846.1770,2328.0880
1035.0753,928.6134,803.7507,1547.2087,1037.5157,6223.3210,10364.6219,110510.9211,94917.1105,475212.3077,7562.4593,2989.0747,53366.5707,3528.2790,7788.4540,246.7749,5845.8933,2098.1020,917.4283,891.1964,4541.3162,3450.2697,813.3798,887.4183,2087.2103,4419.3454,1692.3542,3153.5805,1768.7494,1477.7583,1149.3952,1230.3163,2689.9530,2398.4479,1036.4471,1140.9836
921.8769,1037.1595,1249.4077,699.8096,1703.2272,3556.5474,264454.2210,4401351.8833,102287.7909,87710.4822,6354747.1268,1216.9783,26892.3849,272911.9133,2529.7952,12299.7643,2464.9153,561.5574,10168.3890,3896.0484,889.1359,6069.2759,1717.4575,1095.9060,1193.3107,20725.0564,2744.9595,5887.5969,3873.2313,1298.4400,846.5408,1516.3558,1822.9105,5658.5621,3176.7884,1485.4055
1045.6898,921.8361,788.6592,1795.2167,1221.8982,17535.1064,85682.5585,9056718.3192,2916689.0288,33669668.7441,187880.8896,5766.1074,941107.7519,31875.3668,36406.1549,323.2548,20906.2531,2685.1749,2035.5809,1358.3855,11780.4530,12885.9442,958.6526,875.5186,3766.2869,22193.0076,3699.8151,11465.0961,4334.5987,2186.4218,1192.4057,1761.1875,6365.0564,7838.6626,1799.8523,1548.9593
864.8344,1101.5381,1583.5038,443.4210,1780.9426,1291.4437,448090.1805,56926349.7280,101724.9189,61022.8305,270515417.3997,620.4219,19265.8866,2719129.7003,1514.0314,115344.5295,1509.0070,267.6431,32902.9889,7353.7935,375.7873,8238.5839,2646.0500,1225.3715,870.1011,37049.9996,3780.7694,8706.7784,6404.9924,1210.1258,708.7807,1757.1230,1466.0722,9989.9500,6145.4454,1759.4793
1090.9366,890.8514,707.6215,2838.5051,1772.6073,234340.3471,6389061.7931,8807862887.8978,1605372608.3610,71447884954.9396,13965471.1039,31161.4658,200181368.9625,801321.6812,695821.8090,244.1918,347390.8819,6048.3301,5830.2359,2896.6444,90605.6012,134820.5410,1198.3167,820.7265,12754.8935,426631.7840,14447.3569,117151.5709,21610.5445,5438.1133,1361.2869,3755.6549,36233.5410,55906.2439,4441.2083,2925.2517
915.2333,1042.0070,1258.6571,628.0906,1310.6785,617.2300,3787.8045,4668.7334,509.8871,213.1648,23489.4384,494.6213,369.1472,6574.6524,397.7990,8419.9698,458.4340,447.6507,3195.7990,1999.5857,350.6902,985.9975,1473.8335,1106.4957,664.6941,1494.7639,1097.6959,1024.3766,1231.4046,826.3168,825.1367,1013.4692,654.0469,1266.5781,1606.2390,1055.2042
1050.1337,916.7026,765.1373,1783.2364,1103.7404,6994.3494,4647.0020,75048.0795,67996.1215,599483.7656,2478.9571,3272.9572,46889.7389,1555.8162,8939.8291,155.1374,6679.8456,2476.3622,677.3922,755.0900,5956.7696,2927.0248,760.7368,868.6518,2316.0469,2879.5064,1567.3315,2681.4801,1547.5592,1471.7285,1208.4200,1184.4086,2734.7215,2107.2744,877.9293,1090.2936
956.2101,1007.8804,1145.0778,1091.0864,2138.7756,26399.8214,12473668.2545,43262250298.8812,129126204.9744,1163334622.3650,2107882431.9740,6026.3109,12741070.9664,15666275.7344,79159.6956,15319.1171,56049.7325,1193.1306,35002.5667,7965.9268,8368.0723,95208.5678,2479.1806,1036.2692,4542.8286,487681.3823,14942.7423,94650.4625,28915.8750,3484.9628,949.0576,3762.9325,12583.9486,69145.6708,10403.1495,3181.7162
938.5177,1018.9068,1158.9831,786.1067,1451.8134,2040.4032,51115.8225,438193.6635,13647.4898,15307.5481,205233.2462,1024.5516,5957.3303,30666.3617,1332.0138,5201.2303,1881.4163,642.0910,3558.8263,2249.7688,748.0042,2446.7705,1413.4069,1060.4712,970.1132,5601.8821,1640.3272,2554.0521,2181.7644,1080.4018,889.3834,1232.2042,1186.1237,2433.2014,1911.6866,1215.0969
985.4334,979.8061,1025.5827,1379.9856,2077.9742,43422.9413,18829955.5196,46010921420.1432,169692196.5836,2574699725.7501,483379028.5001,9305.2262,20038553.8841,6852682.2584,106998.7785,6039.1872,111456.9318,1680.7012,17407.5462,5779.2695,11696.7992,89574.4286,2066.5402,982.8742,4980.2049,411893.5368,13669.4253,91359.2074,27817.7100,3711.5088,1033.6377,3793.0403,13911.8730,56525.7728,8217.2205,3087.3374
1014.0765,946.4910,865.2568,1325.3631,1096.5644,4512.8300,16234.9956,53107.1448,34462.2850,87259.1006,5878.2017,2248.3321,18558.5228,3370.7475,3835.6844,411.2760,4091.1961,1603.8591,972.0744,999.0752,2554.1728,2396.7630,875.8818,921.0496,1572.0190,3561.5348,1411.2279,2315.5255,1558.3955,1298.0029,1087.5895,1155.4216,1907.3861,1786.3007,1043.1528,1093.5919
928.2948,1039.5497,1314.6644,938.1309,3571.1620,81011.8835,288061645.8395,942046646674.7946,512176489.9624,2573366500.8226,44996752644.4961,8758.7115,31957914.1350,151763859.2969,86525.6355,53469.7882,113724.8904,946.3596,97145.6490,19740.7835,6058.2734,191015.7647,3216.4481,1099.3365,4429.8881,2005664.9337,22581.4651,197363.6372,58266.3885,4353.5090,889.5509,5088.5549,15644.3800,122335.1548,18845.3298,4176.5759
1038.0822,933.4627,848.9246,2015.5539,1886.9765,84681.1382,5396959.3857,16728771017.5858,576122448.6950,16879249634.1954,102921952.5337,15767.4727,72244119.1459,2422438.1979,331077.9034,1221.3122,154303.4480,3298.7540,12121.7981,4056.1778,41012.6557,122822.6677,1628.3871,896.5835,9343.4844,410942.0771,15447.8188,108912.5354,23980.4133,4593.8555,1191.4168,3761.6019,25360.2210,65619.3411,6234.9698,3037.1695
932.4338,1030.4079,1240.2737,873.6971,2004.8942,12285.7566,7046788.5547,10585519091.0729,22308666.0533,108564026.5281,1269611499.3996,3437.5162,2594824.5608,10344793.0526,30038.3098,25901.8136,25134.0670,809.9947,32578.7812,7459.8152,3785.7478,51337.0556,2539.7842,1080.4802,2931.1583,251209.0783,10656.0863,53090.3525,20617.0596,2638.9547,882.0249,3120.2367,7238.2385,42132.0454,9186.3471,2745.2586
1012.1227,948.8120,876.3293,1329.7490,1174.4097,7006.7920,38721.2400,346425.0310,137056.7696,406637.6580,31821.1898,2734.7517,55933.7940,10268.1496,6259.4759,527.0785,6214.8679,1632.3509,1484.3302,1278.1378,3201.9487,4044.7441,938.9326,924.6326,1828.6920,7534.8876,1861.8970,3857.1351,2207.4294,1472.7821,1084.1790,1307.7815,2523.8798,2824.0471,1318.0909,1217.0427
926.0492,1034.3556,1245.5735,753.5359,1827.5009,7070.6344,1151334.5141,161826627.3369,1468777.7483,2485298.0757,87584549.2453,1968.2515,243288.3904,1677800.7644,8045.1261,17159.9474,6936.4952,657.5932,19151.9973,5651.6200,1710.1100,17083.1952,1987.8319,1087.9123,1801.4186,74783.2228,5134.7320,16854.0390,8342.9786,1805.9066,858.4806,2084.0052,3523.4183,14523.6287,5195.2814,1949.0464
1007.6462,958.3296,935.2761,1544.3207,1769.3956,39841.7027,4920685.4468,7499470071.4170,118739252.0905,1884752761.7525,90851920.6910,9419.3304,16333414.5007,2186659.3905,116909.8197,2445.7366,85292.5277,2123.8841,11441.1053,4130.1951,15825.7759,69996.9347,1685.3712,941.4376,5498.0363,254958.3506,11175.4319,66989.1686,19175.2605,3553.1878,1090.0462,3272.3327,14149.8220,41955.7822,5903.0563,2706.0593
997.6765,961.3550,920.8989,1189.3984,1089.7910,3367.1892,18699.9832,429743.1564,83734.5223,308779.2392,52283.1993,2057.1425,38999.4459,12099.8666,5275.3884,858.6469,4455.6050,1359.6395,1685.9906,1265.1684,2586.7208,3818.3141,1026.8047,946.9212,1667.4161,5899.2386,1929.9380,3691.7009,2263.1698,1385.9169,1038.4676,1307.4083,2248.8887,3033.7936,1455.6760,1231.6789
950.4732,1005.7338,1097.0379,823.9674,1179.7163,1533.5286,17753.7178,176663.4762,14963.6857,18912.4112,117568.0890,1028.3128,6833.8951,19462.3214,1622.4127,3338.9361,1669.2174,737.3654,2798.9170,1768.0757,905.3457,2424.7910,1272.9460,1031.3900,1037.2454,4527.3695,1601.7091,2449.8420,1960.9206,1098.9965,909.1834,1200.0282,1285.9996,2346.5870,1714.4972,1185.0371
1015.7634,946.0187,868.1996,1379.1468,1186.5147,9386.5573,65390.8454,1165994.0797,425644.3281,1646056.2492,82401.4028,3287.6846,138101.4309,19711.0201,10273.1045,558.0517,9140.4951,1761.5502,1844.1424,1419.3158,4241.7276,6028.0611,974.2576,919.2138,2169.4262,12253.5737,2352.1964,5753.1558,2892.1314,1653.3594,1094.5244,1452.7459,3277.1838,4045.2622,1548.4644,1330.2884
968.9278,988.8478,1032.1949,978.6713,1276.4776,4086.1503,69203.0463,1847151.9882,164546.6325,361589.7136,551821.9406,1813.2653,52832.4722,58198.5938,5007.5174,2487.4305,4202.9367,995.2348,3809.6293,2070.0970,1936.4551,5576.2627,1272.9723,998.9010,1578.2400,12731.6488,2472.8219,5408.2283,3182.0653,1428.3150,961.7551,1456.2357,2352.1027,4572.9084,2136.4599,1383.0031
1003.6882,958.6472,921.8296,1370.2147,1356.6502,9412.6679,179139.1839,65385391.7343,2747275.3776,28143797.8334,2302845.1775,4006.2752,798744.8914,145434.7497,25825.1990,1417.0251,17604.1807,1684.7681,4283.2030,2053.9513,6807.5313,16093.3129,1296.5184,943.1695,3121.2871,32277.0727,4626.2023,15078.2049,6263.9154,2118.1850,1068.8051,1983.3947,5565.9346,11668.4195,2804.7839,1754.1995
971.0080,992.9913,1080.1705,1169.5978,2421.0171,60213.4160,9641438.7223,4426324769.6881,62225636.4213,294892172.6709,439686793.8396,6795.6607,7502702.6750,5763971.5242,67814.5221,7320.3775,35798.2557,1411.4025,30363.4953,7492.0881,9409.4037,71948.2740,1983.5456,1008.6384,4996.9296,368222.7337,11804.5604,62249.5579,18249.7606,3253.9916,992.0057,3116.2299,12289.4842,44113.0075,7439.8878,2735.4512
933.2683,1023.1632,1172.8947,724.7266,1216.5234,964.6877,6954.7447,91202.5220,5788.7399,6063.9833,141275.8640,732.0813,3002.7896,18472.7580,1095.0819,5712.8606,967.4054,584.8637,3469.2325,1930.5568,656.6130,1971.2225,1397.5850,1066.4073,908.6790,3252.2614,1517.3701,1978.5334,1770.4261,993.4222,866.9516,1149.5888,1046.7277,2185.0756,1803.9693,1160.0866
999.4655,963.6365,946.9100,1360.8035,1549.4452,19849.7694,1147641.7577,484554374.0224,15817313.0849,142113276.9156,14861546.7274,5714.9197,2839457.8015,610166.2751,45437.9690,2079.4120,33236.9753,1734.9767,7469.6459,3129.1596,8591.4265,30947.0714,1470.2402,951.1481,3734.8819,95373.4672,6736.8008,29616.5739,10415.4786,2630.1802,1057.9979,2458.3109,8094.8961,20127.5569,4042.3232,2125.3553
953.8114,1003.5847,1092.8011,878.4657,1294.8873,2657.5448,29626.4490,904215.9611,75222.9876,133906.2153,604936.6749,1294.6052,25273.6404,53664.6390,3523.9513,3886.4530,2493.2176,810.1487,4514.8935,2176.8596,1475.5294,4487.7436,1378.5200,1028.9062,1396.0165,9253.9701,2304.4341,4346.3854,2807.3475,1285.1596,924.1163,1377.0453,1923.1701,4181.0229,2176.7555,1336.5831
990.4509,976.1713,1015.9170,1447.6041,2207.3623,67130.6212,28162341.2985,106767374982.5341,551731157.8958,8703445094.0938,1315316547.0722,11824.8961,52065200.8312,13666797.5807,190770.8008,6083.2374,143462.4276,1926.0572,26356.5450,7198.2051,18027.9698,145981.7351,2184.3143,974.7136,6639.1320,756421.0944,18220.4289,141603.6895,35863.9202,4452.1052,1048.1299,4314.4647,20305.7691,85871.4706,10011.5536,3495.4375
994.9600,965.0888,940.6504,1207.2393,1320.8292,7852.6790,79495.8226,2140723.0277,418256.8575,1341930.0892,347898.8186,2744.8352,131588.0804,44901.6385,9372.2797,1158.2514,6740.8504,1405.0517,3170.4424,1868.1744,3559.3989,7217.8133,1134.6753,954.7868,2109.2164,15885.6138,2722.9274,6669.6732,3328.3441,1639.0999,1038.1197,1517.3468,3266.4266,5240.0178,1945.7512,1409.5748
957.6935,1002.1358,1099.7939,969.4532,1628.2212,8887.2214,1107011.1098,216242163.6398,2588135.3607,9612866.2734,24003121.2590,3006.6401,511206.3976,781088.3397,13882.7245,6421.7155,13454.5079,982.0807,9947.6879,3852.4714,2931.6549,18300.1480,1685.8317,1024.4425,2215.3434,64424.6919,5184.9476,18232.6853,8448.4057,2007.1624,939.4060,2153.1345,4407.6830,13915.9323,4276.7565,1944.4480
1004.5958,955.2654,898.9430,1251.9034,1132.9009,5136.2166,31543.4554,396549.5258,99795.3937,310984.5813,35498.7074,2375.8147,42882.2986,10619.2175,5259.3330,664.0123,5529.9157,1478.5610,1496.0944,1274.5282,2695.1984,3717.8573,973.7788,936.3612,1680.3179,6615.4105,1821.3267,3631.4904,2201.0538,1414.3285,1060.1252,1297.9873,2282.0310,2746.8360,1357.8748,1213.2515
986.4604,971.1663,955.9811,1079.5526,1088.0180,2179.2525,5576.4046,52937.1553,15185.4874,38682.0045,16972.3277,1438.2256,9314.7174,5122.5747,2566.4607,987.9718,2163.2204,1142.4457,1464.3969,1173.4503,1670.4219,2193.3590,1022.7075,966.4684,1323.9931,2877.8498,1446.9855,2112.0451,1565.3473,1173.2907,1007.1046,1141.4770,1553.2808,1957.7501,1237.3984,1106.9138
956.7301,1000.8767,1083.2235,898.9291,1320.4522,3503.1250,102104.3416,4348059.6964,185392.6340,401608.5272,1362239.3366,1670.2957,56000.0978,103318.6880,4692.2510,3979.7847,4246.7038,864.2200,4891.0468,2407.0594,1650.4127,6251.9040,1399.9170,1021.7701,1494.3666,15436.4196,2710.2245,6191.7307,3704.4760,1432.2403,929.2971,1528.2250,2307.9741,5348.8311,2501.7319,1451.4754
1003.9042,955.2578,896.2597,1220.7310,1042.6421,3220.1253,10108.4435,77545.2259,36961.6075,99465.1164,13291.0394,1929.3618,19445.2171,5091.6079,3857.0250,592.1528,3384.3376,1424.5244,1223.6547,1076.4971,2338.7444,2655.9394,934.3799,935.5666,1530.8769,3809.1747,1534.6233,2549.4731,1689.6738,1287.6901,1054.3098,1182.7852,1907.6421,2089.4546,1173.8159,1126.7192
959.4519,999.8019,1086.8275,960.6755,1537.1876,7817.8750,548663.5047,66519738.8383,1492248.0008,4561982.3142,11504550.1107,2614.7888,313519.9852,461155.1640,11296.7557,5246.6084,9704.5822,976.8218,8654.6064,3445.5868,2729.5585,14362.7519,1582.4783,1019.7469,2085.6184,46688.4441,4426.4862,14073.8081,6714.7901,1858.1878,941.7612,1955.8158,3897.6525,11107.5742,3683.9145,1794.4527
974.6177,984.1133,1016.0584,1049.2943,1313.6951,5078.7385,164148.4747,11906106.0437,490208.3575,1824220.2846,1380059.4663,2381.2969,143949.0384,111119.9695,8435.0077,2589.2840,7679.2488,1108.9237,4245.4407,2216.8785,2631.6417,8479.6217,1336.2008,989.8782,1874.8140,20147.2305,3194.8309,8389.3456,4476.6478,1640.5420,979.2163,1671.7209,3086.8747,6669.6776,2549.7602,1544.4021
987.3874,969.8081,948.8094,1066.9600,1022.7044,1788.7033,4475.1222,19598.6001,9006.1044,15992.6002,7248.6596,1345.7320,5660.1912,3248.0994,1997.3441,866.2144,1866.8827,1133.9901,1203.7001,1076.9295,1460.6720,1738.0649,979.6473,962.6551,1209.5783,2254.3105,1265.5511,1704.5663,1354.7150,1121.0986,1006.0022,1086.5887,1372.2904,1538.5557,1120.7297,1061.0526
973.8772,982.6149,999.6569,971.0065,1063.8473,1595.9324,6861.1391,50005.2580,11406.3017,19620.0969,21608.1200,1213.2359,6414.4405,6422.6240,1917.8123,1427.2938,1803.3948,970.7455,1638.4575,1275.5174,1246.9829,2001.8345,1080.3189,986.7676,1151.8115,2889.7468,1398.6076,1986.2340,1571.6907,1115.9903,969.3312,1131.1247,1354.7034,1842.1926,1319.0154,1108.5151
992.2261,964.9447,928.4165,1090.6097,965.2343,1365.2113,1506.4337,2618.2394,2476.3435,3643.6325,1235.8842,1225.7262,2129.8057,1079.8951,1425.7716,649.1980,1390.6607,1173.2843,856.0532,900.5990,1327.3609,1165.7802,914.0728,953.4949,1120.2326,1206.3058,1034.2150,1150.9482,1037.0934,1048.5868,1017.7561,1002.3135,1160.8180,1074.2164,932.4492,987.6475
974.4353,982.7023,1002.9505,993.5523,1138.8560,2464.6917,19032.7243,273194.6648,42254.3547,87227.1970,90306.9693,1490.3758,18418.3370,16821.8793,3109.4780,1667.1799,2753.9703,1013.2218,2276.4931,1528.3517,1590.0332,3211.5569,1141.1596,987.0026,1343.8623,5647.4682,1795.7499,3145.5019,2141.6448,1250.4215,973.1942,1260.4893,1762.7348,2776.3295,1598.3741,1215.4283
969.0543,986.5603,1012.2824,917.4886,1007.1349,896.7670,1148.4792,1328.2922,940.2668,861.2158,1637.6168,887.3032,889.8201,1313.9872,873.5478,1320.3438,880.5814,877.3406,1152.5360,1074.7086,849.0151,990.3164,1034.0750,994.4631,926.8394,1046.7529,998.9743,995.4117,1016.1402,956.8459,954.4562,984.5277,929.1344,1023.4843,1051.7211,990.0326
976.7853,979.3654,984.4011,976.4338,1003.4329,1143.2388,2039.1330,5570.6188,2597.2014,3502.3216,3415.3020,1047.8943,2030.9256,1970.4348,1232.3742,1100.3558,1209.1708,976.2881,1150.9858,1060.9310,1058.7103,1245.5709,1008.4033,980.6009,1029.9216,1422.4727,1097.4096,1242.5589,1142.8268,1019.0267,975.5101,1023.5368,1086.0345,1208.7054,1074.7907,1016.7514
971.0785,985.1710,1009.3876,947.5984,1060.3522,1438.1014,5664.6791,33519.0921,8168.8837,12470.7973,17584.8753,1129.8394,4805.7986,5578.4628,1653.6485,1504.9648,1574.9180,931.5953,1612.4893,1269.3969,1133.0067,1806.6324,1084.7830,991.6294,1097.0796,2554.2666,1330.5071,1796.0624,1479.0736,1082.9775,961.4552,1106.8200,1261.1383,1698.0780,1292.1700,1090.7285
988.7710,968.3323,942.2564,1070.8961,995.5875,1556.6343,2844.5600,8976.4888,5269.0731,8736.9891,3597.2760,1276.5778,3723.0516,2077.2296,1700.8897,780.2564,1628.5304,1139.9628,1041.9541,998.3685,1377.7557,1454.2499,953.5183,959.8389,1159.9993,1719.6097,1156.0111,1433.3609,1205.8898,1084.5979,1008.9651,1047.7012,1264.1066,1313.8238,1037.0525,1027.6801
977.4072,978.7566,981.9044,980.0556,1001.2217,1150.0451,1945.5420,4432.9158,2425.8978,3070.3710,2981.7523,1047.5759,1908.1652,1826.0335,1208.8810,1066.8283,1185.7162,982.4335,1126.2691,1049.6301,1057.6664,1214.8540,1001.5923,979.4521,1027.4516,1380.4911,1081.7099,1210.2778,1119.7236,1015.8250,977.1432,1017.6222,1077.6215,1177.0979,1059.1047,1011.4855
985.4967,971.2898,953.2597,1043.4243,995.5850,1392.5755,2256.0671,6022.1637,3727.0727,5604.9774,3029.7817,1189.2950,2804.4815,1837.6668,1494.4032,844.0705,1427.9037,1090.2335,1047.3888,1002.2255,1262.7016,1336.0255,963.9765,965.4240,1112.7229,1528.2290,1116.4502,1318.5957,1152.6047,1056.8462,999.7671,1031.4101,1188.8147,1238.9160,1029.8414,1016.9012
972.6085,983.4302,1001.0428,949.8372,1028.7047,1204.1871,2892.7112,8373.9097,3382.5339,4219.2308,5801.7822,1034.0338,2381.0996,2760.9379,1257.3573,1293.1959,1231.7364,932.4744,1312.5287,1142.4236,1021.8458,1353.9455,1041.8224,988.3875,1024.3141,1684.4078,1147.6025,1349.4759,1217.9167,1024.2845,964.7807,1041.3971,1101.4590,1311.8097,1142.3965,1035.0295
973.1992,982.6182,996.5750,946.5875,998.8955,964.1815,1188.7976,1551.2397,1133.2743,1143.4161,1587.7166,939.9148,1049.4275,1274.0452,956.3340,1161.7717,955.8704,924.5782,1093.1014,1040.8311,921.2481,1021.0004,1011.2456,986.8844,959.4753,1074.1322,1005.7940,1022.7656,1020.1875,972.8228,965.5868,987.7511,967.7279,1033.6877,1029.3337,989.6620
976.2538,979.9045,986.7126,973.6612,1009.7130,1182.9059,2384.5386,6756.0435,2988.4745,3993.7236,4073.1860,1058.1920,2237.6884,2214.4589,1266.2202,1131.9735,1247.0795,972.1245,1189.3147,1081.1817,1063.7983,1292.8999,1014.9733,981.6352,1035.1675,1524.6938,1116.8473,1289.6645,1172.1262,1025.1377,974.2024,1031.1203,1101.5691,1247.1094,1093.5518,1023.4526
985.3030,971.1841,951.5573,1032.1666,963.8072,1092.5590,952.7117,948.6884,1134.2196,1272.5466,745.2455,1069.7440,1146.1953,828.0350,1099.4870,773.5985,1092.7636,1069.7566,871.9745,916.0663,1110.1163,992.0057,937.9159,965.1591,1029.6314,964.5833,972.1909,987.0317,962.1709,999.8626,998.0130,976.9721,1031.2869,962.8337,929.6100,971.7561
973.4234,982.4529,996.1457,949.5331,1003.8644,1013.9930,1422.4183,2208.0994,1450.7471,1529.2799,2080.9657,960.1660,1251.7222,1480.9050,1012.7033,1171.9126,1006.1287,929.8151,1126.2174,1056.1546,944.6936,1077.6329,1014.7185,986.5958,973.6169,1173.4232,1030.0720,1077.7427,1052.6837,982.8923,966.3588,997.0484,993.6011,1079.8510,1046.4494,997.2947
973.1807,982.7770,997.9122,950.6930,1011.2786,1083.5538,2085.6749,5734.8540,2397.7117,3057.5698,3870.2315,1001.8938,1864.7308,2128.3896,1157.7369,1235.2283,1145.1331,933.5885,1215.1983,1095.5270,992.0850,1232.3517,1029.3462,987.0944,1002.8258,1427.7835,1098.6201,1233.1992,1150.3613,1007.2820,965.7793,1023.5312,1055.6781,1213.9926,1100.8726,1019.4558
982.0574,974.6463,966.9973,1022.4216,1018.3520,1500.4996,3658.1459,15148.8044,6257.1757,10198.4377,6650.8225,1217.4861,4130.7347,3029.7015,1685.7683,999.7198,1606.5399,1056.1790,1227.5998,1091.3537,1279.9901,1579.6064,1000.9731,971.6911,1135.5435,1994.0017,1219.1074,1561.8140,1302.4707,1083.6044,990.7158,1069.3539,1262.7328,1449.2522,1126.5720,1050.8018
980.3275,975.9376,970.4221,999.3387,990.2746,1099.0116,1212.3798,1591.3852,1384.4425,1570.2857,1299.2696,1032.4305,1273.8674,1120.8152,1087.3367,926.9543,1077.9281,1010.6080,987.6339,982.6272,1050.7541,1048.5281,972.3812,974.3537,1013.7265,1083.2224,1005.6892,1044.1444,1010.8929,996.4857,985.3071,988.8300,1025.8764,1029.0810,983.3438,985.1737
975.6534,980.3301,987.6963,965.0927,996.3331,1031.2206,1443.7204,2526.0211,1529.3643,1768.2168,1943.3716,988.3884,1338.8997,1424.1243,1055.3003,1093.3880,1054.2487,955.8634,1082.9528,1032.7925,982.4528,1087.4541,1002.3383,982.5013,988.5475,1168.7403,1031.2379,1088.3489,1054.2078,990.6522,972.2168,998.4330,1011.3522,1080.3606,1033.0532,996.6422
978.9875,977.1887,975.3662,988.9502,988.2321,1094.2808,1475.7085,2676.6906,1794.7227,2189.7886,1917.1682,1035.5100,1538.6452,1401.6408,1139.2324,987.4948,1122.3553,996.9689,1042.0469,1007.1262,1050.2125,1119.6936,984.5847,976.4720,1017.2085,1202.0000,1038.8491,1116.2325,1058.9396,1004.6443,981.1090,1001.5746,1047.4055,1092.9102,1016.8373,996.9148
969.2087,986.6907,1014.2096,926.6141,1034.3016,1141.2280,3053.5257,10991.8269,3594.0583,4601.6987,7792.4060,1001.9144,2472.3162,3277.6676,1245.7069,1466.5940,1211.4031,895.7907,1413.9715,1186.6445,980.8794,1401.2261,1067.2646,994.5149,1010.2787,1775.0550,1175.8436,1400.3549,1261.7533,1021.7249,955.5070,1050.8373,1095.9161,1373.7928,1188.8973,1045.6109
993.7245,963.8373,925.3707,1112.1634,993.8922,1731.8536,2678.5770,7540.0211,5742.1488,9778.1104,2933.8601,1354.0074,4054.0051,1827.2005,1840.8192,665.6575,1723.3688,1211.2284,976.1545,961.3437,1508.5988,1463.8860,927.4031,951.6095,1206.5203,1702.5581,1149.9989,1431.9705,1183.3647,1099.8277,1023.3836,1044.9322,1311.3263,1296.9408,999.7424,1021.8467
967.6973,987.9185,1017.9854,910.1545,1019.7920,916.5167,1252.9040,1444.6578,958.0445,849.1796,1782.2011,878.1804,883.5055,1388.9915,859.7256,1384.7973,876.3369,863.4689,1188.6874,1097.3831,832.9160,994.1922,1044.0101,997.2529,921.7675,1071.6709,1003.0796,1000.2283,1023.8961,954.2837,951.4126,986.1013,923.1820,1031.6149,1064.0533,992.1505
979.7708,976.7542,975.0627,1004.2322,1021.9102,1431.1033,3488.6903,12517.7621,5205.8343,7748.8905,6067.5122,1167.0490,3484.5550,2875.1215,1538.1319,1057.0448,1498.9638,1024.0065,1234.1397,1101.4073,1200.3028,1495.8328,1008.8117,975.7735,1101.3595,1889.0547,1189.6142,1484.2390,1268.8660,1065.6005,984.4843,1059.0520,1210.3234,1390.4829,1122.7240,1043.8292
983.6190,972.7802,957.8402,1020.6611,971.4349,1092.6192,1053.7998,1190.1141,1228.1985,1393.0653,908.1572,1057.4418,1197.2363,923.8308,1096.0048,822.6344,1091.8362,1049.3546,908.5496,937.6572,1088.8906,1012.0915,949.3082,968.2090,1023.7687,1006.3627,983.8649,1007.9302,979.9165,998.9826,993.6064,981.3364,1029.7158,985.4383,947.9911,976.5545
977.1189,978.8347,981.3007,971.8180,980.3861,969.5537,1001.3716,1036.4555,988.0610,984.5616,1046.4436,969.3484,978.7372,1015.5922,969.9051,1007.9634,970.2605,967.7244,995.0600,987.4530,965.3182,981.9412,983.4988,979.5806,973.2681,988.7426,981.2452,982.4535,983.3839,976.3682,975.6281,979.1174,974.2621,984.6153,985.9403,979.5846
977.2636,978.6982,980.7640,972.8605,980.0943,971.4234,999.4135,1032.7119,989.0741,987.5179,1038.4776,970.9663,980.5609,1011.0400,971.8209,1003.1682,972.0920,969.4376,992.5909,986.0793,967.6389,981.8556,982.6538,979.3231,974.1961,987.8449,980.9725,982.2755,982.8478,976.7351,976.0233,979.0347,975.1333,984.0178,984.8237,979.4072
