896.9987,896.9961,896.9986,897.0024,897.0027,897.0032,897.0011,897.0005,897.0029,897.0204,897.0087,896.7953,895.8269,899.3845,894.3696,898.8254,896.2171,897.7851,897.1867,897.4618,898.5002,894.7518,897.1677,897.0135,896.6756,896.6210,896.8970,897.2426,896.9924,896.9622,897.4419,897.3188,897.0164,896.6728,896.4946,897.2890,896.7738,897.4088,897.0280,896.8991,896.9263
897.0039,897.0115,897.0040,896.9929,896.9920,896.9906,896.9967,896.9985,896.9915,896.9401,896.9745,897.6025,900.4619,890.0631,904.7879,891.7078,899.3118,894.7580,896.4569,895.7349,892.7057,903.6944,896.5126,896.9834,897.9711,898.1439,897.3327,896.3402,897.0277,897.1161,895.7055,896.0679,896.9645,897.9670,898.4887,896.1566,897.6664,895.8018,896.9189,897.2971,897.2169
896.9928,896.9786,896.9926,897.0132,897.0149,897.0175,897.0062,897.0028,897.0159,897.1124,897.0739,895.9208,898.1264,912.4930,887.6952,911.2976,894.5992,902.3941,900.6219,901.2016,906.4099,885.5546,898.4378,897.2802,895.4742,895.2718,896.6722,898.6797,897.2392,896.8512,899.5092,898.7657,897.1598,895.3217,894.3549,898.6678,895.8525,899.2401,897.1605,896.4572,896.6018
897.0736,897.2194,897.0763,896.8649,896.8491,896.8220,896.9372,896.9721,896.8421,895.9416,897.8122,912.5568,1364.4494,907.5973,1353.7296,1069.3759,1032.9623,996.2418,1001.9623,1024.4117,1016.9086,1168.3834,914.7717,936.8746,951.5073,980.7563,951.6977,973.5202,915.4236,908.1094,877.8604,884.2536,915.8250,927.6593,935.2792,890.2443,916.4415,875.4980,897.1899,904.2442,902.0637
897.0801,897.2456,897.0929,896.8531,896.8491,896.8194,896.9372,896.9733,896.8603,896.0510,913.5667,915.3533,22144.2812,2795.5622,10205.9489,6883.0320,2774.9019,1775.1624,3559.9457,1844.8281,1725.6941,1626.9346,1153.2642,1005.3722,1077.9718,1157.8281,970.7102,1099.2800,1093.1473,926.4724,930.7186,891.4261,922.6418,972.1117,994.6998,938.3490,969.7531,879.2042,899.5556,906.4207,902.8507
896.9874,896.9801,897.0131,897.0239,897.0618,897.0658,897.0257,897.0146,897.1180,897.8477,939.0293,900.8076,246470.0782,10974.5868,59077.3435,47258.8491,7299.6107,3054.2985,12281.2334,4071.2446,2423.3226,1680.0333,1660.6359,1034.8826,1188.4125,1268.8584,952.1368,1117.0843,1397.9455,947.3205,1055.7271,922.7749,911.6389,1005.8900,1031.5266,1028.3128,1030.6876,916.4169,903.4812,900.0076,897.2018
895.5237,892.6418,895.5278,899.7250,900.1213,900.6650,898.3059,897.6013,900.5013,926.0428,1021.0846,3612.0388,2987073.8741,441896015.4401,3821654.5546,15617963179.4548,646057.5273,975561390.1142,160710.3020,4478783776987.3955,383674641803.7953,809510964.8815,162464.9736,4266568.3682,997461.3333,8778551.5025,54682651.9329,1176077028.9256,95486.4104,45378.0903,5842.4331,15409.7932,632771.8948,58936.0534,5984.0532,20998.0415,6035.4868,2677.4651,2917.7329,2298.3698,1684.9197
897.6027,898.7976,897.6281,895.9002,895.7765,895.5548,896.5007,896.8020,895.8337,894.3695,963.0932,8296.4318,162619.1362,242500006.7326,47035888.7878,63314513898.0128,335076.8075,376702541873.6561,112346.6886,18201962021091.0469,176219801298671.1250,1427062275074.9688,135601.7635,118168942.3960,27893072.4393,1537673240.0083,885822909.7552,113428000450.0459,72732.6038,116829.5938,2636.0487,18487.1037,3574594.4036,180032.5660,51776.4307,41251.6583,13144.0463,1566.8096,4241.5926,4191.7036,2596.8184
897.2921,897.8729,897.3076,896.4674,896.4116,896.3040,896.7610,896.9078,896.4595,896.5040,937.4115,4052.8768,154738.7587,1133908.2146,6567126.6597,26066511.5949,289148.7070,540775028.5944,7210.7879,210971674559.4091,42824727220.4968,8919542466.3800,24047.6970,3743166.9007,1509298.1977,15767942.8524,27540444.1495,575322888.8061,38429.1743,28758.7593,2252.9562,7943.4837,380041.9550,52097.5451,13036.3164,13148.1888,6665.2464,1297.9244,2529.9380,2444.7398,1750.0169
897.3697,898.1009,897.3805,896.3218,896.2387,896.1030,896.6836,896.8610,896.2060,891.9144,899.3835,1229.5408,3596.8723,3533.4872,27515.9914,10481.7614,4905.0214,56992.9083,1313.9510,442005.1075,212722.0364,222228.3699,1546.3579,9673.8484,7767.5552,17637.1705,17830.2519,48772.1954,1963.5075,1878.4090,922.8424,1261.6013,4086.4696,2320.6606,1818.8558,1486.8163,1386.0792,843.7453,1054.6951,1084.9458,1013.2770
896.4253,895.2960,896.4183,898.0590,898.2012,898.4125,897.5028,897.2304,898.3299,907.8404,928.2343,1634.2515,12234.0382,980059.9003,13972.6107,12298759.4951,9250.2064,4620383.2599,11680.3819,75062001.5375,139630654.7795,1982383.8380,7932.1209,102916.4285,40003.4876,229873.3167,352448.4565,3151367.5667,5901.4381,5857.2915,1749.2562,3178.4848,27401.8666,6135.6140,2480.3642,3983.8403,1947.6937,1362.9412,1467.1237,1337.1631,1159.3420
897.1145,897.3419,897.1215,896.7928,896.7723,896.7299,896.9104,896.9721,896.8254,898.5774,928.9341,3263.6565,10392.5544,3524370.5230,340779.6898,113544068.0118,43413.4508,396840317.3293,10555.5140,14903847927.6798,30836785472.2243,1071490146.7526,18086.2117,1953979.3463,670277.5748,9216757.0360,10250800.0907,251321453.0269,17366.6579,19744.4619,1886.3871,6211.8296,213640.1722,27123.6391,9328.7549,9916.4526,4473.9652,1303.7616,2206.6093,2122.4172,1592.2516
896.8952,896.6877,896.8935,897.1951,897.2207,897.2591,897.0959,897.0515,897.2828,901.1420,918.1763,2463.1058,12826.8602,499759.5404,419930.4782,4754846.2219,45802.6089,70009909.1892,3230.7700,3268565328.5610,2814401658.8408,172653718.6166,7768.4657,690400.3825,293915.0037,2137795.8045,2719569.3058,43085319.1782,12500.8769,11002.6899,1863.2930,4824.5818,92176.7417,15567.6187,6093.7844,7558.2173,3578.0969,1263.1433,1865.3564,1761.3029,1389.3215
897.3098,897.9229,897.3202,896.4325,896.3649,896.2510,896.7379,896.8890,896.3552,893.7870,910.1391,1871.8313,5911.2879,80125.1184,87057.0817,749982.5833,14196.1898,2982102.2648,2719.6149,63464435.4603,50509358.7191,13199499.8417,4843.9178,113166.8064,61517.4226,321993.0783,361733.0214,2657133.0339,5557.9059,5600.9796,1226.2331,2519.3211,26029.9565,7457.8347,3790.4839,3396.6831,2350.7491,987.4907,1433.2481,1437.8919,1218.9688
897.3376,898.0057,897.3477,896.3800,896.3046,896.1806,896.7104,896.8716,896.2638,891.9294,896.8987,1008.5689,1986.9332,1047.0337,3787.0224,1994.4268,1627.1521,2962.6231,1043.7463,7277.4711,4882.7012,8339.9259,1033.1909,1798.3236,1740.5826,2427.1647,2358.6638,3306.3994,1100.8300,1099.0280,822.5712,910.0689,1373.7498,1230.0164,1182.5663,953.5841,1042.2948,811.2649,925.7759,957.7200,937.1789
896.9545,896.8652,896.9542,897.0837,897.0954,897.1121,897.0399,897.0181,897.1052,897.8113,899.4719,926.6454,1461.1096,2259.2487,1534.1005,3854.0523,1145.2341,3440.1285,1153.0287,3765.8957,6316.1303,2715.8583,1040.6704,1530.0274,1363.7055,1832.4670,1725.1783,2699.7604,1019.8568,1017.8965,938.5511,975.9502,1212.3095,1024.8459,971.4129,1007.7933,944.1031,921.3480,922.5348,916.3004,908.4753
897.0339,897.1010,897.0350,896.9378,896.9304,896.9179,896.9712,896.9875,896.9282,896.5812,897.8504,950.0157,1121.9136,1641.8622,1655.9161,2478.3301,1218.4907,3316.8872,990.8800,6343.7890,6154.4296,4141.3840,1033.9215,1693.2703,1522.7116,2043.8929,2071.5403,3140.8313,1060.2160,1059.3153,914.2149,975.0285,1313.1247,1097.5367,1023.0066,1010.2202,971.7738,898.6900,927.8448,929.0250,917.0057
897.0945,897.2813,897.0974,896.8265,896.8055,896.7708,896.9191,896.9642,896.7950,895.6014,897.2770,934.1143,1212.3305,1144.5652,1524.2447,1615.7711,1111.8891,1812.5260,974.2192,2349.2883,2566.1961,2307.4868,956.1095,1236.9367,1191.8150,1425.3427,1376.6047,1741.1861,970.7301,972.7261,879.7917,913.1029,1077.5406,1006.9343,988.8975,932.0137,945.7752,873.8674,909.5219,917.8993,910.6883
896.8141,896.4474,896.8098,897.3418,897.3851,897.4534,897.1605,897.0718,897.4125,899.9599,900.0523,896.4284,1186.8193,2524.6602,1018.3021,3736.1705,1002.5585,2920.7724,1133.0625,3104.4142,5353.9325,1656.0240,1028.9488,1373.1640,1200.4318,1512.9210,1498.2507,2262.7490,994.1405,986.6174,983.6124,997.9691,1141.6123,956.2389,895.9298,1019.8763,907.7432,964.8362,920.2167,900.4747,897.5354
896.9574,896.8733,896.9564,897.0783,897.0881,897.1038,897.0368,897.0165,897.0946,897.6944,897.7223,905.5330,947.1648,1281.4870,1006.8817,1545.3353,962.1181,1605.7981,949.8463,1917.9925,2217.3035,1461.5556,948.8222,1129.6764,1067.0585,1204.9032,1206.3498,1484.9007,946.2244,945.5499,920.9818,935.2401,1022.6453,944.0191,916.4148,945.9629,911.4955,914.3092,908.0445,903.1449,900.4226
897.0589,897.1754,897.0607,896.8918,896.8787,896.8570,896.9495,896.9778,896.8722,896.1478,897.2892,932.0668,1105.1568,1146.6619,1463.9694,1481.0202,1113.7575,1912.9470,949.5657,3115.5052,2769.4838,2508.4191,964.0532,1295.0146,1232.3485,1466.1118,1471.7034,1890.5303,987.1032,984.1907,893.3632,929.0745,1111.8601,1015.6205,981.6436,949.1441,945.3172,885.4466,912.8237,917.4617,910.0951
897.0854,897.2542,897.0878,896.8431,896.8238,896.7924,896.9266,896.9674,896.8130,895.7062,896.6520,922.2734,1012.4305,908.0221,1260.5932,1078.6270,1019.8594,1296.2459,905.5618,1618.7834,1556.0640,1674.9443,918.6059,1072.6180,1061.8219,1169.6023,1145.3395,1300.1288,935.6195,937.8693,875.6488,897.4917,992.0277,964.7799,958.9508,907.9376,928.8712,873.8703,903.0110,910.8931,906.2964
897.0909,897.2705,897.0934,896.8331,896.8125,896.7791,896.9220,896.9655,896.8018,895.6665,896.9391,944.5352,1070.3162,1192.5137,1651.5469,1702.8488,1158.3046,2404.5384,936.6559,3687.1922,3714.0707,3277.4526,973.8779,1431.9316,1351.3489,1701.5281,1650.3332,2292.4451,1004.4631,1007.4869,885.8111,933.8269,1174.9491,1051.0378,1013.8645,960.6940,960.7089,877.3603,916.8533,924.4303,914.6423
896.9409,896.8247,896.9404,897.1089,897.1239,897.1456,897.0519,897.0239,897.1374,898.1209,900.6212,971.0694,1695.8862,4347.7656,2340.0498,10372.8803,1416.8601,9671.2356,1316.2205,12103.7154,25690.8717,7237.4237,1193.4594,2592.4855,2104.3822,3584.5184,3259.4754,7009.7809,1166.5967,1181.3383,971.1918,1067.7932,1685.1522,1203.8283,1082.2927,1140.8920,1006.8934,938.1012,954.0545,944.1778,925.5154
896.9121,896.7383,896.9097,897.1617,897.1817,897.2140,897.0758,897.0340,897.1945,898.4236,898.1132,912.6104,910.9857,1599.8688,1097.9899,1981.3299,1023.5533,2437.2282,958.7877,3725.8923,4025.3314,2170.7308,989.2128,1376.0083,1244.8366,1513.3265,1549.8914,2185.5562,996.0473,991.4216,945.4053,974.1072,1149.7355,989.5351,931.8738,995.1830,924.5585,932.3901,918.6502,908.5110,903.3147
896.9399,896.8211,896.9384,897.1106,897.1245,897.1466,897.0520,897.0234,897.1341,898.0076,898.2001,921.9600,974.4889,1771.1259,1165.1714,2472.6361,1051.8652,2763.9640,986.9967,4040.5334,4895.3777,2485.7550,1009.5150,1461.3635,1309.0125,1666.1543,1679.7876,2454.7068,1009.7690,1010.6772,938.5811,975.6875,1193.9590,1014.8430,953.9408,1000.3600,935.5952,924.9690,921.3401,913.7351,906.8106
897.0524,897.1561,897.0539,896.9036,896.8918,896.8726,896.9550,896.9800,896.8853,896.2087,896.8793,913.6287,991.4848,935.6207,1132.2496,1072.1557,980.7779,1190.2173,911.6910,1381.3048,1384.2058,1385.9823,914.9439,1021.0699,1010.2927,1086.0781,1069.8753,1181.0242,924.7598,925.9558,884.7090,899.4366,964.4615,942.7294,937.6198,906.8544,918.2819,883.0533,901.4797,906.2480,903.1535
896.9475,896.8438,896.9462,897.0966,897.1087,897.1280,897.0453,897.0203,897.1164,897.8369,897.7788,898.2259,953.1165,1182.5559,935.9194,1300.9726,934.6174,1296.4846,945.8198,1560.2366,1620.6883,1177.9850,934.9888,1035.5229,992.7053,1065.1680,1082.8193,1236.3539,930.4908,926.7847,921.3780,927.1933,974.3760,920.7534,899.0378,933.2336,902.1005,915.9828,904.4234,898.8144,897.6611
897.0262,897.0779,897.0269,896.9519,896.9460,896.9364,896.9776,896.9901,896.9431,896.6196,897.0635,912.0898,966.7432,1002.5374,1110.7808,1136.1566,982.2668,1302.7812,914.9862,1634.0034,1589.9089,1466.8828,924.1920,1060.7691,1035.6910,1127.4748,1123.9003,1281.8115,933.9206,933.5857,894.9536,910.5700,986.4111,946.5759,933.2208,919.3007,917.5588,891.7235,903.7643,905.8240,902.6595
