897.0295,895.6660,898.0424,898.2437,895.7584,895.7314,897.1841,898.2767,896.3966,897.7674,897.7822,895.2783,897.9602,897.1128,896.6689,897.4564,896.7310,896.6167,897.0236,897.1984,896.8498,897.0809,896.5551,897.3642,897.8064
896.9135,900.9348,893.9699,893.4200,900.7144,900.8090,896.5356,893.2950,898.7789,894.7621,894.7169,902.0733,894.1968,896.6700,897.9730,895.6621,897.7926,898.1293,896.9377,896.4192,897.4455,896.7646,898.3111,895.9430,894.6470
897.1760,890.3404,907.4674,904.6442,891.8826,890.7948,898.7729,904.1548,893.9779,901.3413,901.4953,887.6866,902.3244,897.7225,895.2356,899.4989,895.5523,894.9377,897.1794,898.1085,896.2080,897.4545,894.6093,899.1424,901.4936
895.7985,1010.2136,1082.3249,953.6944,1115.2260,1128.5296,1009.4672,875.6387,949.2427,873.8989,875.2243,1001.8944,859.4670,896.3806,917.9468,872.4309,916.6329,924.5623,906.9048,888.6400,912.5908,895.8197,929.2262,897.8240,869.2453
896.8721,1261.8413,7941.3024,1259.7984,1704.9450,1500.6557,1351.7493,899.7816,1093.9719,907.8054,983.1740,1020.0586,874.4832,947.2090,939.7326,875.9189,919.2092,931.8535,917.1868,899.8893,916.9221,897.8475,938.3393,948.9652,894.8310
899.9827,1545.2920,58886.0989,1726.2831,3170.6936,1504.2036,1899.0215,960.4907,1253.8796,1020.1459,1209.5366,900.4483,958.8677,1035.6202,946.0835,917.0029,896.9592,906.8333,926.0098,931.1298,904.0460,903.6196,910.3999,1054.0284,985.6601
1135.9079,52943.8871,3446736116.4948,15012303317.8352,58576922718.8919,2226058771.9199,337087603706.7507,176547779.0594,18335.0866,1072442.7709,179313.0183,581.7931,484428.7582,2894.4026,1040.1182,1822.4848,7550.6027,11445.0558,101116.1690,3750.9262,22588.4213,6732.2140,15389.0824,820107.9350,571076.9869
1183.3636,2307430.0622,338822295.6602,745265957738.8826,533486694610.9449,23488422471538.0156,3719514370393.3457,637298284.7060,145010.9468,1333316.4068,622154.2270,18919.9715,541037.0030,4676.9657,2540.9190,829.3555,26611.8751,50111.1656,298257.0730,4804.3419,81085.6130,12340.5759,79941.2809,2333193.4196,835268.4066
1054.3623,117944.7386,4804809.3323,1022792560.9462,16106951602.7845,13447745763.2387,39556409565.0857,16938738.3814,36520.6861,166540.4172,49686.2385,6415.7593,77538.1014,2113.0220,1642.2510,880.6932,8989.8762,14863.4387,60271.6706,2444.9748,21155.6691,5008.4604,20936.8776,220892.6203,101028.2402
910.3410,3728.1756,3869.1429,45768.8858,136822.3681,228526.2280,192536.1968,11152.0803,2511.5043,2544.2526,2023.9951,2004.9135,2003.4550,1017.6764,1081.5602,787.4096,1494.3030,1736.3893,2309.4443,1004.8388,1815.0188,1198.2193,1927.7227,3020.6684,2215.2989
981.1534,10656.2471,2046617.8074,16219552.8502,16427917.0351,9733206.2167,28825921.4883,662933.5048,3660.7848,33728.1791,16215.5825,800.5699,22259.5739,1535.0869,965.1982,1170.2732,2472.5408,3045.7968,9086.8821,1692.3586,4316.7214,2269.9970,3587.5843,32683.7210,25208.5239
1038.0896,95397.7082,4994051.0233,810377511.3386,1857573171.9809,4902181267.6915,4529076632.3361,9634955.5477,18702.7198,132437.2887,52921.0393,3938.4574,68580.8389,2102.6334,1464.9604,928.7053,6797.3991,10224.2188,38091.5393,2376.7090,14725.3760,4349.1045,13810.1420,170194.2063,87809.5623
1004.7694,21246.3596,257268.4411,82164722.6851,182099793.6204,394315313.3125,813864014.7106,3024251.1301,12870.5373,55096.5920,26883.3663,2279.6188,34623.1644,1745.5388,1262.7709,988.7781,4431.0746,6222.2285,20535.8333,1920.6345,8909.8147,3154.4341,7948.1487,60881.9299,39648.9440
955.6343,17168.6607,130051.3490,4438572.1117,14576047.5826,26031210.2145,24992891.9375,252188.7115,6413.8519,15455.1037,8375.5886,2882.5210,9721.0491,1348.3871,1233.0824,826.4011,2949.4858,3942.3261,8553.4242,1417.2169,4747.3067,2077.6321,4842.9584,19598.0299,11719.5348
894.3181,1796.6103,1734.0452,2987.9121,7414.3757,7748.5885,5889.4852,1578.8630,1304.0571,1051.5642,955.6016,1560.9329,930.2338,903.8451,1005.5933,790.1200,1075.4284,1145.6327,1149.0695,885.0059,1105.7550,946.4983,1193.8615,1206.8342,995.3227
901.4451,1087.9754,2146.0180,3482.6897,2530.6121,3857.2884,3303.7525,1889.5347,1014.1117,1203.1175,1166.0861,876.1122,1164.2347,930.9513,899.3247,915.0815,953.7606,968.0661,1064.6936,932.3969,998.7476,949.0219,981.0301,1208.0384,1177.6497
900.4466,1209.8601,1662.2295,3560.7241,4172.4567,4915.5525,5038.3512,2000.5168,1089.3431,1214.4928,1130.5182,995.3554,1144.9417,924.0009,920.7637,887.5295,990.7976,1020.4448,1118.7358,925.5428,1042.3389,957.0068,1043.3985,1252.4982,1172.6197
896.9164,1146.3639,1265.6176,1814.3970,2125.8644,2540.1626,2146.0879,1248.5596,1025.9858,991.4514,960.2311,1055.7414,949.9938,904.5432,928.7927,866.0670,956.7572,977.2589,994.0132,898.9228,972.1986,919.9087,991.6472,1034.8855,971.5200
903.8492,884.4748,2115.9347,3187.9121,1828.1556,2527.9646,2685.1806,1917.2585,916.8676,1249.3997,1217.6447,707.6271,1245.1658,936.7652,861.8438,965.4962,909.6941,907.3474,1030.3159,948.2195,957.7644,947.2264,909.8490,1191.5892,1232.8089
899.3468,938.2684,1205.1082,1680.5757,1498.1487,1713.9544,1750.0706,1279.7666,931.7328,1030.1334,1009.7371,858.2114,1018.8181,911.0038,891.3646,912.5903,915.4700,919.4698,965.9933,914.5400,936.0385,919.6190,923.6682,1022.9551,1020.4265
897.9566,1105.4049,1221.7108,1957.4235,2451.3750,2643.6459,2662.3866,1375.0456,1022.3727,1033.4056,992.6592,1007.0954,993.3832,908.2937,920.3359,878.0635,955.8668,975.5050,1013.3083,906.1303,979.3918,926.5525,989.7320,1065.6552,1011.8906
896.1361,1056.5111,973.7703,1281.1238,1536.5840,1692.0545,1527.5188,1042.3879,981.1567,923.6475,907.1805,1029.8074,898.6488,897.1191,922.5217,868.4706,936.1054,950.1523,948.0565,892.4814,941.2406,907.0071,959.4362,956.0044,913.3960
897.8807,1190.0858,1214.1192,2405.1688,2854.3293,3621.5434,3209.9681,1507.9543,1066.6055,1059.1690,1014.8363,1063.5006,1008.6773,909.7483,930.7623,867.5122,976.0985,1002.4848,1044.5148,906.2618,1004.6180,933.9374,1021.6170,1107.5223,1034.2838
905.9159,1398.9860,3954.0365,10532.0370,6761.9697,12776.4255,9997.5060,3739.6842,1182.2343,1633.9117,1514.6635,904.0643,1518.5494,964.5401,910.8322,922.1035,1037.3840,1074.6798,1295.6815,970.1359,1140.2366,1014.1442,1107.6702,1664.0984,1560.4495
901.5851,951.9736,1352.3610,2580.7479,2242.0892,2646.4453,3074.2884,1731.3117,963.4913,1163.1894,1119.1183,816.9806,1143.6947,923.1949,884.3955,929.2674,931.5418,939.0040,1033.8683,931.3787,972.8566,941.0713,946.8766,1142.3634,1143.9775
901.4407,1023.7397,1579.3318,2998.3840,2587.0694,3220.2960,3384.6187,1826.7529,990.8079,1189.8697,1134.5852,855.3637,1155.3732,924.8214,893.0093,919.6731,946.6660,959.2154,1057.2065,931.3089,991.1265,946.4177,970.7274,1184.0763,1163.7949
896.5800,1000.7271,980.7561,1185.5391,1314.2453,1421.4429,1322.1164,1011.0963,952.4448,922.0492,910.4955,977.7377,905.0858,898.0709,913.0576,879.4487,923.0044,932.1160,933.4936,895.1488,927.4346,904.7222,938.2133,942.5049,914.8226
899.0292,895.7757,1133.9806,1357.2564,1259.1651,1305.1156,1428.8898,1152.7694,907.5287,994.7940,980.9612,840.3170,991.2620,908.2004,887.1453,915.8732,903.0726,903.4727,940.5493,911.8548,918.2086,912.5570,904.9049,981.6870,988.9904
897.3902,982.8284,1013.7120,1311.7166,1425.3042,1525.1335,1512.4472,1093.3966,949.8117,953.9928,938.3609,943.9620,937.9409,901.7236,907.1493,888.4942,922.1573,930.3205,945.7734,900.7882,931.9335,909.6108,936.2136,967.1861,945.5994
