1042.7495,1042.7353,1048.5618,1048.1847,1061.1111,1047.3247,1034.0872,1076.1355,1045.7466,1076.7741,1046.7231,1041.7856,1069.9891,1072.2646,1059.8479,1066.5595,1036.6665,1057.2003,1054.5724,1028.7375,1051.0503,1046.7772,1050.3929
1043.2443,1045.0170,1140.6661,1273.7252,1512.5353,1116.5209,1201.1784,1402.3981,1472.4714,1710.7242,1271.4016,1133.7756,1878.5215,1662.4623,1604.4480,1426.3233,1061.4514,1161.7893,1203.5825,1040.0563,1216.6928,1096.5852,1167.3247
1044.9128,1056.8466,1647.8563,3768.1031,4032.5453,1514.5015,1464.7278,2986.8960,6274.2787,8178.6810,2613.4264,1814.4369,5260.2631,2946.4109,2142.8685,2182.5895,1059.7680,1431.6362,1466.3438,985.0229,1419.5129,1168.3028,1377.4482
1099.1853,1233.8438,9265.7954,4166623.0557,2248646.1856,16591.0975,154411.2371,150873.6833,138210583.9202,23806392.6649,2591828.3610,58783.8417,542237759.0068,15877678.9509,5983674.7391,2971994.7421,4625.6790,23298.3999,36588.8068,5053.5295,95298.2278,6504.3430,53573.5060
1132.2141,1250.5061,23502.6027,168574.0798,40929826.1741,11542.2875,2705093.0501,1517985.2902,13404923.6176,548549440.0497,504626.4303,55474.9523,1123582.0316,5083141.5154,10340350.5537,68987.8060,9954.8688,6153.8741,80144.6432,12926.4489,54223.7719,5672.2750,16984.6598
1072.8378,1077.3477,1516.2985,9899.1639,4013.6759,1645.5540,10016.9140,3629.4606,46638.9602,9962.8579,21691.4903,6038.8534,561309.2635,166075.8290,196445.8918,26120.1321,3627.6614,2549.1216,6326.4012,5334.3658,11773.1457,2471.2040,6140.1656
1171.2931,1193.1400,5791.4312,448093.3262,2269322.7181,8924.4975,10906078.8674,2556831.4740,102500965.9773,2036546.3577,19030559.1817,122324.3785,434155396398.1772,43201667953.4503,40679753200.6118,250135384.8323,80390.7265,198018.0682,2272651.9326,160121.2297,9996111.7922,75209.0757,1418413.7973
1031.9403,1042.9177,1842.0265,2864.2615,13492.0296,2180.6688,2084.4545,15156.6951,4895.5712,21769.8607,2534.0924,1206.4471,13608.0985,19612.4201,13034.7813,10594.9220,935.5599,3292.0276,4086.4918,562.3900,3322.7860,1680.8045,2554.2812
1277.0192,1536.6239,722658.6990,7718078.0348,3263653268.6946,167349.6085,2991791.9397,146033247.8518,343101481.7533,125837984033.4443,3756959.7160,893657.4034,62993207.8238,8991582.4472,113516045.6744,1234729.8378,32258.6490,13347.7974,210868.4110,110293.5122,159939.0334,9566.9996,24053.9407
1278.0409,1322.1273,345117.6963,27551138.8523,2673745829.5068,844565.8658,2847091.0383,16636435.1955,67153254602.8173,219944849493.1089,1272501101.3195,6414482.2221,21959924575.5053,76958618863.9585,44391146866.3384,24184898.3567,210011.9602,116407.3287,8459719.3272,130790.4920,6373921.5837,70712.5745,1096383.1944
1205.3289,1140.6947,20554.8787,263517.3136,16073943.0263,73385.4254,6439345.5858,60403753.7446,19867909.2502,123234306.8626,17624114.9115,106412.1642,756238376924.5465,1007709161623.2997,876222466023.3760,1453836862.8010,183589.2016,567787.9488,26561248.7161,152731.6926,51768981.4586,191685.5272,4075091.1121
1155.8191,1190.3833,9991.3361,138473.5192,971774.9241,11142.0586,1204489.3906,9469.7364,66450820.9828,13556771.2586,3475842.9886,210383.9771,20576717.5537,14562949.8130,34161126.5415,72845.1584,33608.3724,3335.7764,64379.0922,66490.0275,97694.5614,6591.6279,31460.4204
1132.6730,1140.2409,8593.1514,1796535.4567,2449222.6387,13746.1290,90928.7272,1118560.7908,878916709.2870,781458482.3911,86882803.0305,472099.8885,481974873556.9626,52698372762.2397,4428446835.1633,447342676.8172,26587.7069,543320.2049,2156943.7229,10607.2265,6273301.7698,61221.7896,1713336.5348
1086.8053,1064.0253,2446.9983,15930.1502,113534.7956,6054.7114,65209.6550,35127.2951,1380654.4672,1177741.8004,567572.6537,21691.8725,77531515.4535,91183761.7768,49934157.6025,1396551.6263,11823.6101,23645.6018,188586.0165,6889.3194,255520.8560,11987.3225,77360.5050
1130.2923,1095.1673,4735.9764,40495.9279,1702323.1526,14238.3692,1838183.1258,1539993.6664,2262219.5651,6840374.1689,2637542.6464,50357.0328,14064844647.8859,17013265494.2845,11659546707.5436,76765525.0484,40816.7351,136895.0228,2933190.4908,27678.8559,4493663.8891,53292.9655,716366.0495
1285.6334,1190.4505,24231.1106,1507654.0380,27711795.8336,138773.7755,68127322.4940,144901436.2949,579208755.2120,227144223.6075,361306702.5573,501920.0343,63720947669365.5781,69316910748811.4453,72148093245907.6250,18998112811.6374,897745.5886,1700406.5280,183467842.7146,1116566.1574,549305459.6598,638746.0433,26689638.0910
1385.6609,1199.2961,12914.1319,9519109.9505,120739873.8816,200985.4459,1280368121.3302,20028820.3824,331108877321.2277,9760310207.5492,75314913297.7169,18135733.7135,147374186983501984.0000,59843578737621448.0000,30839309320035152.0000,1300984528607.7917,5692309.7168,12545519.6897,4031851742.6731,3451254.1738,16830521858.7816,3485048.7197,590569670.5963
1454.2459,1351.2420,52251.4546,9061541.8628,580115893.2708,299783.1450,21617729541.1809,1170354051.7769,32712467040.4842,1310501065.2630,13795791268.3481,3277036.4627,85676703720866176.0000,26502875575970084.0000,74036908176707216.0000,893578802825.6987,10342795.9591,6682626.2094,2785673650.3041,37026536.9092,17251504225.6305,3792544.2627,394110424.1876
1167.8186,1256.8456,37765.0586,169260.3526,33647232.7212,37671.8906,7073959.7976,4106821.5255,123705742.6076,2407504942.8562,12213146.8617,584684.1767,729543458.3614,2878697369.8121,1774896047.7473,4888677.6077,35006.7641,50636.1150,1535486.5450,23838.3628,1136896.0348,26649.3664,270991.3656
1125.2704,1074.5580,5472.4348,58980.6340,1512614.7924,20266.5362,425699.0068,642078.2817,17566234.2137,46801485.6060,8859155.3107,103524.0385,12606640619.0308,20756873201.6367,7154049594.2881,61212534.1469,38484.3412,170302.2878,3230857.6379,14692.8056,4108464.9071,52120.8930,774837.1736
1400.8939,1286.8977,70899.2501,1952159.4641,7332133677.0920,349695.0642,4067842912.9415,28168802.0029,231866247318.6225,444528791735.3975,19005770075.3061,16654069.7666,425378226169693.0625,1745367316685703.0000,2275536406938141.5000,29135193079.7771,3931272.6968,1625587.6639,1147065458.8946,2953153.6546,2281795030.1798,1259374.8207,88033887.1751
1432.7930,1224.7321,27959.9077,14751507.6554,479936551.8965,436396.5418,5272981171.5168,136409977.3543,764348856914.7230,67660455102.2800,225148611377.7515,38586251.4078,704717945570182528.0000,537329632908175040.0000,214517049428207936.0000,5328116716707.1074,8277325.3603,27483466.1008,13690056414.0095,3947430.1823,47244355169.3666,6555448.9220,1446487097.1221
1141.1873,1138.6355,2986.6575,24472.2724,125678.9012,5117.0133,1260992.9005,18194.9173,1254283.0447,151305.2478,483281.1650,28089.2060,88860094.0863,43779951.4560,185931795.8511,462277.6075,40023.7808,5809.1465,104699.3808,118094.4370,272684.9046,10897.7494,55675.2601
1024.4578,1036.5798,3307.5422,4617.7728,21335.2031,2238.0921,496.0669,59427.9788,5489.6871,142006.0128,3093.3307,1629.4530,14838.3189,11095.7196,2612.9048,10644.2486,549.6218,4864.7069,3246.1080,252.7933,2073.4175,1510.1193,2226.1247
1242.1997,1149.8379,11710.7103,500824.8426,37281751.1987,67570.6934,46583233.5536,2261175.6400,2437861444.4315,1912162259.0791,692902438.4943,1711669.8449,14609768012783.0117,18081904240991.4727,10069017389525.6309,3678098036.7329,468203.4880,854433.5481,90169273.0685,234847.6616,174802413.0891,337603.0081,14567487.7385
1112.5056,1171.7750,3386.4982,21777.0227,93500.5412,1726.9394,37702.5791,505.0567,197328.1220,70209.0816,12875.7415,14281.1652,5830.0192,526.0610,2711.3978,402.6967,3898.7940,285.4144,525.6379,16123.1887,959.4842,830.7876,819.2357
1242.7350,1088.9602,21216.4721,6008205.0218,34924072.2245,300547.8979,8777827.4349,858028946.8482,15654869469.3496,64344341807.3053,11099179827.8888,3436568.3017,14785349849273172.0000,26035469567936336.0000,660573865689329.0000,3780023727018.9385,342635.7891,82521698.5929,3547714004.2568,25653.2862,5294687828.6819,2574508.4158,408343226.1699
1298.9814,1198.8296,5112.1536,3971367.8210,8132981.5754,47948.1804,774759497.9528,1367405.8962,30573848320.5999,38057196.7501,5074902107.0072,3369007.3508,928171082832322.7500,188173502692874.6250,234375807658035.5625,22977315079.7627,1674678.0220,1150775.6386,157224794.8665,2603602.7028,856856412.6616,702103.7979,49178829.7502
1195.3817,1130.7826,7725.3766,235462.8268,11574352.9686,33507.8515,9765002.5015,401025.4694,467974939.3178,363649961.2624,119633764.5221,671453.2324,470698693581.1244,496541873875.7490,340436018075.5409,286495295.1569,190447.5725,242573.4574,14392196.9116,113393.7590,25292301.5771,122383.1019,3061737.6131
1096.4907,1084.5229,1324.5082,15503.2359,8158.3228,2504.1575,69380.0105,2941.5517,826987.2327,33829.6792,261315.4317,16486.5904,19726198.6846,6812211.2800,8825242.7395,199742.5874,11785.4810,5689.6961,35286.0134,16905.3187,79011.5312,6028.2581,27741.7773
1034.3140,1030.4366,1307.7046,1833.4914,2722.4813,1430.2048,1095.8629,4891.7547,3669.3480,8532.4022,3498.8544,1505.4504,22172.9570,22182.6135,10476.1273,8881.4083,1047.7130,2891.6653,3489.8625,678.0421,3290.7262,1642.1519,2684.6437
1057.1659,1059.1484,1129.9567,1689.8675,2216.8964,1177.7163,3219.6082,877.9306,5136.5785,2766.0356,3195.0668,1847.2456,6239.1963,5763.4192,8245.8305,1981.7076,1788.8987,1006.7861,1732.8651,2259.2206,2107.9998,1259.2248,1605.3393
1076.3985,1053.5852,2331.4659,9299.5440,60460.9634,4921.8575,56368.7861,142070.2694,147438.7825,214817.3853,168256.4503,9795.9710,54369506.8427,66427881.8909,39098116.0790,1765536.5515,8466.5393,26333.1081,168695.0806,5570.1881,226788.1257,11659.1760,67460.9011
1109.4590,1077.6548,2111.8007,44325.7222,68322.9235,5922.4443,311911.9787,88761.3513,2499915.5222,262316.4105,1487711.8140,35105.9300,1801682558.0283,903679121.4951,635157816.2793,9294624.9611,23791.3810,45324.9615,470636.6025,20672.2521,979633.8573,22828.4469,221991.2258
1148.1332,1100.2532,3205.4392,383530.5585,192942.2408,12000.5544,814866.5600,71461.1154,172077624.5608,12759138.2245,39279724.0123,305724.5709,148467911334.7997,39820365178.3124,16610080655.1928,105856553.6441,67349.3859,157380.8729,2561702.4285,43816.2882,6511211.4209,59160.7800,1231042.3419
1073.5368,1063.7963,1770.8145,10876.1341,17000.5789,2746.3487,32649.9518,34616.5698,115976.2271,29220.0383,82362.6779,7156.0144,15606050.2383,7781326.6946,5942737.6074,453629.3931,6011.0507,11797.0797,46815.3844,5751.8436,79996.2050,6599.4946,29400.9864
1090.3128,1081.0142,2088.4952,44473.9752,18861.1226,3496.5967,50069.0925,58797.6839,1836352.2285,282410.9222,646510.1049,25210.7620,382567444.1966,88880045.8735,43246015.8427,2804880.6460,10642.5928,30031.2693,125138.8279,9660.5320,282295.7680,12232.1836,92048.0803
1063.8476,1071.8786,1432.2629,2544.3509,4553.5587,1282.5965,5210.4808,1425.0185,6979.4095,5293.2399,3458.3483,2267.8615,9015.9058,6219.6665,11748.3526,2250.0624,2030.9316,966.8928,1786.6150,2998.1010,2325.7914,1284.6301,1653.3571
1060.5115,1060.9751,1167.7152,3280.6961,2689.9045,1384.5637,5612.2895,1567.0842,21613.8533,5413.5905,11061.7557,2975.4195,107172.6761,53153.6221,53037.6770,10653.2504,2447.4439,1935.7802,4019.8322,2855.7587,5950.8818,1898.3138,3745.6378
1034.8101,1014.9553,2246.7274,4057.0845,41588.7613,3978.2677,5137.7337,185002.3146,21865.6495,342472.0031,34438.7073,3976.4702,3260284.8320,8651524.3544,2048515.3063,635375.5162,2226.6642,27156.8843,77810.8761,688.8778,60485.5730,6659.9500,27851.9859
1102.2297,1105.1757,992.9127,4272.0524,3613.0974,1331.4273,53845.2490,155.9254,141784.7030,3455.7529,35593.2703,7585.1308,163388.0095,66002.1900,275079.1387,4090.4503,8662.6509,647.6572,3702.9114,24858.6637,8441.1089,1922.2723,3826.6929
1054.2639,1027.9143,1980.7768,14304.8046,20937.3031,4452.7505,12718.4214,219364.3100,161254.4211,258306.1216,184736.2729,8947.5635,93524146.9860,89388983.7873,20074990.9934,3804889.9603,4628.5089,53901.0479,183583.9866,1773.4482,222942.4594,12197.5299,82557.9678
1059.6367,1056.5419,1284.2268,3221.7059,6276.5626,1748.0735,6221.4248,2065.3207,33948.2593,17412.6736,16812.9885,3560.8800,122498.1138,110136.4420,101136.9701,14027.6905,2761.7640,2443.1625,6459.3871,2678.7686,8214.2910,2238.7430,4825.3991
1089.9670,1088.1665,1655.2932,9548.4358,19191.5165,2464.5947,71951.6448,5291.6986,119229.3791,19049.2934,57678.8545,7453.7401,3904574.9769,1713808.1735,3305982.0380,93771.2263,8262.6874,3787.8599,21673.6550,13308.8266,41807.1982,4417.4520,14917.7508
1091.8812,1091.0895,3277.0233,12348.9825,98396.8545,4997.4543,55532.7706,23564.5701,348105.8558,371198.9963,117777.9961,14225.6182,1989216.5536,3416497.1307,5235966.5915,102394.6746,9381.9481,5189.3293,41096.0200,11033.8346,55828.9314,5457.1713,17933.0081
1070.2892,1049.4288,1793.0299,8781.7516,23470.9653,3744.4408,30302.9254,35987.5302,170663.5394,121476.9719,142873.9591,9767.2300,20292729.3445,20712885.1310,11564164.6905,692435.2018,6636.4133,16674.7629,86418.9125,4352.5616,117284.2836,8246.6861,41816.1829
1060.4678,1048.9096,1442.6526,4426.2768,8808.0254,2333.9685,12447.1422,10019.5732,42078.8226,26962.9896,34862.6397,4892.9017,1360641.0954,1306076.5214,949716.4838,96974.1188,3800.1622,6226.7568,21859.5310,3021.7129,28542.6574,4066.8575,13089.1692
1051.2545,1046.5219,1181.8885,2304.8584,2910.9987,1491.8392,3840.8107,2626.0147,9880.9334,6288.0720,7931.5174,2437.5964,71811.5829,63951.0438,53017.6366,12301.1117,2019.0955,2449.7167,5088.6705,1821.2487,6140.8083,1998.9661,3900.6835
