826.0000,825.9973,826.0209,826.0615,826.6661,856.3125,948.5534,917.2367,846.4381,863.5776,882.9333,860.1752,837.6289,869.3130,878.2744,883.9696,917.5185,953.2308,971.1231,906.7209,858.6166,838.9615,842.5581,860.4588,851.5377,889.8214,892.5628,842.2690,833.8756,827.3663,826.4829,831.3217,826.1035,831.8086,830.2578,829.3680,827.4050,825.4811,827.3801,827.5566,829.1029,826.1722,825.7306,826.8159,826.1205
826.0004,825.9559,826.3386,827.3593,842.5756,2206.1144,4686.3617,1688.8172,1472.8557,1288.9726,1969.8079,887.7754,967.7888,1487.7220,1239.3660,1476.8936,1650.2835,1941.2689,2764.4494,1683.6925,1145.3465,926.6053,997.6419,1107.0427,1027.1956,1401.1048,1417.8080,977.0512,882.7154,831.8177,810.7029,885.6722,815.6464,873.6221,863.0093,868.5208,848.0145,812.9311,843.7455,828.4385,856.8643,826.5405,819.4126,837.7451,827.6254
825.9996,826.0977,825.5695,834.6758,935.7700,159382.0970,1127818.9801,38356.9679,147527.7282,86862.6767,4504.1830,14080.2213,1567.7291,8066.2946,25443.4023,4317.6074,39037.0482,78308.5882,107956.0217,15330.8775,8457.5295,1759.8886,1588.2799,3944.3813,4526.5583,8024.0286,12092.6667,2615.6285,1434.1215,994.8583,1101.9775,1017.7821,968.0225,1234.7548,1074.0076,889.7187,805.9153,896.1830,862.5888,1052.5064,964.3917,860.6266,860.8846,822.7719,826.3192
826.0029,825.9172,826.8585,831.6425,866.9614,192639.8116,14451197364.7432,2765830702.1188,605863.3620,4517948.0744,3344257.8086,30090790.9220,32317.1497,8139959.5880,62107064.3095,45021576.0314,2476493970.3859,64391119894.2613,90234381120.9856,562181441.2149,2415075.6155,116447.3105,113001.1686,4549260.2452,1261191.6902,168041288.0307,205581804.5317,157442.6245,30451.0637,2771.1283,4103.7991,6208.6129,2086.1716,12790.8465,7299.3013,2580.9219,996.5259,1208.8173,1430.4064,3885.6751,3659.5564,1047.0394,1002.2444,998.6370,857.6397
825.9997,826.1151,825.6758,837.1878,1042.5863,9943558.4265,47123420.3974,204671.7468,847466.3973,18337.4600,10606.9262,12597.6679,2125.1178,68343.1641,16612.4889,3781.8021,19674.2109,131016.6953,122047.5562,7215.4110,3888.3315,1903.0934,1445.3193,3207.4431,3500.2088,8115.9912,5303.5904,1881.0618,1288.8696,952.8737,1101.5878,974.7410,950.0070,1121.3360,1057.3045,867.3851,805.3474,889.2580,873.6349,1005.0107,918.5529,859.8615,858.8400,819.4380,825.6307
826.0009,826.0154,826.0183,828.3070,852.5969,40687.2538,116771953.0882,20235019.3354,151373.6983,136494.4916,69116.9308,1131707.5787,7291.3283,409356.4551,1120713.3584,668649.4903,12589715.7761,183751521.4893,139616328.8180,3723877.4524,98973.5426,17816.8338,14765.5904,195587.8947,81721.7973,2202787.0146,2204072.3743,17661.1162,7016.0547,1572.7545,2122.6620,2389.3064,1381.7239,3901.9778,2805.6016,1428.7548,877.2779,1020.4020,1072.4269,1956.9226,1792.9538,927.8816,917.7557,890.7435,839.0262
826.0009,825.9023,826.7634,828.1983,851.1882,1635.0133,5836.8127,1762.3633,1524.7672,1450.8976,3932.4312,698.5519,1067.3495,1712.0531,1194.8044,2201.2300,1945.2304,2128.2453,3892.9367,2361.6966,1259.9956,961.3403,1134.0393,1251.3909,1064.3651,1762.6990,1780.3078,1044.6152,897.9555,825.3397,774.3452,935.6992,794.1508,893.6773,881.8708,909.9441,873.7676,793.9417,859.2846,813.8397,878.9398,824.3630,809.7131,850.6064,829.3163
826.0012,825.9270,826.5996,828.0433,846.4824,44668.2376,2235525.1843,1311563.1657,5936.8857,61972.8829,102095.6879,54022.5238,4194.4005,64103.1303,226443.5326,105220.9342,1445855.9515,5084067.9752,11365784.7966,623733.4026,37802.2438,5911.4668,6869.4268,37364.2057,24909.8118,227632.4339,293286.2484,8080.2837,3358.9467,1247.3477,1351.0367,1801.3424,1080.5354,2417.7608,1802.1857,1263.1676,897.1811,905.2857,991.0144,1404.5675,1396.1196,886.2309,864.1642,885.5670,836.4040
826.0009,826.1319,825.2198,827.2759,826.0898,2142448.1368,12787504690.2307,6319362519.9168,374451.9261,8104639.9332,622108.1902,33007560.8083,28597.9585,9126475.8060,114564733.3654,4640804.0166,2045997180.4951,100538019872.1142,75883010450.4556,186696218.5217,1223720.2122,80723.5752,64145.5631,2400407.7966,1349989.9130,68877251.5834,74023632.6638,79990.4440,23815.4193,2726.1809,4362.3625,4898.4259,2156.7650,11111.2636,5970.5745,2115.3404,880.1314,1287.3226,1309.9658,3985.8898,3009.0163,1046.1365,1038.0374,932.3090,848.8846
826.0014,826.0773,825.6018,827.2404,816.2454,553159.4646,1066259129.5114,3394683717.2033,103178.9550,8708543.5428,926377.8349,40259549.0390,24432.5231,3354841.9859,127324418.0783,9598269.1761,2997044996.7541,71666990588.1693,74072834903.2815,325331200.3862,2434699.7892,84608.0420,73243.9950,3047678.8954,1426465.0856,83757288.1062,128934851.5663,128398.4480,26391.4027,2837.2665,4252.8643,5117.2210,2168.7334,11797.4710,6201.9425,2219.9373,909.6247,1275.4131,1313.8981,4011.4166,3270.8028,1054.7553,1029.1990,951.1954,851.4560
826.0016,825.9133,826.7025,828.2371,843.9808,33953.7799,5204414.1359,5101479.1188,9464.6150,180970.3166,197149.1652,203750.8943,5979.4953,134415.4604,663253.3110,409395.7654,6156021.6995,32438332.8875,69949911.5507,2606641.3563,92396.1139,10670.4573,12297.1774,103317.7070,55133.4522,895677.4629,1162879.1299,15129.2330,5249.4010,1447.1315,1637.9088,2297.9728,1209.1033,3372.3518,2346.4932,1450.7148,918.3456,946.4581,1055.2239,1695.7101,1683.1884,911.3173,883.2121,906.3879,840.1764
826.0006,826.0467,825.7389,826.5163,821.2209,31621.5628,4115789.9721,11008596.6991,16291.2526,234546.3220,54504.7476,776348.3966,5417.2396,108599.8337,1442856.4422,312778.4544,12159400.1371,89622446.2227,87755016.3211,2845019.5375,118115.1170,12755.7405,11450.2019,131172.4972,75566.2614,1162972.1663,1611215.5318,17473.6682,6058.9539,1558.2639,1977.6528,2175.0522,1348.3009,3615.7457,2462.9399,1349.9727,858.2156,1020.4516,1027.6861,1896.1810,1692.3613,926.1178,916.8885,878.8530,837.1054
826.0010,825.8915,826.8247,828.2455,856.7571,3922.8734,22113.4780,3409.6396,1588.8760,1648.1772,6695.1084,864.4347,1199.1682,2759.1800,1821.4196,3021.1725,3372.3978,4118.6137,8932.5005,3822.1459,1616.4845,1072.0777,1290.4600,1585.9274,1329.9462,2570.6642,2614.2770,1192.3153,963.1801,838.9689,786.5738,976.4986,800.0004,943.0890,915.8173,932.4832,880.3885,794.2308,868.5379,830.8819,901.6570,826.6183,809.8540,854.7803,829.9568
826.0018,825.9087,826.7458,828.4627,845.4045,42471.2850,9308399.8799,10608925.1317,12742.5335,289436.6104,308289.6766,377180.1795,7285.8008,199456.9493,1237029.1010,769137.0622,13946454.6567,81804077.8452,180032083.2577,5492079.8092,151507.0218,14221.4745,16367.6249,168487.6826,83366.6098,1739924.8244,2350046.8997,21182.0717,6547.5377,1568.1428,1811.0089,2600.9922,1284.3972,3995.9537,2683.5056,1558.9460,929.1890,970.4803,1090.8982,1872.2627,1854.2727,925.9520,894.2883,917.4371,842.1839
826.0007,826.0492,825.7283,826.5701,819.8282,31403.9390,16535838.5570,32414624.9383,27288.4946,431671.8646,83666.5520,1762054.8025,7239.3376,249323.1022,2939416.4767,646872.6392,30277316.3576,340979665.2589,308453929.5498,6588959.7605,181701.5427,18824.9711,16548.3933,244062.1862,127835.4529,2785429.0520,3558698.6154,24218.4910,8048.5772,1723.5626,2285.8125,2556.0439,1465.8199,4497.6250,2945.1527,1476.1175,867.1398,1058.9604,1074.8681,2168.1033,1904.7577,944.9526,934.4446,890.6898,839.4893
826.0003,826.0105,825.9561,826.3271,825.1712,6889.7513,168534.2602,267748.6298,3756.5794,25242.0368,11841.8377,42696.6611,2330.5455,16312.6623,71069.2138,29921.4704,284579.2427,1057847.0103,1189944.0527,121042.7235,14579.3688,3716.0998,3628.5200,16036.3467,11334.1734,66529.7502,79539.7800,4476.9858,2379.6870,1117.6847,1251.4680,1359.7160,1033.8120,1781.3312,1432.7935,1055.4272,845.1847,905.3869,917.3546,1236.2288,1174.0022,869.3787,863.9345,851.9143,831.2665
826.0004,826.0238,825.8828,826.5319,826.0000,23590.7898,628113.0519,1266430.3000,5360.5997,78932.0766,29016.8606,135707.2662,3397.1640,36412.5838,295017.9844,78881.8401,1593789.6994,7168585.7866,8643426.3389,505258.8908,38517.5214,6097.9433,5948.1015,38457.1989,26661.2296,223295.9412,296811.7942,8297.9873,3507.7711,1284.9616,1497.6696,1663.2627,1147.6291,2413.2628,1782.4078,1171.9753,851.3722,948.7002,960.3703,1476.6319,1363.9545,892.2668,884.2114,863.0433,833.6137
826.0003,826.0361,825.7802,826.1323,821.2712,7685.4325,626992.3405,906990.9174,7587.4387,45317.3968,14440.5533,123397.7635,2959.5341,31082.8658,173839.4044,61067.2195,882780.2669,4700000.3022,4289749.3519,302253.4930,25792.7787,5576.0586,5064.6725,31528.6005,20136.1651,167448.6815,199595.2074,6564.3709,3182.8305,1229.7986,1458.4750,1538.6391,1125.7231,2189.4009,1685.5121,1116.9420,841.2771,942.8096,943.0795,1407.6123,1297.3277,884.8555,881.4550,855.3800,832.3736
826.0005,825.9834,826.1498,826.6548,829.8895,4656.5516,161295.2849,160586.8094,3771.2579,16039.6264,11350.7090,26190.7075,2171.3509,14363.7565,41473.2882,25686.0293,160802.2592,555787.7335,670825.5609,82599.2675,10750.4619,3244.8389,3265.5249,12585.7611,8544.2689,48194.1325,54519.2527,3744.5969,2122.3071,1068.0671,1165.0573,1308.8306,991.6118,1634.8048,1355.7458,1043.7027,854.3437,884.3199,912.9562,1162.8342,1134.8910,861.9505,853.8933,854.3365,831.3320
826.0002,826.0093,825.9538,826.1914,825.1785,3244.1517,73910.3329,76648.3454,3042.4383,9534.0691,5413.8293,17016.7203,1732.6037,8573.2408,22752.5330,12646.9761,69968.0001,223486.2050,226880.3648,36035.7890,6544.2807,2488.9010,2397.9645,7713.1499,5662.5573,24030.2729,26361.2544,2721.4656,1749.6809,1011.5522,1102.1660,1159.5554,962.1971,1406.7007,1210.6818,971.7541,837.4234,878.9250,885.7159,1087.0036,1047.0993,854.2669,851.4498,842.4083,829.3945
