1071.0509,1070.8558,1071.0511,1073.7981,1071.4881,1057.1177,1095.6810,1071.1847,1106.6612,1049.4849,1057.5732,1060.1202,1056.3992,1110.1526,1071.3630,1077.3586,1047.2177,1056.2886,1087.3392,1075.0859,1054.4983,1086.9657,1067.1048,1080.9264,1052.0558,1073.2351,1070.2741,1077.6184
1071.1150,1070.6743,1071.1924,1080.4782,1086.3107,1284.8921,1651.0782,1095.3464,1561.3056,1252.0903,1190.9412,1079.8396,1093.2003,1297.7791,1206.8618,1204.7740,1097.0459,1080.8867,1251.5979,1276.5007,1059.0819,1124.5989,1091.1129,1129.5573,1060.5630,1085.6082,1077.5246,1091.8632
1070.8998,1071.2844,1070.9852,1068.2963,1078.2006,1300.6881,1427.0325,1090.1622,1288.3518,1378.9498,1204.4220,1127.6922,1151.6976,1114.5650,1220.4780,1182.8992,1200.0178,1141.6096,1161.7974,1177.1749,1132.8362,1052.5083,1101.5065,1078.5668,1142.4403,1072.1340,1079.8728,1063.7318
1070.6944,1071.8670,1071.3766,1082.7312,1209.3442,5231.4042,4738.1100,1213.6428,1604.5845,1560.0803,2181.7911,1241.1280,1595.6744,1011.9783,1249.2208,1187.8292,1524.1307,1538.7784,1426.6213,2377.7362,1249.6211,1065.8968,1251.2880,1178.7142,1363.9075,1145.5355,1122.2699,1049.2519
1071.1098,1070.6895,1072.2212,1124.4585,1306.3544,8852.3352,8098.1903,1292.6690,2708.5219,1343.1886,2803.1824,1174.1429,1614.4793,1341.8612,1169.3122,1239.5585,1411.0178,1550.8786,1759.2224,3655.6891,1119.7010,1256.2741,1307.3244,1379.4592,1253.2931,1221.5726,1137.3883,1108.1889
1071.0385,1070.8911,1071.2222,1080.4951,1104.8565,1675.3667,1934.0182,1111.0410,1437.9133,1300.7897,1310.8360,1107.9909,1163.8636,1223.6277,1207.6898,1202.7934,1161.2004,1150.3686,1248.7704,1380.4959,1091.0729,1110.5674,1114.8328,1134.2594,1109.4768,1094.2633,1084.6263,1083.5147
1071.0730,1070.7931,1071.1152,1076.3158,1075.3578,1135.4251,1183.0129,1076.2424,1170.1587,1066.1847,1078.9703,1059.7112,1061.0889,1141.0539,1084.4176,1092.3407,1049.0231,1060.4866,1112.0304,1110.1269,1051.2074,1096.9366,1070.4659,1091.1735,1049.6633,1076.4875,1071.5628,1081.2780
1070.9826,1071.0495,1071.3395,1084.9425,1142.6832,2632.1845,2757.3330,1144.8460,1569.2964,1235.0080,1536.6253,1121.8663,1270.7901,1157.8498,1158.9885,1146.3169,1211.1329,1243.6904,1314.4151,1722.3224,1110.4427,1113.9763,1151.0737,1156.8456,1153.9507,1115.6368,1094.8874,1077.7848
1071.0568,1070.8394,1071.2969,1083.5388,1113.9946,1888.0813,2382.5365,1121.0298,1547.0584,1247.1937,1337.7673,1100.8688,1184.7796,1243.9219,1204.7240,1183.7729,1147.8365,1164.0736,1303.8616,1477.6201,1083.1292,1122.3204,1119.6874,1144.3429,1104.4730,1100.7822,1086.9173,1086.4981
1071.0394,1070.8886,1071.2347,1081.3343,1110.4992,1784.5281,1755.1768,1108.2408,1273.4424,1091.5938,1283.7097,1083.0052,1154.4445,1127.7831,1086.8077,1095.9925,1110.2575,1145.5890,1183.4599,1387.6376,1072.0430,1108.2270,1107.5457,1124.2056,1093.2403,1097.4522,1082.3192,1080.0186
1070.8699,1071.3691,1071.2257,1077.7555,1134.8902,2534.2525,2201.5018,1137.5557,1357.3237,1324.4959,1567.0668,1149.8908,1284.4734,1054.9757,1148.5502,1144.3969,1281.3032,1266.2955,1216.7017,1614.1985,1150.3252,1073.1336,1155.7570,1128.8396,1199.8760,1106.2234,1094.3487,1062.3764
1070.8228,1071.5043,1072.5730,1127.6375,1366.5749,14835.0108,10772.2571,1373.1061,3204.1913,2343.6543,4333.9635,1355.4435,1948.2051,1266.5022,1408.4693,1513.3163,2000.4230,1853.8802,1870.8333,4595.7388,1299.7050,1198.6970,1439.3287,1424.8726,1524.7736,1243.5403,1165.0946,1082.4051
1070.4840,1072.4753,1084.2548,1687.6999,5675.1096,81222910.0161,11390286.8377,5369.1457,461862.6107,94678.0253,1311703.7443,5868.6161,22715.8222,5669.7082,4540.5318,13072.1872,55019.8441,19787.5816,25169.0242,1881598.8735,3677.0061,3102.3165,8872.8834,9902.6852,9397.7309,3312.5904,1959.0222,1293.4037
1072.1328,1067.8407,1085.5637,1765.6845,4375.4185,5959087.6767,356710789814.0455,15996.6530,366230322.8735,5280791.5083,210625.9586,9050.8121,334580.5619,3975113.3401,4157098.8390,424519.4899,21244.3457,170789.8714,14474337.2123,13393139.8905,5260.8896,10077.5942,6719.7582,11478.7445,7410.4790,3019.1725,4448.3695,3229.4932
1069.5453,1075.2196,1082.4455,1302.0264,1798.8655,377031.8824,6152958591.6565,8990.5033,94454529.1013,1366494096.3214,1223093.9334,85209.5807,137686.8928,2150753.3191,23216068.5923,8213927.0978,1451222.2130,78648.1131,2281805.4761,223152.2100,49611.7664,2649.7822,12188.8122,13419.7880,74378.6569,1502.5414,3445.9281,2427.9897
1081.0144,1043.8125,1497.4614,7187299.7586,1401373.2069,22196499309845565444980736.0000,28001692430725296590684160.0000,200366988.7612,184780030533934478192763994112.0000,120421167380067680256.0000,1370778750.3670,34695386.3328,1784970264361.1667,122839355640364912.0000,11523590384249104.0000,484169694591024.3750,3328028814.3333,8961724829284.1836,98061443383117488.0000,825831084208765.1250,29866213.6766,22999265.7002,544011.1132,18636075.3534,68245990.5658,43477.5006,6604154.5102,765383.1624
1053.1437,1139.8208,23082.7630,754235477453197.1250,795672294389871411200.0000,333252254646629130658758939707514664021963530231920723356371266252594205769351826194210840828971473035951014412288.0000,4620103344714509925444849871213725481993875922263631127287941509858482923560928836749434552320.0000,20783070848308867758710790715080704.0000,1388256035603649885793750494862031193980017751864157225086682718616182552985503739217635875487721159688584116299788574150747748202184704.0000,112765771443208826157214632402988057642874534475081100087483180389469642630821566272410530922402225522006457583958553977612755026313216.0000,134964504032529385809751457173917784234720937513013899717862892857924613221872626198309499304892809871360.0000,64079078902577437906245621431657295781105849515189993472.0000,3637521688054151022351441739909722399622299648.0000,716305043576344276868933146325722831019836260323775929355904989697933312.0000,5285858471055610941183498383870845955389716961998401503332797245068248025980207104.0000,3101946521252296402936733732965306549830259165009934654921227944884616209785203569331273728.0000,1378936346485527064561526933376565529710394796894361724894792193979641770361826343649280.0000,959245770369977607721562581834200063604540047360.0000,34095767309367846942615419490860795736149316137519202611232768.0000,51001319669770022935624509361464661247519188281791136070740695913555280199925115125760.0000,9655453393802608485954673735321797019935589189812224.0000,110960538527963614520803328.0000,108021656029211470148110887558161501086734614528.0000,5058478723913482948671495239286820583776049954816.0000,2683093784097700499610138177434529530319307957870893297827840.0000,119620322907227553792.0000,1033737467894067712.0000,181490421105283.2500
1091.0720,1036.1594,11891.7534,45381514544036.0234,50941057064307114941349888.0000,250141323214349963266460859032332120553977566347509122295700088115562902549944456742846703614547722240.0000,938226608296577906198834007841640214773092820489550712600895297307195511997168224877642969000634714190575619239125923472698917312775110180023569471350387447495141489182051982541724969858732890865919475056640.0000,3564470069788499997398113548934327797250084831232.0000,1146095530142266645448312439240147471966939041365453484309169384785435128150315965788096675284108573752004231747515075122503983713437249366620184061182014157441730542043136.0000,5167638141139729231476866027165864582422207167263307210005963794736248973495038833256195050598851915311510765423455895552.0000,4772638523693802771375537076734536594576261201086681990595809668539057468830654530054952845312.0000,16639784875666779360937885033648464330752.0000,37200098003071474112704647731212508166243424001651809798257202511740928.0000,173730566673661703073089790773565844410889247398037930669695288920893459729407357874712618397607566214950813696.0000,126785681150849902624344894790709520023095752986977894709932959148413249032712323105244482866378899812515840.0000,10552655909303424284809960012893033185011033901822630713383832424283773100281602460614656.0000,102788643087101039988168555468641756147708207990868791783577354240.0000,4344729176120947716820964791718547716580901202923117084672.0000,18167262578140124906107583007050702921528650630521120929166313092128193441152558553444515747062156783466070345999450112.0000,111385940315048883398715680737548273319690049224541848835492206109317224921844205526560517751036947516264327822585991528448.0000,9732363363759977445906502640845455360.0000,11926876102858840120344367298390398997626880.0000,395139707683481154786104093175284820655210496.0000,220315178596010439243263442787353393878049197391872.0000,152069627767182338241220670090379264.0000,934478384026391999938560.0000,71743559366299552609766211584.0000,2081979387264827880317648896.0000
1055.3318,1135.0351,3569.1621,733602263768.4938,106289548023.9545,163586203630968429943002911342233294827486312558821378099931622088586035200.0000,1416306344916248845416368280544004523816328754750634871517021926696355620307882553930142838088494219264.0000,353722721031525433868288.0000,8121755706863771873267752977611387682946160761036038566790487932524956729287143574234748951822349011200770048.0000,1640286964897751498708095216718855587265623549196711167091532513614835101732048723018735355695045004031195051006363697152.0000,309623207323153357075242359729477479806119532336979797597157651285803008.0000,44338147630333021905310853459608732936940623495168.0000,5180011391360060523793726297558041736773632.0000,342271149772235057558091203124168364407414853310904938742627217135228446083907584.0000,493692037096542078585298310728642091672545264629992542572154327919411307552185623070638080.0000,192863070213101550750322350703613762127240304721621167750079283147505010152211277152256.0000,58051370691934816952036630269212749590563135790607512161610696228864.0000,1045294219988061789237728666519436914329649152.0000,8064939856008219915059697502691297457468140009297939417630427316224.0000,722808236698426029043354059046800390528460924822399076385423360.0000,22073472612746271316551808787702898357723893596160.0000,108559608888756305920.0000,16887745649819939307982079156813824.0000,47347783968504888019043635443418529792.0000,88318112010586757124166207922660486059885636616192.0000,122684398107.2638,2212899977331794688.0000,7975783991313178.0000
1080.8041,1054.0742,27161.8776,8200004536116272128.0000,55341014601768304498812882255872.0000,187944232901539540870566230830321595099391628659013065633148022680449564677345710154949474937114533902340309033042783179374592.0000,2336941435184670947368801469824815175280559477224734304394218500333194750861975246173586130787590410322280927391805557803337516808267218945317011456.0000,11547656754519098635937906688000.0000,8367064005428963952686960122755768693483938563542101966975965936334303308855665100183633395712.0000,44982030513480229478913222878906929181325871417447119895729270085281532755412168350892032.0000,31282857567246454725552401635130022277975085211545958755209409788738314793789725637796385783808.0000,112257471623891775351001568357659437167449997312.0000,1307508777031162767296835396715775076218453054650960576512.0000,485292286649810111783419368922035457346329586937364480.0000,44477750541453538885331985909324224668673606464166690816.0000,33324450911174007051285005630248256146750569823226178907672254873600.0000,18551232656188388957948824041273997472416949630366311317843939950592.0000,262215877026610929671667265151788370419433722327849815362240512.0000,301906285174021818706789095385166865989847954077508578574336.0000,65167469441617008425932690591497388933700692867260147661679113394160726531061937948600699306639360.0000,1237610058226249882294954345134095859712.0000,1561236720196786585664827162624.0000,41771894154183650064730031396928219533803520.0000,8420976288909820274957956818880184984224321798930432.0000,477547205776329227371265439114807828639354191872.0000,104116061012507300521312256.0000,291466831892031484198912.0000,243839259340945.9375
1032.2137,1266.2271,3806.4566,595471807.6909,5942380.4156,5729273147729991572753460100065304888398168678856336684875776.0000,422954187368198853712741977239183135750951888296068269039607754160687984595339356105975012770381383035651012860013086568208021437155197467661036736700906019339734974149078474092713587148308373171553127185675705730849936440475644854272.0000,6349799733375769416621943666878463389077402386694144.0000,23686749573225663053348770070331790307456481877156729038314435257602182108130494346797193486252800837565094686674872490866778280479374890836788675688906592102473638298780240196268685939246417843392806342771556895892419782016184807369752969216.0000,29511294252758412454048511666886797123053706153013550361982399773802948889988656673334585674941473364712644317802381378415764136665908433139087343746015779670381841368606120873086943793891078778844790863947985365557640619026790510457004733266657280.0000,11898878539038168915815324064039462618104677175344031937319317148313240917014065099495815464046053380452400632280543238639049448095744.0000,15449446210549120829453066981796812456722471644049306702610618475397417847735980724888535040.0000,13030495649379693381003388998225695523699316972252535156128123117682982267335475200.0000,370752262257565436839438351173922476559056154909514286257599996530167292428099942782103857902493119148308198867850354300463121408238022688500963356127514329088.0000,172029735386824770464391562033580826243847047205159749311052954151337982160201690456261544647690256664452484749524483268786117901798147898946942636421443991855980812842891678617226444800.0000,33158966189697455023426904806095353686916122918573667814378005227308867320568739806872629999201783225638742180149321137159342120595043782969981659893559564333109747908608.0000,1988949170063053118320174296925171641396401695779664739647750630175521774070904815808836611184751606158049256444290330084220213621948416.0000,145237640949280650240534578241773687468251065563290965345247952896.0000,88657537531430994888313457918564402887094916083676608621806161950318712378513912342726687183164356374450104309924640204162713234174033797048409840943104.0000,23841603882047829818082779000667862883724093574562158099104136753946148461487849723352612781478901030149151297969813765914361856.0000,1003038715616186535269424463397086253321282656411724051079083881304261301397371224064.0000,9671874268618488680894409920148938948608.0000,14697147664714568313844866560921969164991986855372704013545897984.0000,26576640046883524400706830673536716459699110088250487102517207367680.0000,1008027020159598697135465718810848780100773524551990084287070801754721946500058841088.0000,33815207983682.6484,3886793024193037451953235480805376.0000,3547606764993234177436188737011712.0000
1121.9849,1025.3510,51434.9128,373658592822.6240,12632520319181845954560.0000,8355823394414546341345777636753392179111247746562561103340983467446140938350942249500982689553541986090683229288708177920.0000,inf,166648056542223257681549373404335557682658629122912494835824190286414607286272.0000,inf,390747335048474983111266538429209093499457516510427998994954191908938684133374026417820580432571695353045685295120783675105312691523335574864864319062646420072347950455914970506353432629478799589537762284273109832291158743063948131913657386844831643604874190762302953750528.0000,172805593877634876355020410869639577464585733743558964746122309465672900940526633197718968806358212164340218221478124835347934850075471100300466036187496193566540038144.0000,8769742044655305248133567752760000541877294412205722545196822993211550871834648891385119244288.0000,132826388775329525297551491223696489052863465604967760706632505472186710073697325788148982071041296695296.0000,28899017648074616582203244245279624581471471517522802757519508032149686119578725747591936313530442914242602028095369902372516277470553933637160697955027482654045393575267790999617482503592429491611106343781191204521937731584.0000,1045162515274136536669466736315998143863915562974419039116681291138749001151643110762091376509348859036230706550222738822338622831555978462417555229305304906784946329911334305943334893015895982850212038511635348441960284160.0000,20984112738879712241007618316442854910146837879262191194883136924501417280592524906805386558045322730864901197857254745997867381746692224072037506199529132520607213487787281041353388830045588395476910080.0000,904953627185734698121698292220136535140655504750353058664838776604815677396897845368669766311780040201038781177733615213773907057735944699379712.0000,11061756138910637360874208760407027894446506739157904100257442212600602427392.0000,1147191763130152040359079259339265753601493430766668834226560030812453618466862273731603895359532208364127845277105734956457082822127915498216009408150056836086977318398272203817938309308553057451241366881497513984.0000,61744403332236076319707427695171625810293291719466324974639940800282580562747576638558951392680973334813829528088055248378711897624989997057268301061722888428262762921025089355415002428735488.0000,47341434395146791872314823530003433719825144241085289229238776538623385073577099264.0000,43346148817948826489117089894305371760027429103857930929547137456799744.0000,301079729096567358431588444714510374957470089672719674553591547764422192207495168.0000,1814095295695162407513122834749843329582866672999628745871014879925367042181962837909852651520.0000,20522575196378897554231064531030165864392073116271940807092750794004365312000.0000,43506186211540555367249346560.0000,654653234392992062711204211489174223383953408.0000,2474257686439685193508377227000774896147861864448.0000
1088.5277,1102.9358,6318.8665,391108670.4436,103333064075.3232,32289872470340311530362811824045458805402621768227629080550904738145200267115626496.0000,4252437105592171073280203605404958937274770949739472578370035826381510016121402975529829525703311407337988278891741819521951946182081948805529553104801422959974349789068940144174479796026198203356429904889427535956415918843120439278367641643285015143275686015436527459352182784.0000,837544910433366711680029632413380020099500157545716049860624384.0000,35468039564119934940387979891081230150803477362105023036625069041558148930122983277200006918312191913295881103801648318206338328039232169207536569400375537525182459530827947096215881868971047966733803145589511244505474461580513647691655393731476267763518059409503361602549456767340411457896448.0000,1160120381885353553224234598190736215515919391609443260458293007380847925879407998060554936843983414219941280089514506979251490881477175197712285255659560438600513140571696484537161242302187624036861273170880275857150034841858521735358356154518734877061753602048.0000,20791503613456237215406607852742030365282170953264902547407455538042161846586052331839767046630674761284013860746143036746632443585224247345152.0000,171766600209250352894409213268537749220882171414462075165140056798183953955898297656350343168.0000,3641163231268390633287297896552553310061272730221081150359109413318053361296766564980228096.0000,24591011318452074350363620923090492890613040047985084592031772101160582821789609490575784499626441021900890312333637515518712592414477903682133365961405071027372471156238732317300644980625244160.0000,1411862901790074768156605466465967510064858372951369391334866137657472998443801533657120162686333153754035797145244727665041432503324905263517596163021859846521445857533020324561413730902004837701851807744.0000,113223341976935444170918967502555216496123763473418748998415712061783878586946778932450663859829437841794183270599095789779865482757444000671429296021652469831340826240713638009818627178496.0000,106148595575145762219875758440810219434456582811384169973520597790149626724556614819189820127848228188871404745619434671139369018940456960.0000,19964052335886723933626554474674588560027764767018402412207918549041152.0000,6365825454584556442321557690846661844590640695708850339042857812680129833046912730870542307579103778531194503947593162054699094526010407075456947149170763077949223284341873886363648.0000,61765241704029624388992106766336708488083134271345614256415266186562155646855450545163841690139183413895295780897353632363481036769647133108316063924224.0000,877675630947170411127276128016435850937357817398167325746102766861691544720637952.0000,2166597065890661148576674801021657606722454854549110784.0000,4242551020114515332483700045885427367102021086419988042749132283052032.0000,19891587193516972213978029822369103986912306502389155607040543647931227313274880.0000,5795013294249350157728621017919057043662764799710594317997879021479312062676992.0000,6354364870651217920.0000,1086871174833214552298079043092570177536.0000,82582369130943180779171957955778286977024.0000
1073.8592,1131.1198,22847.5112,860774175.6637,4042136500007455.0000,783408252265315810773950510296515764756751820154105046635781707311613398070698679697498320015097593856.0000,2993559317338671443825216260069915151400448193913959167980569948374956430117774103909393173070404849622420645073427706539194252611171516110999416083057333314311229325445957110126438483352821155547099990423382816587923849844345976123689148503693619996670950952117848768512.0000,391687345695043262142222504747500904331912035035307524241752064.0000,4475116378635418066123562705806762068850320488694096102921306928661696657437856568211598619390261646295570334016803811075895877419588576380355995235254515328657400693403455236837704271749752860593783524996004747080903967027169114500091709493890699931945663556380767461310464.0000,335223268336784819894235537761991449031268696953632546748899782762816553725196339200765023174825354838873231377757998472719533689415210112139440921787344694901121675874700704614099190218355656143773791752968175299331734753900830325211136.0000,267673389185808816279607698722645943722863143019692439848188938119388490539785989013672173829045577050808501322069850118566395983346612563869696.0000,256480021242766015683650499943766598845582198937598115765759633526982074896285171712.0000,1483640548412698510349000454906774056166358167585528759412429603114370211930088516091904.0000,1554783837102914156933305013306782374457498091224624771527586736480784221220422417059262295545070056347988556005290046747082047126368783596465345683983068447190677517594787840.0000,137141348498269328587252529402352172705975971546537490591544454889802691649529506263081433204714922597400910874967090630964029199345669448202243227511740612439057243664679714239224479744.0000,3681596324193086243678254026412762107918429105312559327368761977209319473660264437470278237145910271225782644060696150048026086047381731514847927241386341562904641273856.0000,943733936394370609201151374884302392439014647370798630982022426940378748598452947231847958809995457610724273943959239720754479104.0000,2773387728359223835942590967912695838557034179538814229660303360.0000,134652981905791287590106245860057265000629708888094052025219897772787783495668466214172769002241398167957834606843393576421239416706426369008783284207131186238363843690496.0000,3467627482546053518525674441439663670185036320943004646473808321408450539709789174095013865468810892809942798427482458324677874515943771052550409238347776.0000,343511169857715989223606705002523221044553576098273732303821405489431838720.0000,56663627713299467815530328468281135231793678172291072.0000,435837519641282153214445591192227625862305363184622567187909674270720.0000,1170646577503058274717242110362024782078236114278323734848161720785742856192.0000,22619882915091252571581536778052861597945196066275266776724737353580544.0000,7212238892228322263040.0000,1857490244445271384492516371370868736.0000,89670618141060087243881847639186079744.0000
1063.5687,1094.9127,1251.9054,186141.9410,848636.5557,167197744728626844449898496.0000,32820927420789053529409571129667828580352.0000,21231510333.4926,2989831711395980379566580480493402756292280320.0000,186826083153274552502120845140422766260861729243136.0000,91648249014494152402135127425024.0000,770371622906636795904.0000,400146054701950912.0000,5050000487677535807423373115392.0000,464476108105902069733226429684908032.0000,162773673120880576837778869703409664.0000,3253955250383040239469242351616.0000,1084650495139840384.0000,35031077690559271574437888.0000,2177381584551578435584000.0000,52189911265325015040.0000,441133168.1958,4716701107847682.0000,23625422770671084.0000,1481075299748706516992.0000,1055750.0467,143699520.2345,21354147.4669
1087.6863,1037.2661,1929.2554,20597548.9999,672740232.7213,265601434134614097414763736727552.0000,3647954097211562560817041374345465601629901806594980988653177967350982293370415640763509588957484868639072976896.0000,538138397693009461248.0000,68720307069902492521273461372198834644966678343628643888406379956614616402822316741099375810448860381184.0000,88889339051191630837291108070193219675564051675209548163705665948310585851452861895203868406481682432.0000,118721546579179329718779465790567254727648056469740322816.0000,188125420042469816579436233084180103168.0000,93284503203207141398957185453522944.0000,194241387530796524500272115292543853431391064482506405307241352287677363257344.0000,93673181797383417941010620636560923075968084844405203890934809510039378739593216.0000,4779236986855136833740656531409594750723567558509511728572665142454249324544.0000,294603436688566069421204413495815022698978741472722944.0000,7878881329440094601820189491200.0000,10168428702522687507923936914453108497958121024225869556473734889472.0000,17360951292411990412078975605736995723149312.0000,1219351962871497056372063069011968.0000,10807603697213890560.0000,210738361451114842309001216.0000,31228789261814302946274974892032.0000,46065975904163392915291257259950080.0000,53261452.3980,29439918278435384.0000,43470796554812024.0000
1044.7459,1213.8075,10071.4426,449756969.2000,988384283914118.2500,333442106052660835914615869640159387728176676970901029815053836424893046766097439395921526784.0000,8605810878648478648308513267476462785537539295110738296079658411401975173771933617796994089185073669141947924048323001638631810462617926356817714175338969680400456797035567133307924777713456629159927808351795698764784998162682616109940604928.0000,28732632448701851276763089898059269151477527650066665308160.0000,450849991579742152826195189664887441207400956820324964583295974387531558645692870641127728315323737576956512156623792520784736107754765558820790333853807879518964856060093819762251138959046765945342364083256147858054909563871043811630537131056693248.0000,72800744614398559247434094042973176744774296587982026583719191329682815281524121575298746970437691803373288884864943264683770617639816480849262923601276137872655220328661356835135235753894630962614209377768158282161799781635063808.0000,292228231648732032338647173527959050439570080416261513265396270721735033634976265036369760180668522993646517547485338796058746255382335717376.0000,85037327372623053743882161504054584347049809783258790838903221210035230378316267520.0000,760861486040872746562192535850243839518098687098826203641433658028971425878285221888.0000,99591657176285185016899966154138060937500330639330011055356955970006703173526253839033472050384648945289869549551358243199804638301755645086091709756997632.0000,833938415518045396111295511067278615930996093289215725927379429821856426594238846439139003878940804496822382122287437923068746708957427327826150645856681999986010228676100096.0000,1380192019824081700529954396031548276273436525597754019747073491115019517948695747662504927868609331460342999281754061976156753849853837731864849145956818485248.0000,2782490900264957799174467347541170241556916154742883175358146662305560823779505696587838346778452110683151197904132462272437026816.0000,102789971295381879904422571241245602196933335827499398224412672.0000,8529150566422067636301900398276701800402282690160094692743613758222520070306205128529818595255446625004513016088448135996766893576710218945850312195309568.0000,38537208961131728788953946953118055702877788268261232941313705768879524988061086357413714789382918871884924964613851473861314783547505302831104.0000,27111946986006734125597551360938402653581121349985676962021031287684149018624.0000,3345183689813200228601158557142947007633031168.0000,2289453316703412090530757812599061886250244923049577822702656290816.0000,6489117736787186268025399705250889179154658452271721845032933486755840.0000,282449312312451648270891506174571897627626977781181061836466482335614763008.0000,69092332246968680448.0000,6395702125181664928110301486776320.0000,6589765700369863337075295674957824.0000
1089.5998,1025.9781,1644.4901,312062.1702,9418832.8452,412103559907613488598137299394388557824.0000,86247371522814164122804143749745968422630835319899444030495929259583088505425677600216317952.0000,4305860133273000738816.0000,98776261829846760690269542350394925930367067161473852216462590916329255581311998994939904.0000,576349343620053764426676773967324975404527773479296257164358713344.0000,5786207362291177825754314496291614228480.0000,242440777560311205986304.0000,993869232238039208332099584.0000,235637244498992043740154055239422081913745355118550846537728.0000,6171399593658692987040831002405171473456513532426618667008.0000,2321604548932692580865449123894371507612888061706240.0000,23435206626215579349615523236151296.0000,156840950721351090176.0000,682744763229200348317757357354360829893073089067814486016.0000,4629656381061361732440903315177747573579439931392.0000,72830384040245477376.0000,97727260012039553024.0000,208628760880749805568.0000,1454650579689137944657920.0000,174900385949816928.0000,743701217.5778,8345630163782.0752,107941946172256.0312
1064.6064,1104.1572,2026.4614,215395.9030,1167615.7714,2625956529006028869730720886168748032.0000,47770100734737774695680747044751405648077187921299063228898004331072317600171643502783244573718851901947117568.0000,268110020294967310310965248.0000,44370920285164993930897267308891538856083039843077984840017784839846635656237275254764114358467819286143699870452757299200.0000,140079631212316115947861712084460134251841916431772645217747992965802943154438030363806223845582011956068729487360.0000,1204547320481253446915414781361239776502839243453047781333422454079488.0000,1581908048048474693127095897270847885279232.0000,2651740568495542800072872725172977664.0000,44155825481775981355070047469430702296495968976819888031072854171612268724224.0000,22605260222471652672376287954627001346896649036557029800157881054617513988877824557056.0000,102407539288925688657330243128995956637580131764380820699931933237230601255256064.0000,31920934532334613945640447718936330537153513491598289616286777344.0000,138437066407606183732390658048.0000,3352167849649252509656959091085338969974268605120879892637064126382735360.0000,311357623758210722366912804001964164670549987832395930238189568.0000,35282094352758114665229267569725145088.0000,7501143821267785220096.0000,572063915601985949825758662754304.0000,157508328685404540980879741367091200.0000,7712535937063125238891356661181579264.0000,602247621.4924,19842582585370968.0000,107821931662289280.0000
1063.7836,1097.4294,1413.5530,77606.1128,294298.5884,117938823062267593474090991616.0000,133787269797151164794213916852789938444684506619643362105214490429175627776.0000,5406469113306584064.0000,3505435238104383139018900539462428385269041436426265254169391922237655669014528.0000,2685273561354404351974114173400811312636251351309529274345786492562964480.0000,37658745843324745802544014343811836674048.0000,50254112575674886828064768.0000,19800059565241927505880809472.0000,336217870015494883139366117611305136208557899776.0000,1577503476892028785314396693009328130095529238412132352.0000,19891286467463546387641046810766411988416323387392.0000,10926100339157083790576377804058578124800.0000,101129928801230761492480.0000,1332743872665873128229997017594309128004533485568.0000,22104345114325379542224392473380537761792.0000,308326496297688772902912.0000,536936273028368.3125,146293567136422707200.0000,661753548114930302976.0000,98735806524795639562240.0000,6427663.9824,3284342699467.7676,955219445667.3307
1061.3181,1118.3926,2546.1251,4335782080.7042,1159694871075.5522,5603270692134247327007827816387456824216633281315398703578536214528.0000,288177914720997055321244224644919540151096105649371798673224478594104405004201442276139038818908469137958799529688461860113096942551040.0000,44900097777007776960895582438686720.0000,29228030108462619148583000359173176609855959230005524407246923571295485687573254810582948146321763546986977793393406934346697999310395315580829696.0000,44424311631006999684520124634856096149966438131081414170809433286242494647303866580397183046034720095557526074656042937417515835326464.0000,4336024307402145594425677700026034108600777704510420900707674965061077736199309754368.0000,31967071121692629929061550939647326372146477793280.0000,41360333727253879742599250091745553312365326368768.0000,36807630362880177671453341746862062264510581649238559420568911374718418442041837230227456000.0000,613856061969937071338935683729298549707237457775184050095674102170653297879803541433501768262615040.0000,488300771075620943181081326274227500310382916572079234732742653666511242046240025184877674496.0000,3832140291387692855162317659674670351413240199598696983096244897231233089536.0000,6108684090577975551291930487849746432.0000,41696003017502189649673159815338352269571553939289375923392557779595694576205416867299328.0000,368431733891069094377797080070862940084332416504253188981454449464397757113982391418880.0000,46472192322682773680263453638832044575175999488.0000,59484608231719175872791445504.0000,44284937170420793379059237256720669474816.0000,27722063650638001187400255894827571364233216.0000,20623997907377703028245191043120278796373065728.0000,213189816041403.5938,227537384435781042176.0000,423421516333345800192.0000
1103.3897,992.3237,1920.9737,14609821.5804,830647078.7377,174059894051119194451599175270268928.0000,162432395309312635552655649461277096068174628230516889371511076938021368738428556325319217148069282840576.0000,11245979603993421824.0000,1442483263048434549053147108699578866307947432646773986151128531192920373722485178236928.0000,369846410100342626837663046271366109506273469909535351714176763717961714732367872.0000,38771233307503261471576360949003373168820224.0000,1640382231962009942422374580224.0000,3669699798363670977752726503424.0000,6905652715231874005810652633268999282948406969532907537239334079954944.0000,10047319146760542539221205235105357523812238132928853283747343106048.0000,1327449975628593032639293744412525576529622655806288381626810368.0000,233070654421519258123653404734689250377728.0000,923019567784081143218831360.0000,490123156480326829160192005757800654429907988956422149767168.0000,410577791495952405271263060766306074624.0000,7608606106099221866217472.0000,5168864340072567808.0000,3938267399585380433920.0000,1694565219407890965745106944.0000,100600915425939929920700416.0000,158953677.7426,778655769116793.5000,2168546852248406.7500
1057.4105,1131.7629,2435.8064,90456430.2589,522887316.6725,879897628016911322619603959311146713814871434851128442880.0000,30105524918345506757818904316306062884138887706490221329994989040106091537884411801424762755663189539553280.0000,522781470274399761858727772160.0000,69643914270528563994132143975395748700381379168311776305748198661681000517616221725591747409351242390694780255374026677096270615637211190657024.0000,9811912024593083398518436378057929172987317688408258140686631050524542772706276956874861416433174932890070344756290685548760181566387592888320.0000,692753826169867704345132689708217545474079523591293547616612992539840640368373250654208.0000,1039191125011893863641915452474254359999892004098015232.0000,86845221266562381764648989815025434624.0000,6804785164564973328907047094049008088690239675000226982169369901474546395820013362610176.0000,14407607979509859316384981959361460005844663695088878717141408938474099853250635336640299127889985536.0000,73963907148126050097141060540494512168537822700152198985777544715723725272243902319374270839390208.0000,9717734855585544898710954764147020830784597224014095659342426485602538038614818816.0000,2254136510707250597717435423391744.0000,6373204016454161485307447636707855857407264817973817192707656531975975687159808.0000,140832540056873196558278259841159771713971711831861855397602342197522333696.0000,3502050388580216981315661315006626760624923738112.0000,1848945750304368885760000.0000,203947098358270353655430276722848962707456.0000,185991022540091218068464095281955979961303040.0000,2134602039456649373491424407142277447391025473519616.0000,1189995241400.8169,99663511531371568.0000,3488188388945098240.0000
1075.2959,1064.0528,1331.3897,137036.6520,1457761.2881,6408693468730519684332388352.0000,4753876901733064103048136409440047299853025107953613579827002675115333292916736.0000,458548648925727744.0000,635463724291732406830548137354836375889776072312986082598034679948902400.0000,496855830562535503104141229394825658708464584786193337490079744.0000,26908495941067240710979048177664.0000,186704127551336400027648.0000,1171096962175137058438250496.0000,8265501146235463283654281709378902289547515658240.0000,30038281176543774223734561145377915134197806917484544.0000,43532455014969714493756901456346367030129065984.0000,45097420015423651420443166900224.0000,47720637529329795858432.0000,711762812158988641806013814093237083004121120768.0000,4216257276029235548858152722372755456.0000,280029935647359303680.0000,542899133526117.0000,21903998542285880.0000,2814416007952881664.0000,63054292054576996352.0000,3201297.0708,2807722493640.2095,953141846045.2697
1058.6757,1115.2731,1602.3184,261241.6268,24521.4891,111865461103178972933858286108672.0000,38105084717646085769584567212119408894159847667421529517621482906840991722687692800.0000,2527029841056969216.0000,1465056842879640700178370040035203280414820168310045677465523675571416325512593670144.0000,37454637835175493801999487442906440235812528725904240185427564228443543265944110559657984.0000,37371468638423327931727414954976542876531425280.0000,2591557403100068927744296041316352.0000,33887223415747144762565591040.0000,4188964207449518535657871851184161431631751951101009592320.0000,362876657086492651697198190222980154499920735307006705572547395584.0000,7886119672648753939529209793825137317081936191790277550145536.0000,2673708734592909401971837977685991511818357440512.0000,91318105749202074075136.0000,78493723817914430171936498945781424145553452150292480.0000,207436727261663730057961695559568507145289728.0000,31191499903843315385512373518336.0000,1299421455046150.7500,147126893349952718635008.0000,8399490651038397316988928.0000,217557549906505915479381348712448.0000,2381083.2793,3737993053497.5566,8632187561532.1816
1082.5079,1071.1907,2334.8506,5927966.4412,13117062.1645,318054132761951954740851843046309888.0000,855949152555224290482238750104993475408135442857907218346064569191253073442057635248332192516137760760232421690619776231947035433099931254333341215737495546416338388289323008.0000,3617286769961892341705255631129149440.0000,16328378059902060681080910764152507109132678389344439995181282232551365015100764321326256365037877300178245830198084397099925771152416508458880011328591926841229034811134899650560.0000,20501359147022986606715820915168692645824680323957345312349614037610620409850959923385198730423083173394514710273967971890959544442196999232734836181765789928784920576.0000,21892970548338880934907545779878597510259633252096837188124884744524851865793641578496.0000,219459514036104278470434039242043605327987261758204798828544.0000,829874018972334251892609507285635869448506807493723160576.0000,21768844292450221807084180195980768509946922643970981062151057380816139103854311107799279370502132632571069506656546062336.0000,3252813985783951711550752803451916693280655203351365199726205440094089387203657335692641869692241883556618925350061019976695808000.0000,479654215508404770326674088415473739939928496131738358307420998619180442322152805159773796513245458034110524740585127936.0000,644787632243256389171212872415738723647621558056894607270547329071226392336914588893184.0000,91504358642381640770250777953758491233585463296.0000,2946003053164876914685428785928461642455709979488697192394522532528577017179079541271186250616851827435067408384.0000,1134365881919428563851632900730394226315081143466302751969568279694583220470175236096.0000,9859021123210758171303751348901502027120871718518784.0000,200538268743681170216530990858240.0000,1236005219690484325841097882821880623136768.0000,1276292376313999129767519378565896292707965337600.0000,4151251460929423650560946854430939201137118132830208.0000,3102980853.7210,16264404575038539133091840.0000,145245316324782502595002368.0000
1053.0835,1157.8366,2277.8512,1121710.1236,83211054.5611,8068057142034319844540913087208151419191296.0000,6692154543573144450542988247045105099503984098168395957003489145144964850363906719752407409104536001025068615911778887298841276987692172525678520355642097078891953279467520.0000,167123258357076477136836319405284524032.0000,620110922018221536763358969343004469541297524287263625253878515908617195981124768714391115369148953766146231417599247738870765700665923911853785165999284053878617174704128.0000,2351711924230217253732402430185546157591963088021551540648165168104157611939275125749727148106595027465334604437023952227393650097240668400426486859695979459512973131776.0000,1430803466565634082943511046553477006433739215171960643601407824230845067693602979708928.0000,3107940799838896257287252964368535883803985338571002602323968.0000,8881860282528482211106804666433912983305411318096316256485376.0000,10280388033946133517880820755572035847491326500353252312909135503743250405828328673337480376499066187938002894848.0000,511104837954238361802200936465783274900441282296689290926293859917933267926326385641702092970032943862183545788455987318118940672.0000,165031245372157467787433920844961440656831131164651324101662610978444988178644929818578633815382138946541934490943488.0000,1370502586785994495663241552749833490676699847671589022118774746788007387292061451436425216.0000,45164222771053480057237679914408236382730632298496.0000,38532204406303905692479909249765805580406497665022430908258714268426530915905532039089966025995545739331108864.0000,8961100089385698936273387263841536862397911074922017819739692546047738445366025221308416.0000,2278762480612816623545856015178197863134587708743090176.0000,545878968837536836293809405952.0000,3519816086042123054452275398966556661645312.0000,894178092827454905176962692280446549349105664.0000,513671121267557988498535172348384726163160391057670144.0000,20090472143.5523,38236759679538844626059264.0000,7447092330762502989152256.0000
1121.6864,980.4232,3653.9004,202887693.9551,143719845578.8453,884705674904351326994554905266702916301064668853567488.0000,76140116857724693303703284206393404437216810326871839842447890340388915236685974765200152945178349501683659782691570188772204016246261736899780461847535118391337783488714066945071340821680586891717506998551843733861606359040.0000,610513823271690663501579737326324388769531166720.0000,96511848597534359794660395688623278364048831150610632637444121399549084360267722262115975568596362389148260312451246332009457381046667833795017090374738049158742098330490483526888032672820855125800832002252129923731098584481792.0000,3074139016612360620413559035135158579031678195446012209619735569460983039050998722380043336334240586279767060793240629404118996943260474396492357277027922464130537540611297370244158324736.0000,75422114082415858393310335394201333620480609879273280991138711821653123544410932558618750353408.0000,12138110156301481815140688831540925216490196841370351411356762112.0000,22220848629462605596440863244075232014724376361024116247298261909504.0000,3278818921944453458526087768645696335498101240909446108376851440699124208263054567205195433564094752400243774034259103896313944838109149332778790431133532160.0000,8552898773019619385281084185536680953870750078259791846607751447723730258027359410579233383669713784635694543474896250823388756589254716788836703410323456.0000,830548714471464212682302349790158962272562857353026081024558830300591509360885961050586856696695563461992444803375474393871699530377376825344.0000,118314276985732459738012307262152046960058464606795344671109249427982727187117922281494413312.0000,62228391855973687356174342073893452077039354627751936.0000,63154710755542832211444848688959133918193235129475103398256031550059243198581427295987643100526340174235529837319042132576576114432658942984192.0000,49081655432387037708429745003126708695100513202823067828424125639901976182693312908359900820444907745178684489728.0000,516234945644369156703913994915931180915325967504769024.0000,6117286173504917877218764522165929014087122944.0000,1118622262203647445624929101218804338937869369344.0000,100727241748825861571000747673478063615392654262031028846592.0000,190527639484133046426957633167929979420547353673728.0000,861797683506305.1250,5477216474481373931281309499392.0000,3218009262706634970916544795639808.0000
1045.6282,1179.2866,3695.1019,1147394.3528,510506677.0136,273742318069084012302473141153598067876267714150400.0000,1613221868368937031167138934615169747159654463483452142708912328925419587773220255306921390351697166512221707596973621344970884141127410819496685130554027229208572834508439552.0000,10180324928971819461866540750417690624.0000,24836548774323974033475455588247240628541499102954673582173145422357574588642972184549704594260664452509955114181335689269579204517504493399229750109519478784.0000,679364875611764986832624776442784416069314313133017038532259541549426621151996218365455210578264821811535525224005253818199152136499426137106089104993656628051968.0000,376734097843735001945017269131935168426597989928800306942555459015255850483712.0000,43869886972435834072503706962986655302108484152266166632448.0000,74723364489449819033677811501255270026271217696379854074675200.0000,5570015935475855804436644948086113474387612200016631914540480976751720425401468350153835687816657568167624704.0000,1059059595355005335576440412313992603928848880126632997460818340470793804596125879541592821545032198461097426911418352859611136.0000,4685656550688721289166333431450583207196921479275223130537339411150417383573898441750584697108569096253622714368.0000,119508258034576580990378650794859582125739501496139359082839227094347961698581607350272.0000,234354214807676122674006069094878147499990922035200.0000,33473460407189530259387649689988349716629054801678841949628494187849601899066809666272214827993094034554880.0000,143864965608887388365537513988907825751968684590072101276597862096770111328038615515136.0000,4786980306985358026326194197947199896803566650570833920.0000,6518192096466993344786989056.0000,247178192988596697068862192136962965504.0000,135395696134580176764463801766310137823232.0000,480151777323833152900841705373930672293164894600036352.0000,12178398126.0345,19647920516071080486502400.0000,779161124517147635089408.0000
1069.5592,1076.1256,1229.2094,8564.0550,23973.4719,61496502037747269632.0000,26691104926961138282430201856.0000,3164947301.5148,2609727305186534805965705422584152064.0000,4014180957621345708913183835553792.0000,3280512683343458743615488.0000,21956944720174.9766,19148233291.3657,1730650415553988526080.0000,327492770224662833528832.0000,212411578101783943184384.0000,3031521562864992649216.0000,171497099.2733,104065526764820316160.0000,37779058499855253504.0000,549403797445.8461,67230348.8604,484747055633.9103,931254553016.8732,6370047591882.0889,74574.2718,465117.4493,1170909.6492
1066.2256,1085.5131,1096.6958,1662.7190,4136.9288,463191023952.0085,4376648758132828795231593824256.0000,384237900.8233,1277799889563074438354513690624.0000,159817656603060820135647379456.0000,32820971221958676.0000,285748455388.2213,3803851558781.7368,51470124219934449664.0000,47365468562598716768256.0000,223816049821478191104.0000,36987086796149632.0000,28557017239.7787,110492139102425989120.0000,320187814431446656.0000,59336130102.0555,7701573.0854,982568166.4891,1532706154.7256,27891283175.7961,10948.5861,1720331.0286,912175.8875
1064.0514,1094.6378,1189.0045,5810.6189,17676.0467,99260671329624342528.0000,1671116761715790868295655712285807264002228772312758026764288.0000,812637243255648.5000,223963957387142148376051812086907591070268902350328287985664.0000,322955203596062421269364579241470254380070867982163640320.0000,4254682409452345058109234872320.0000,1696560034371471933440.0000,22972024386263323770880.0000,500204984372577827094119517031403356160.0000,170684652706471117204456894757194792081293312.0000,4973364587424765760743772136460743868416.0000,8512242151541293513378113781760.0000,2664336384644303360.0000,356498234769033183807165913899556929536.0000,138814951840668424967031386800128.0000,11418881528384294912.0000,452213254870.6221,5075799886331086.0000,32930608277156696.0000,4672457442408105984.0000,237833.3117,13163286901.2029,5562750744.0616
1073.6302,1066.7789,1174.5615,12433.1014,5089.9475,20555074685731876.0000,148005656626667429279588730111519168392694960622665728.0000,13755562584045.1113,24361844591498338824797574401953780302587433355698004557824.0000,809443463836495472122265857234998483750160839999488000.0000,2713192200051393818609447862272.0000,335492121403348811776.0000,809094800754445056.0000,3784185162188420439515878367646393040896.0000,432575332934577839719078084525951427805184.0000,1742444014320881759456082623240303804416.0000,244245370719649604633326780416.0000,116742867461244.6406,704631606259206046692333901691486208.0000,1086292519209882786625291812864.0000,4937442853251618816.0000,967596635669.3392,4506134023184307.0000,455394535162916160.0000,2601253370714096640.0000,209749.7445,697790611.1792,3694540450.0536
1074.3489,1062.8179,1113.5935,3218.0283,2911.6610,265857913276.5131,221047057910536959577435813418369024.0000,2518090619.3623,254460709158055788568447050515660931072.0000,12275051681913585929212022377938944.0000,58906614956054519808.0000,21894275822171.8672,1548794134619.7219,159375480058938659535060992.0000,783376501378912163849043968.0000,20620464362983783105822720.0000,5908620743898537984.0000,4022841182.0745,864032173024632801067008.0000,257892063286835380224.0000,1149910382338.8855,610666046.1446,42065033897.8359,1054635668012.4546,637880278373.6115,24793.0544,3235548.4343,10486708.1759
