1043.8886,1044.0668,1037.5995,1053.4047,1036.1457,1037.4650,1088.4598,977.9028,1091.1911,1020.0256,1066.1388,1062.7370,1044.8364,1025.7246,1056.6988,1009.9537,1068.0981,1011.8285,1027.2139,1092.5495,1039.7735,1037.9345,1035.6993
1046.0290,1047.5885,1106.8862,1244.0878,1326.5491,1070.2676,1257.0198,1074.9498,1466.8619,1433.8596,1252.0442,1181.1178,1476.4130,1273.5839,1363.9327,1125.2224,1129.3300,1013.1450,1075.3572,1200.1303,1120.3606,1055.2896,1084.1623
1041.9854,1042.5967,1100.9251,1150.5599,1320.3783,1092.5742,1061.8919,1311.4523,1270.6097,1523.0112,1171.9631,1077.8961,1412.3732,1411.9530,1308.3925,1273.9526,1024.1644,1150.1521,1159.0136,979.6045,1141.0804,1079.7171,1122.5320
1045.4304,1056.6736,1959.7561,2779.4982,6359.4521,1433.1140,1219.8034,4488.3395,3760.6414,12971.9195,1819.5430,1573.7217,2433.9591,1536.8298,1323.9267,1728.2321,959.7404,1407.0706,1268.5504,917.5729,1165.3785,1104.6672,1185.3378
1057.1439,1077.9814,2531.3659,5044.8830,11026.9351,1571.3250,1958.8574,4330.5887,9127.3851,22781.7982,2678.1790,2303.9058,3876.7454,1208.8751,1322.1898,1535.5672,1163.1271,1151.5326,1075.3911,1434.1871,1110.0372,1051.3986,1118.4723
1045.7569,1048.9342,1223.1082,1451.4280,1815.1559,1126.1542,1239.8819,1370.2587,1841.0287,2356.5698,1381.9359,1263.7353,1641.1943,1338.1577,1318.6276,1204.3627,1095.1718,1074.8993,1107.2621,1135.8689,1124.7977,1063.5199,1103.9432
1044.5020,1045.3304,1054.4445,1109.1207,1111.9616,1048.0833,1139.9202,988.8292,1191.8602,1116.5235,1107.3308,1093.4858,1102.3820,1044.9800,1089.8750,1015.8695,1082.6182,1003.9253,1027.5157,1121.0950,1046.7691,1038.1513,1038.9806
1046.6869,1053.0400,1449.1133,1845.7132,2919.1848,1212.4945,1282.7333,1979.1629,2333.1906,4171.2062,1442.2016,1358.6949,1650.3900,1196.9015,1240.3952,1254.0606,1065.2609,1118.9205,1101.6055,1113.2607,1096.0948,1059.5753,1089.6902
1046.5420,1050.5341,1271.4203,1535.1726,2084.6903,1143.9780,1291.8802,1459.9704,1933.7950,2715.6697,1384.8919,1292.3275,1517.1802,1268.6856,1340.0573,1173.8208,1106.3439,1060.6589,1099.3793,1166.8813,1115.1568,1059.3968,1091.0053
1045.8164,1049.5131,1249.3746,1468.4942,1885.9949,1124.2777,1202.6392,1413.8968,1706.1420,2367.7150,1261.9886,1233.8718,1309.3001,1054.7793,1091.4539,1093.9547,1073.2546,1047.1916,1042.5967,1124.4323,1050.2822,1041.8684,1050.4255
1044.3741,1049.9978,1427.2659,1796.1107,2732.5410,1220.9130,1134.6868,2154.4761,2187.9228,4111.1402,1415.4998,1307.0301,1820.3882,1284.3806,1159.6235,1364.5051,1007.8771,1199.0388,1134.6683,994.6945,1104.8654,1071.3099,1114.1388
1055.5030,1081.8304,3191.7094,8106.8996,17788.7557,1986.0021,1924.0978,8318.3498,18488.5580,52700.0615,4161.6045,2738.8011,9781.4938,2250.6972,1642.9571,2603.3630,1071.7899,1526.0168,1320.1003,1177.3865,1305.8403,1129.0713,1336.1275
1177.5528,1434.5888,238678.3066,27106152.5150,67521556.2080,41983.3503,38094.5942,9325245.1074,120516649.4840,4624005290.4570,900050.2049,330712.2730,31452111.0125,62508.6445,10058.1708,175095.9542,1688.9094,11633.0877,3170.7266,4632.6095,5074.3831,1754.2762,6651.3368
1244.3039,1446.3497,148080.7742,1611961.5188,2668857415.4938,50371.6358,46856113.5990,6819016.7213,1758516955.7293,104143874595.2941,14332750.4013,950360.9612,12807477.2392,62497948.0294,398454486.8672,154042.8645,55569.9476,6633.2118,361135.5266,147892.7001,231349.6262,11355.9191,42388.3702
1141.5990,1170.2013,39985.2230,3727775.1486,46202951.2211,167273.5257,228608.3017,2707420.1379,625164345.4249,8978837863.0286,64262504.6348,1112085.5092,31595306086.9057,12920320365.3984,1344028801.5559,48916867.1539,24853.1470,217350.5661,2100756.5056,5547.2745,1966485.2536,37335.6183,676743.7750
3167.9483,85859.7882,193906045.9442,4979988643971203072.0000,11325384733024290962409521152.0000,118407129772.1306,992762896407939542038058369024.0000,469614236309.6406,883076526620660295087260715450368.0000,1042201174302627123050479353856.0000,6598166752622271266816.0000,683421793535915.0000,3168770733284472127488.0000,1935835350943395741696.0000,17329227833069535986974720.0000,4501150180826.5537,301672009941.3994,780228.9681,11320291476358.5801,3958725088744.0127,36293395896183.1953,47145473.1425,21213035000.1819
47758857.5179,1641106040380.4929,25507134020657736322364093722427648239952738748727296.0000,5215910113659858798512949909140531311546630382223853573810727674156616914227698712051464860614217334521856.0000,338511119624966246905113649998928581837471223086070613680770134358418900471265032793785103959004829085769552580534496919552.0000,97618544693908741454913034629285822623179473944576.0000,5914347277187060386060007299274768055161197690880.0000,7460596397421453691808677826735230396573172305650633198669947864538747687131650029378338816.0000,453448014488294743210162954038985194400579974943414515573030165897112162397012063150895618137448560580125676562732177215717675397303702226055142588352121890694464798720.0000,4635592644418102886747595186938047268331634549496701103419374431605965946563742544184140929990260622359008012765385955265758337550251951217031408229239168687931392.0000,882362781490017671963063638542324102192919953254096518941695300268068972580487019014004870518196492509523809493449317548032.0000,6611515631358763459728043885958528004451450205199745599626557448519680.0000,1021079144949680284880962351912930312427364959371763485979094803729860791543910390893467330614808672798092820764539093639351847777824916486979422611076427694780841996598277245501440.0000,3201477373087703794400668044655975305659116233740613141588959104890206616416297375720999796653312071653681279130781128092180411616503791616.0000,2800591614185533195363225207053317622767581833653053269675263248070242572047160060541574935396974008154031030009856.0000,151545125199549196776229843140885003332402159236217006921471973439246786317324936220946954751504299526163909262046134272.0000,3815958880127248287098046775296.0000,449740115268905458377390769506148612869882012014030656072893595648.0000,661576103401974229881005764182778079341804356471107912466432.0000,227017571385276814904088592384.0000,22089256104730439957054277111183516273445842403125329208802819322327072768.0000,46188339008465109276492754912895326748672.0000,20021332033648475104478447647998143922685516150096417492161640936767488.0000
31649909246.3176,827294017539.7977,385708784254059893816484990549276244241234094828563969605632.0000,18893072978822628900613462822550816948645267642425416643723599924980456068481024.0000,8759228845220375402372452969158892755414951396766029179020545874003533399453447530862413042033896207616914341829710130954858785669120.0000,2152088399816548835633641400631668665933243112954527744.0000,85364256644778047882884907470169579293537290121604317476120513858294216723911509345028373878975406580969112600576.0000,1648359766285820422439638850003465770624803317212657417875173899690716496872819966205487013331185228589452754944.0000,14422466295727543783270195278179510023514971168245055648512933729441461231727346551136897199074507736471339794432.0000,2220670837663741719682539053592186337741713879085732227582916714781003516325810934658534801001779396331637353803600474638672078332326083816890512179200.0000,350905827687692590059219233389227940856686917922511761504041307211441657591365632.0000,4496513325351364221783554864934944213270992168446398175991824384.0000,1987520251958250023969853804512981362834765174594111733333331952767820401924801833768374915253871777561180455625678017326607068631009958297600.0000,1085288179262797426033848729369201966632906750968656255574818497722125347118876793854589043403135146228335503060226588167592225181532160.0000,332861012260765306197267938035084957162125894489341074486048811011996220960199828101387878571596870226186863742513311694305024131824813679903988026548682752.0000,12029827637818346866584966056747674147098273880353585546898314304954084356336786328134751287771136.0000,214731124000279037634238562985446785044729147028322385920.0000,138388600221054141340345526945764184978096128.0000,284710717323659452562467628253803767225645184549524720035046199887157537013760.0000,13323132458575020767303427077116591550998970613859465995715874075443200.0000,1482594484215588792882890224564462099670798581426216572362640858457806398270996480.0000,1510448764625143252026517955904764038675955712.0000,112402240930297488776636110186886439077382290837179635597312.0000
1167044.4343,7676572007.4339,123067572290218799136768.0000,496177260376344529858554857115324540518021070903298077598154752.0000,1088887434418782760544588861180430534847792748430380887714534284016008593069553221632.0000,359317381628551177765128422289050253131776.0000,408541653517635409863736539055674967312215347402928195371008.0000,326055846677301428145090925627840834640502428410466602582016.0000,38966125946829366634142299699049284963962800803474962593983004335663127243723894003861352559011502769172414646452224.0000,15340389426075735115061543034130356338802831475654523456262212956667428567735564413313567873673986260811119801139200.0000,554874012392601842607616724300166336652886919022248628858291205182206915979761811384796421554176.0000,2978374010605656588349593818363339192435784474951680.0000,18898750030741432690705376257819125256848345494929923902152622052924480372502975016394940110858040800618859289272789820064979657708011367528660992.0000,380720870890447652137908317612608202814904943835981431360776783992247289713813530987129976572252873221466791015348311325355443121815552.0000,14875818167374772213352488643613255155079383234381765008456585991223099136646562431334962849182820247362334908787720192.0000,58697526525119200839894869939997457112666597002510444919123240188262435889697192639591684205707264.0000,335996365402314668584511856645322571776.0000,41074120898835019908084075968974981177087003232420495360.0000,2319716790415361781563108227999661400091096559165931421155488432128.0000,1233361661145582850997588328448.0000,10639977251848156729142555044772565183906423918693208273425981131756404736.0000,85450799342882343963234089401784438095872.0000,2878558134099208679642296847385083509078054990180958811786838016.0000
42924733955.8799,151027290066644.9375,23854057175720259393055663985949771205670245730764193362390246947879149235077120.0000,1868315254979962959362476685635385030501019097993709963408067109264563520270970121208433795638108440040047909400688441992151040.0000,797444256055669288829212690964762807319624305254502751478219974940266605832891191329165433321877147974507395145306725744622159038712381440.0000,3033159130610764828148306054441466661889158557347706824556544.0000,218990888558529682436084475116124495141079303373908767200762532569241022269227008.0000,5020724847587090410560622585470135182900694111379657373135682074927470570815271718258801544699838464.0000,15044925643417682992421160515495005265486983223101533370476994342670562586611198674585419697627672726951790235329614722381289691903819136815987687424000.0000,1509188817242122411831249082505487834258942060229746555927003249551206325325553293440553526631084432209156284852416173841462636869467128375383445541110864130287577820276688308363642353487668314112.0000,20947443234555892508273179933667417139596201715534725728942542267800244253187132565072681838461567716521148416.0000,521415140792593412641385618420003498871174509088041684284560864487424689713203691620531177946168004968448.0000,4675263698142169906666149111627293157911015944887755329818963158377864800628060882289439330961122739215270632949707649224160508376118908554205246738239848448.0000,9325045357683260901084956291798628871201644234030884683410017319539064540357618449794783436506923008.0000,4174461822524406896091830260154715357446184596642859826667315797832100741120.0000,2195499270490682338889759816688865015790088856707870827291396121742392920414823120896.0000,1132287510257717171358534335463424.0000,345558120893868851065146500643694063930721462910976.0000,7107459394997777965965988720463379180006546604032.0000,85159066084699044770355727203457690501120.0000,307375477559055675983056666468961658210044384116736.0000,25464082652209308745334784.0000,12687358982362523754102565584378431326721399108665344.0000
9549405065.9354,31345777.8398,154502113289652862763635687794147328.0000,210916076896717552559339843479237907559118823191339007633400185642303150515052168176839163904.0000,4480636803477250500809301307675153378247924474306104525015136713223081743075669517182860124156329984.0000,20104458772489407787585436639870873832356956482756142587445248.0000,18981799757698492078992484342131173099145976493661756848733297065352830484671445388727786200739692412928.0000,158863021475146613790035545262320437215801331067561809782196072395038546999408760035804716203340825793237720097200537600.0000,2952714073796677532942248755644073884072664114337982094970069611039144579596593238867978417904929900637365982280275071468515462750196027168152083337490348094844036972544.0000,994806941398121292463655603438406896532791208176243039551396153835975919495375304281281842386985836784180370836273590810106874633281030200595949719851211161600.0000,146085962764929207482047840563110053456923115977924892591356792435760501435304233321539830767806289738495498510752047069324455517189502494552406983224931366469632.0000,287228126127847153356646320338724813170585238316505139593608297024011968849937384240840704.0000,110792674134353366694749386228236205516105884944132263187167029812141408141392937889323603677153731111620054914671753264160231427403835629090974378501072145517696482605965827355033964897718303046932944187159993292926696655206293599300100354842245417721692046808236466900108232884224.0000,4107548836949737233203430898247691254330411912602328110098313636529225575351531484789958498211362103257369109482177637681707237542839333881195755617196338527480902474313083648225631238822608668569712846197251880859826436119832850661339512561443300980597109560692590691374596096.0000,224971827366726245802503216592246278555965919277745997944692937957121304467687052638059502911791987722809022612759907766008763115372681602533127533192012242241378695700877723517832283383543513140508225352133887677210523956333783566099682678935743518212096.0000,15163687618491432393614122922859364044725388976777653851827755581402414567559298899403743810442280675465118776113408515971091698215378386635530127511251024999303449306604191943969643733960101030002688.0000,131270611951796363455397652779641896371771898167278897367778904307641876480.0000,19167908238374317599213353753588051816240741632770320773430683934593813298491406045086243766252287643615232.0000,785515133050798412364001636565185767973563570348822701544625213581971067880371997055709698117117825141843789666309669383904155845476329979904.0000,610718162315519254973471651851918427258889606392624697049088.0000,2022936225826261539034394767167478025984831128568598701697160740760974945341227555202429688772959518809291336035866582541685081488458352722059636768768.0000,73492823532650796830434271244786574117331858079892579905173748249543948876357042176.0000,3851773377261318386235634699679353841835671424621343317753258644582191415394776272657985458653543171611787074211334313486581760.0000
85668422987289.5781,6755403728.4172,870384242509945111714438095121092373889688763287701488140288.0000,1699850585110286720843191311298675121847704769070234173227490960140416049033786158837677801631403193904870282709958656.0000,273901953556028067881842676330690646113338649157788827288970459638476801178509459983711613362901100074927005840456091608641941788826271292862884439935418368.0000,29873184906607732212014868525699988914797754990663224734638070355684491264.0000,2918138883132027898828882540991967989079674520947095631644685025029800772413956742477904831771888929948330607643287952653555567684762078544853949652333932596152456305388860473344.0000,332615989741664505288472723706440853724777034224514835042831491136259688671602633693180929789987274847550241461924271628589034224222208.0000,21931536480265596786599668781187022075378601999166260823862017593929344423108717565988279269790308005849982350473776471053385012509654097975902080800594311196405177172283621376.0000,25018745563314100761281641236333986055250451416792648702593864152254721794988740784201343175400619973433357894450131093236716016502581848510499367964235807064064.0000,2197545277847295076426530927603418627201756285967762034226254869621135834149688688570100525487086252602343361536859957432928764408595536670944247255489926627353585254400.0000,12784278184062549209482317922683865524965997770361625488533366811223837775948430780963179462656.0000,inf,1572851609185149258962435846706625557533170079359341864246224947761286798902707392894192403210698320122588882018172615610035254891156613575339776474257289354691034760537050680592622922407491722421988858300966872849111090713064348771478630890623646797711421801179827169943846337824964345072362957690223198208.0000,inf,9769607440776769859606501036248851912151017723884175217245599009055091627697527816228968747491726840967624922019095767878087821505947659820699633975501332682645208641722356378520713748513479198803563020277514240.0000,103472135710750360906681242272930334403389775700629231455005336771681910853022560278785820175125172788215676928.0000,31807230994315923608112657143260978257952613936305491393743633472559804924359526392064300260786176.0000,19023346431790860220624280406968948119305045601269429143165320777071731660366232789931060337320210566270373581645376676920654924489515460003216187539475922944.0000,622068263704455452500841705781540954097005387455405610328265967160433072700566994032962899529455699490848366145919898353664.0000,384578576200838560762095299228083814281320377276804473071106698100705232764469594753580515273592106145227463313615673487128405237242552464899790227535508626265414092117539553280.0000,80056354428060997426450156629515039232732694519849085929706370486566096613131210512171760877568.0000,7179316911075055640647721220659213852328528268237198875086693187982196501797245560086276784993362244030240414786821374893446321545471328256.0000
167646277071.5292,74003441.5525,100477175395599083737024744107540480.0000,421239563856342531275562567523440713800472716622524241772437207712969273626045197801196375250923683840.0000,112029484807102145161312500214565656609536208432228056719609283339375982132197593328620325469395734542295876893671424.0000,12165480215122861704833930654607124091359474464979406553088.0000,28423740465666381916751319945165992340878672351259803149620668361767504257447660250941943493754796192741579053491690194753645112004755800008425472.0000,193604149941510658072768437751852522726262152053676728082902285688160815249909939258964399887579186588549120.0000,54135024336969516695295113890868832940781988615470186001360820412388021743854121799541325708994911386608734991828219662908880949313087475335916447071420310065685179279100957749078392832.0000,5718334156423496377188904558923677506346519397077097168221080535300778729850126890673549594451665717786500692284751421644273271434275564027904.0000,421321908916672506140918527178574688542010158053217621254011860117844470979630748011403301976433096439775048481767362499756497234151801720658542065846425492678393534305271808.0000,528089421212655717120761934217682621281872160408583548589424580690348171426775420800611096495772401664.0000,309772097684933234283313602077470270039853595946512718296675245560067804211853840843549101923134101182325168425364704631525584905668045823651479896816059493190334932623358533165085466641968175972750730726395895514569577739215591591150209280759029189859719037608467983061492900136936782800039261249313177600.0000,256129458890684055365904970025884078974739979908687808517481397872127912297007210131385891749309870214093187616321136314426356128225284427323354719026851695785002776459884212962014232157155301927771671896367831427224884021686186131180536008064060132062855385822836175382508958577845243538833408.0000,432567453255908313352312806651700675549541833435151349381375516413639761676023175953863801410940493711466121598574343260535855704010560328302053427589870396524898487627839649316108394757363017542362354764860484416649274414020831358168797819718244339413896756460217478389201119095801042173952.0000,52900590442993557480928045213207235639271004601219722171870171122235930385272665389972912365641780019463082472696858815163769347327767203959672276800211039955868716084761496930356470614006832679197081600.0000,1413521183069157746584690241188949348913338296133934967280709144475284239239806501076743487488.0000,927308873118625517787021853921707477735260585292630458913490895865933047713162312904747831097556992.0000,272723758339815668542640033361358409330540816383375609071806009729670281461996970399859814379285627930810844336216366947548507966119455722838851321856.0000,183057597719018806686468357096121998044945243604177105862796885606099633104101195093796454400.0000,53290442536968837004349869685771634116356862208789356705170875240536942350682212849765284895321230242028115300377157699275901435115892941604802773630968725466251264.0000,40877121755835237638295967381472624300007007514009603362701523078276156885468151742988288.0000,128779084470763692608950613547495898361672609594661520680967262051932704000174226361438979302704865386699858061548453592794025728933888.0000
176494138859.4211,6174451.1591,40902523694607068140053011889825056272328687616.0000,5144195744156993714908917404646825837354767535514438160542790320245604958024537422574848137232384.0000,2346470260392062422828569582945497734383494839684571407704289587348645536842297950775109915335244486102583427948903137280.0000,26786272744552442002926754629661061840763407016109896347156480.0000,1428337322562473755634744837804819734178592851023867616447534872011321594085495124089553625525776593068736507287736675112845312.0000,32414048264043375648993631551010895898608908548741524784267471861631353484454450322373611227125306109801209233804809439685902336.0000,75861858620076748769462721906225805847135912561247933231077111962638801491371009246020785630188333925450277966630986085246485083818513399808.0000,2455154117494230341987511421849314488729452751739961728486583569796537341041650259120896807112772328964677577483653909810243436544.0000,1395277228626880894241388190640480720691338259288125853395552218710185499929700125362398728347382718212528753599838286791207016671867830272.0000,1236131248948144734889853076892282839753565849422964294799744937406160284155904.0000,163623863310482821173101335705296956692049556411942162893093528693865865706414267498910636577316965331649763307179682137759036195887424626766586727287389457103802741350094414260065532246416617536959891681311961039266225066078318719757478312459500113807436915400845795728837050368.0000,394153426651241278343599701788199490994188902775560222762583735920213408975715982760102259390253387568507663096674057668005488084415194750454376945547513233720920219484997582097688497722082379953372949220814502213467215215180561343327786313939485932261222041780224.0000,91641845547614381174509460065497429504813822334242131565031681046312551933925183576031895551436958332487934114870251914277327373674965914211172319790768524673299833908157718660251405378605487412839692039456685485981880287614886790970343820437532166200313925074944.0000,331684273745130228294861417757017922392959607315262074392303422382238964734285261198638013674912092197597805319291814829605173711067989152184165635422993671781320369480267098021516070092800.0000,2273757016693864696834671004681969405978382009719824578300482332415179550083113811968.0000,2145405371862378847856170717852006755730722169255113716296640029853354137763700981634045050880.0000,35881006515955025959623117273042817511961885428481644003156921420899159872133313790988275377059791002293334176771556756412757185935704064.0000,28019311138663405459362606957252521380190016973380321368565032834718633539540929740800.0000,480901379029440252434135608051487352725366263011120257822365207481714674399205559114348200749187004089293517007469514680039164010248678720395991318528.0000,2024634221340330551718279978665849457150761128515158055672814520088379690139516928.0000,3391262770216825481750215333082908767273951088939692631970652027945084064261272486955867298590259151438283949858057355264.0000
10656.1501,45596.9008,76368416984756.9062,47249403564147446766297264685056.0000,39519686896984017276925383274397696.0000,15502156856192066.0000,2211518179789076736.0000,109952466993253426659328.0000,3413174211002618806976572171220536113068060442624.0000,62901208538602199983917178984083977127094256664576.0000,20420450985797265605518051820111774351360.0000,189283131832298203250688.0000,92016056086983597938113753212872243401725723874481675461197824.0000,10511607786273574712358536561475942935676621220611096576.0000,211141233099391724674002970842730096288717602816.0000,953852546772601570463521147358681076072448.0000,1106600397913772.5000,737606875661322894180352.0000,1009480413160213489848942592.0000,47139056917.6563,411668350203656167834777550848.0000,176507473972666848.0000,861356330790152667448475648.0000
4678304.1049,1691637.0981,1887393365431075636145815552.0000,313023713275147991830166639827150122196465688732993066350149632.0000,40173498196371991446851908031446757912202469917066929960386560.0000,16673574803734849926155456703627264.0000,1151180681411819950525600183039084131062172575258936082432.0000,422192655848747558512885760.0000,273476208214087324095125604591288321130589923230887990849843546221703062595003627040688688792171507588161077248.0000,56257550345696713454518644948032553068113287045588499752004542925324110206960615804633088.0000,82111990130255655492933194970251300002738260652272290280512872739458359136749636814897152.0000,7250746122544453948229476198845820075167082714673184768.0000,389754158547035507742107883498684965877854927116040933011767038576736736576055396180827499976638553335692222855779813133647872.0000,153374183216951537797038285176044799929121045090072252660862715384288956138880450177280565713560921558805148285796352.0000,3936488756309361078062862203138505492034716960201286212870590211590983188217696138640850917115596190639284289536.0000,16637282506254561158507963384144907270709822223113704759761423169544628731904.0000,15660204045625924037779148806184400584704.0000,392755132807223127480422699785412149248.0000,3756885771249461202970542359081864490044125604714746216448.0000,7108127876042741075314200138682990592.0000,1031922084639443420560194822615037936915572609741161243676246016.0000,24706931454130886235027069542072320.0000,1584182567488799299130719291962149897587901133972570112.0000
8384417622.2377,2156415.6767,5514864798917430553878255721695831654400.0000,1606462717449849521892907073094088513521137820859229177660925020258672092482067308027609874432.0000,635677502323789878861597203737881361715611273461497048027676201400568232020777762971199591959821493079113728.0000,121271737768951114025287389202726299696884491988500480.0000,5159386645093939583011753161075519446174444697312745738788079930575302073599624067970135149452972197991677952.0000,1737086377404534205727099055768374415771719270412297030322135359011844005684862735090108084195006237848342101835326723691540757086208.0000,79151502787287756107704618808639378552395871109317383544068090476766476736909283935841410699505700009887579481068050415223832576.0000,1014599006350782117705952294570138003180919829277381269760261814663221244542769304504697668749118963115825677446676480.0000,277458076257578385843122971670742837748716963898964398071377384791116363503327556287574635720909009272643627566096538437565640867840.0000,20947203978377990229890391329938974654489619855990764731690527088233676800.0000,23029702038021992849805296278460052238667281471421569513125141194996773818993186672076081899662702429662243462323627619711807847155733066070637131639732898306232383398486802514452096708785675701152405474040687284381000123998400281219135293416599579750013369610928128.0000,215766456820922510695404886040426550160231022173550707061280451932425163986147553846241862495411966781135648401631453249266719066203393482868265862003319445449737191449530976684982174085767563241108985150481582398327675038487799920308424394178786072985600.0000,3011738177949552038450762078521029121683950265790140023090176735242164436484463370628803882984194183549573764844558547658101969204082465526650613056129565168044225514406146067005314000780265035926097552603778471609692960417826494957799948156928.0000,25233452746211339162802644666921656531289829106519567152943536209410026232001453291268104170591748306659285286519427136778175851300935771027381326660612311145605553986414421764991868731392.0000,324734583830328478889406116232046757235935269839461030062136461396803584.0000,4427235105732140537979787276892520572521669174764191799356683601083777530153243710082501320900608.0000,546256904175280370102902200525830055998529734824188352677469290890707721471868463881566025367615474309251431282772171415268083367936.0000,61590925725616908794913323752715353570434273312785821096857716129792.0000,10107565325057329142057102598260757864941742232379855272682812983278814817195336517605913318194336895529458382079913699220528917960300769050624.0000,1023382206005175047244198709656931693041865326003670814425736589944030291296256.0000,115133424427586091076363306081685236248349731745812135910546660370444061135890189350732864037933845189412498092064768.0000
379976.8393,20545.9225,22541274789654867968.0000,263114168491176504991681366458368.0000,10254086933442348759099161005983432408301568.0000,88525810423931978702127104.0000,176411750639087209544769714854155680945740447744.0000,1925486264404926091508794261504.0000,35388044861557867719429137858896374576611651698787917117909893120.0000,2567873631247478160536835735345068874694066700288.0000,197362326621881149322565030791893031989890603024384.0000,1121465138080567334652608512.0000,106299486396632533148105052679924937414323634440165598658421081918988757481029632.0000,32357231215949251585332764396227218075839337844372297310207176161047833739264.0000,122662552842152231939940979325980875769407737770154596512909319734964407762004475904.0000,215694402227174071163494522160956923650313629466624.0000,128042677672344203338895186722816.0000,55397602813895367458816.0000,116147988005299336310407916151999630934016.0000,160578921357371549033257287769128960.0000,1332589038148700740603791004354293255209222144.0000,4974469387589754659274752.0000,102203420711177754469573286466420736.0000
438898.8525,95763.3543,32867605255192.2852,164395334653055517551681555349491708804751429730304.0000,1265597456350309077833438650976739438624768.0000,1228543593135619836179644416.0000,461134812558416292781381240352321893506233822871552.0000,11903242637709470455719901413481967077754517674000384.0000,7240664621939637206294017533987857467065332391666079974766898903000209686528.0000,378931700706383455657884153398946663850994195576912136333367967744.0000,464270537528408646628888698670861247465034217024486898320876027154268160.0000,128043972548655403901568499899413761858037874688.0000,89467457584220709461293693024939807847405602263183523965817505189280222857571129244226521965504575022534857665535566832757819592088223744.0000,1077111565643740436339239506417566008125399170762592245812300260991435298479083557034432177435316471719208473100210176132120576.0000,637545016817604761167526469086859012951867550997153316314238097486757947698551295326891167144922807305197612607840714752.0000,10421707121890228614810402123654183522329027985667456899978998830066462142867455215589654528.0000,67079437787469086755764845534590795776.0000,601064014598387791781351795694240153768871067648.0000,14965638024096316574930779683401076182681486034849680234532306944.0000,5865717250398509639120626370215936.0000,31747983907349293559777126148560880593186633553593069531751260524380160.0000,626230309161604761101864769310414602240.0000,70214943957109926542942194411896764907164686977045922578432.0000
49468.7717,19321.9230,11640899560274.9102,83488299292179928755375964160.0000,1769568118445610833452960942516521140224.0000,626353821366950656.0000,202373212765764230324939632681801121529856.0000,107827273116852244338462384168638611456.0000,69815440010452625962774702111631721103360.0000,6240807466264979495930631229627231566299136.0000,1055836719844537576976623392038417034379264.0000,917599234584571279981936640.0000,9655671825508231645075391003809536584136412490951496437705874329851946214201753600.0000,15920096623767481664742572415179556475939391738083204004811971131101117979557888.0000,50344140805577919625278061833665385160560942122034312976323069040334462779392.0000,2127009081503141249589086291185408994453581982634499637248.0000,485215833733648395272192.0000,531942605335873185462142107648.0000,971113354357757485257590873151820701630464.0000,2588037593220044554240.0000,501770484746737749367621761360580799023284224.0000,13505491309481035145674752.0000,5741044374279019006110231126576463872.0000
2205471.4101,15133890.5669,101458882371574235760951296.0000,517254943745003911780445160465626433273115277557272974196736.0000,1915351259199761804834660443430901846425382421293582798511692352508133376.0000,125595397434717969588856815616.0000,1252988612509027349635398302488676906600471482108309589340049719558320160768.0000,13528767733088902294650801509345171850449571108409692505410145191232876264292352.0000,2635744555107415534530261780698924126280818908467833702899132490261301924736454850479390720.0000,2850274882797515311964120188559212732828385999489486432851420266889216.0000,2975821570578685445202988036810172593274330924460367156474403296715981243497316352.0000,51072778934362346230508760400428762784595968.0000,52470873451337967419454679361959299159065224183937370957376829173458033340195623328479179158938750848041326811131232221238609921416030463730157841606856671232.0000,1088749002216652675335963205852603717200885962271830747065517788158059459134764291813517438801183359135962106211649127493763114784960800989642752.0000,12260686851543140101615324058064096424112306861410695053619325365142885432895825915625432793520900645706071888171609052180666643306371874816.0000,76211060326255672335480775174004016124680225610693205488596423859291211896158686468563619892658177825495318528.0000,43770121882305876949870065925433124192256.0000,838203702458283946269422196812508154018680578962723176448.0000,1521735328554303161418595079751164867643120375944802481464508450510733312.0000,3591058516431256213160436103872044871974912.0000,3389134762380692977987397309810158531935274429953297885407214164084694665226354688.0000,2296596932140222763003640412556046146486665216.0000,42707306466742002248816286419370365272060158413098357305321654845440.0000
3030424.5391,715361.5230,211325331777039741854154752.0000,4124456567731761211778314081305023823111065486429773627392.0000,1536773117847877483215060413013015944321210880698274021376.0000,3984820805213742654470897008640.0000,63365907353640160288305422781264691229175548327300694016.0000,517091189248323968.0000,257405991118109818674727279370704981552259221430709610649422279845368056954840402811822002066711117824.0000,3692102232385493117061673985115730062687283334018891035217855067333083847983104.0000,91624690014192700627148471531095282733189040221343109252382486127893367205396480.0000,638115772284020481947043844467228410461397252646633472.0000,1630930031276942457531216789778245029957891839911310397591365942362355702083961228626476890779538589483008.0000,6825417428879483467634102965428712074753760108969770965605293141819583930260637425288135835648.0000,42045322316640601659094929339004210018421936403001747244530012813541957683938111845919036014592.0000,1790005163380986405721369561372070902422084186170495860736.0000,70750888991897795611928120974613938176.0000,1913452555826926129271275520.0000,28076282993736618252496184469853027489827258368.0000,1141644744883379062090471629773200162816.0000,1446007521232755267857278756921442275181653133361152.0000,8748735094953033265745756160.0000,82710837544912621547118852935023934467735552.0000
1275717.8304,2766448.3766,1153856926295721924334977024.0000,37891631028699159687033662036646661178380190758771582058488440373391671689216.0000,1041243904490262614621894894184385137204377756074029852131328.0000,5762172896718681134615465362980864.0000,60145526733888991957914046197319607757926610031076188356608.0000,55832645888534228434410457331832867879333270287639201792489684992.0000,807520662301592651086332221841593919671769277380918104948073979596008013155210203690106086776061723730760784173596672.0000,13375475040785078036951477946386239354107781105898742951055349680666296233810854489047297676540911812608.0000,558206318799648891215906179038471753711220558092453901855457094754956241840735082474536861712223567872.0000,368524832829695035787608883884542344571287744238647364926046208.0000,12406843368979206253774404663418742299206323117547283086585481758902005030126538438352082145163259328526432959500610234212230333074069844198209144480830078427603029475721216.0000,42098460495079868043408065546605381616091657657367307151229976288768592616791644713922590145690766941696463768296821471267200191558734824260878524953395200.0000,300145855559409305744574353517270953257195851521803461254573513880135989671231457450720255769759004208285509559208813872455487948256463290368.0000,585939704840980910030433268493724618402184084132393576778994985818942954645173131937839435204810202620737326432649216.0000,1794981253883273972005484167489820557312.0000,87348310532945513613688140964579516475133180236604996115759104.0000,3117396036502919106570230780397374534995073672248581448833443523085998227456.0000,7247854593268530140822154013310976.0000,2095707252445039221245813907554511472923443703582700661188054839936542195287494492160.0000,22064256171765526786260533915747578497990656000.0000,25457454017262496318114544527236532113887770048513608895517709531407712256.0000
133345.6543,46016.5738,60286045492962576.0000,8707448750568452163513614336.0000,15647609647393556041671971009432884894236672.0000,6335877851421960306688.0000,4731142843159671486549422498112801341440.0000,65770951328786350436851384320.0000,3091247951667114411660240783087361149117401214358332112896.0000,3607693620594811879109741069720208678466088413006135296.0000,6050676869755271835980261890009950869772344229888.0000,13908059980137137386945511424.0000,4316997311181680268259994503401833941170075083613636957310802781536256.0000,31917606297158676847132645729462205794993085675057656453307039569114300416.0000,17535556404788904627874506880007461137047694849533990887123901383937359872.0000,82377269785295306122266062653057670259996098560.0000,234178624486144590982676480.0000,605449323583327342428160.0000,2976365240693339233356308301588836909056.0000,5846212248997961003958272.0000,219533151643711721315448014265762212478976.0000,87615914754095487909888.0000,1859088419263968133551605759868928.0000
100211.2821,60648.6561,4585275283579134.0000,1036292758911543638855345574769891523690496.0000,160105323978530099550680371416793088.0000,6989400907244762977796096.0000,115898377356555003309404529952197569413120.0000,5112425177233607466709396920751309717504.0000,13501539161094114973959267588642324918689431682379852557096750222210045575168.0000,37432032585195434722859453340789067889063166505920053116928.0000,9089246974897487703741198258509308435126005743665909791480348672.0000,19967095861845961995381358853095424.0000,15146336322478516052833549892200167573560371522064383362043178514848098557410010779620745308857696256.0000,85631687611893476212761761349798290419775941039064435222075586022837504580833789203217558427140096.0000,473703871807668327205670237109450307232609864611632816584057640171455463278335247316418560.0000,273387493571897668567839304676580079689933564747360065843441933511294976.0000,262275770512136580167106560.0000,183156973421295150112073398564490838016.0000,59794571730640809854799392773778806573735287455744.0000,25802311455649459863552.0000,102947004736450510393706607686961841303554924084199424.0000,979598174213521507191665721344.0000,7215490419270652581656284223214533960542453760.0000
186287762.1265,6299572.0582,9317922850471939484292218880.0000,5363371125292945688620724382066447968277477812760521499557391018261217280.0000,129959620326158515260951278825486103264324516696164965904221743001733431296.0000,1241865461313660808368410865694782248714240.0000,31498113244283763113081890499596574767255743896079419969413084510848051553142213709395767853056.0000,15649994520607086270661885703256237032154619371545824329728.0000,35218265495979562060836807132849446059977923772721478935468407307485459597080849148767882892753114100317483959609725292014685797744640.0000,5395829647930230588475821514684228270659704704760954036393489522336842629334643450768941135237148448235978752.0000,4574782398802202513445774910756106909310993827932744351147688816797974467013724753632630101190821566321874925314518286336.0000,874838320730969195403228148690811519153290989530989294121044937433904316416.0000,1617565309399149915407840791965698431065837728172852577647791797409269279733044128945985925061133506796525108552208082397604648139772807860949576151822031768951017281584055506178127782778169720832.0000,83482095633512069766734393881384082670317170059278403320875182757746019545013750076977093111508212936440116233349186203694221938947957030401213808465959079348547934966202281249051722645504.0000,2542819639081464332279478741330378348208144583530518339265403056208448386881130269976231968607410970337032427031332464842463267274978958653403740718124740689628255265934187112127528960.0000,4803118045292509609512403492907323053389457654185538736103687101731287235885269931388507170589715015683637840595469345157545984.0000,520714247314234816287599757903376330545833909860841405022208.0000,876342671802300809643720112369857009122123026484117932817252352.0000,207458118417242580523340202505446962982576733836201202712821049699387074322623085127830683516928.0000,439596836776898152318456473826560800920943181079133552640.0000,15163967938990691348401431242842954567472461774151738108674212493682050516999950279542628582277121048576.0000,269534350542813743834819636869745260905237157034879614976.0000,127081385097090616803773410697162223801493481774426410751981348669869726831956950253568.0000
132815415.1790,2960303.4453,51721396823176705777153867776.0000,56119807461393235723682763341551008437011677899561765777178624.0000,631821188564898781473685824819596472335844316234493387193548144064632759255040.0000,262610875513610653619578483704211307361206272.0000,13137062099578592461641374255314766879668765958569549151749410962716441623264231424.0000,126459519754806716434440026154481221543193019294846259929147307545828014558281728.0000,205801329014407411625570180171866687719611275576335012653216296417203984568655206901630048375737879244340004388864.0000,10874397418743702909523617603846267062209356371704630254625947777302232060881627826535009590841076401506827108352.0000,28876673593550485995100220665619195896654417428989950367274102970235629661088905943623901563896319115939282944.0000,135301265491559767677557138135832832803369266495372876507428945920.0000,7418615337386765229044092705541268373057554367022192856291398899449238904508625010246390142853737538586110239142082001285003439608967611274415316053682087766233872366032343930147032264605696.0000,2201097055172253503019775587386992046381930521452175799182709675601440272689157351607157349292273412636190535399597778061801683370770666147065671295973222777429623588439793291737681121771520.0000,197779267536242917123875479876503788154008256018591710979856751636997165445184908057961015261496163354875469748701074972295828993609134204224924868106882356799359184703164709339136.0000,2135405219156004559452837050310545012824237822574471036816487689428624860279313778263531774195869901312651020399307519467797860057088.0000,3061357638806685762619441693706827615412061938636554240.0000,1132457132188543904776196433819840210344539497414161280644268469256192.0000,286101758755712881616857266496726721405859269156340993557012544067665690110855451185336166033391616.0000,24615727374611038243065556848244677055877218304.0000,28487333556900605215298027701850853022798614299904748471405912265681191123468089667597824781569711144960.0000,1666771896125936671990195223785558121705449690315964284928.0000,150773287099295642559762666789793434054224689659636512978637686583317311400867948134400.0000
8862324252.6321,106557717.2813,265869191014257704981892857593856.0000,228657439843508043638000192028534105501666631046473264562634134900441088.0000,5974819831326920216563487741701657631051030681622991999957214744263572384628491444993144253317120.0000,4078969109800775244178515062137239164121310560256.0000,1495607637238515645805981024630134551988814362114091967881510259762974273684558141795402129683254836096212980480467045019811840.0000,138615129494162556687133170530511589389560162943646886239666176.0000,21758892036393554714967475308601802187822377604708746128823359650086455611448765414030558761231180350639232171136839375359169432799390457194469306400768.0000,6181861408374302373114022531273770310831008444144373144284676282593778653102275572346016423476145131626546923783061504.0000,6886816888976510571374504763249338991609641517991672583484498190308425509596175038885451213666637034798510969474533380781589340662792192.0000,396506163852045317943208017959634571462928212881174171189839340818079388110117928960.0000,7970284915324993380225658809686575314698864705251631929957909487062185800870253592260136037903824107136283869180260222490826360937147039760406887571576499112543971788868120526493955771609457887929963131025437285925259313152.0000,3405530575749268550160275391555838573639133972646184606216090607322726618377227923459573428981097472135490813747531237373355570999068262030522819822125516107653864239208226079155974742529540250244630408550307332096.0000,16552462893685718999119708091664383290580302696849659972147650861290522901049452367877487031168690126247230175904390119223818274033257239509664872260303003691461546325962307015315340187020555598532553430165260579130860109824.0000,397506758169486217317448382623240362929907751102733185834404668401449440875714623562311976260473352307274014618180106617927780292259479552.0000,23146313116722492803961430899094084403151985016061236746626419868858261855797248.0000,212600471199401958145588551458387887395873779708040869752864768.0000,7713884070424124199218570489401093886060573466805056597384689364508372511529725956633428171435662963743129600.0000,13809435258515553490716215504672125350831949245810023281605706592921422680493779845120.0000,10025940818738509540123254843401968114533616764619496218417405379499334368114730910573561461166364398966639240150285025280.0000,76737986827881177098031767450678134599068762800294718874031489024.0000,13790532090911160201967066841723781075292648503975476792496955294430626887162156740012434618580992.0000
263108778.2326,1489088.1740,15294714306005543943475043256762368.0000,12773453683121517373666758850346234716939869539738044263598915584.0000,9108882650819605770821291393298211566937102553099456444675457093050761840011771904.0000,242207227646399882542156941935912625697286258688.0000,29932239546239310981930346069881209121306484979529506841114442474337146503168.0000,44158935442376737838031230754862679994883659152333642729751684093107262586999655104512.0000,402475610623231594484877985428546231096284921690886135461578512123515186471502419970607371647204012092724628250689536.0000,14661904077909417783908514534586761438329789612406816362165346163388680940813463826362984725797114845783040218468712448.0000,20385113836550109473822985826944701864234629858621375141421368772234103343056432214998533590735157956154753024.0000,21278623616697451661084413026620589259452271449699530438024544387072.0000,18403167114990722732944059914026854256482473134285803480320151358458325442096125424477159186754261392075729031079750295974708585040607873351243596983718891091085636322208996392960.0000,4812157215514290057330748618086322026744593201274977461932611507916687816517639951817095844471058808383298354146232785096999538094991259441288497662223702207463183291885712001084686336.0000,17227860814754694168773009678658008668633533573650539458891022606020741750105422552165979446335636672896525748608084093359645744703278643985044495407959162285671359648366592.0000,6982272350277170677527380885178067852668569677505812555178375304667250266329214264988387264905512458654104391743657260106121216.0000,7477875898636335002299970040280726639959278931148800.0000,34181457783850381058642623439877139724918187539209581183709088841728.0000,4019670650056061327450427675847821591004811116119904041423891339287960945668006229283187386744832.0000,20095054806738064972702869605787401080274944.0000,2533731023052613702468202676598753528114148011522991141671612761418538429176938555876626208726712320.0000,38213730360771437898831250791912706996841469176079974400.0000,138994982885831750347675529208117182257522959388118422410651117795919831992841011200.0000
2794.3123,3581.0472,373965872.5423,25616083280932001284096.0000,166835835188249.8438,14913740121.3638,74932042145001152.0000,152077434451551616.0000,2000405390851103990805671763247104.0000,66043980567700163264512.0000,22586841964503138989768704.0000,15632548918392664.0000,35542097290627879928247966539960838581649408.0000,195640489524827289189665752121081856.0000,4658262157549704846690248671887360.0000,15035383546994182529761673216.0000,48162829261.9389,1859798533211965.5000,1406368202486450944.0000,26103947800.5444,204547969698899263488.0000,913321265331.5308,1270448616002040832.0000
2753.6180,1691.9152,6967320.9157,23013443174.1558,25818678602082368.0000,610040809.4123,3941943670506110.5000,220301188818513664.0000,97719083955055200.0000,20153627413333151744.0000,388594660389965440.0000,49404437723.8456,49978743274361586073429568651264.0000,217223844546167340919780146151424.0000,8557354964949440937675257282560.0000,425037319476264554201088.0000,19993227561.8202,14389462913550.0566,970767355483442944.0000,1432391858.1699,3816125830206457856.0000,141457131699.6284,3854332328098612.0000
21472.3435,5253.2523,258439778871.4406,9071789300573468672.0000,1260260578712507137061323538432.0000,75782006058287392.0000,10412543914862152429047119872.0000,336482137501396681992498577408.0000,9112857639183928004248191543984259072.0000,964674971193899964949848636532595884032.0000,1196187041334916461991409693340205056.0000,986155673388635127808.0000,1281763779010318815054190783204138237623676283098447015548289024.0000,7878742646404693664912883047236064627280522830635535051173920768.0000,12713668806628443815618540713906232934468386435816269195247616.0000,1276430680682257920716064098304832950052585472.0000,35440706283685195776.0000,1410713472923714845671424.0000,26213551991277342024315698143035392.0000,122436167806886992.0000,522867460185846971058785154733441024.0000,208188811676481126400.0000,422637835937291867952030679040.0000
11979.8585,4899.9731,77549518.0013,950627997991018996695040.0000,62220988152526315520.0000,71471375283181.2969,228762270889983598771470073856.0000,2163728571229870751744.0000,5016498724871401176154479870497254352617472.0000,79363285797601683329996757663744.0000,404443224150047253078996730240676397056.0000,38130826153475195273216.0000,4506630256371833482855401551921583772698707216054194922055532544.0000,1114294311993586068350440219996866578237909985419610621476864.0000,15163919957008753586875072199201318545856604055682852847616.0000,1790830127512275380182892875776242648875008.0000,44721495317083758592.0000,7173130956254301126656.0000,3405020485325105317148027256832.0000,14393013819854737408.0000,8886921642566185882772167291043840.0000,14555726336579397632.0000,31174943404545097978777436160.0000
3739.7667,2154.8594,358008.0058,2087511148040864.0000,128320109696525.9531,810650332.7546,115524037216554762240.0000,139455354534213.6719,512010800770024312068374528.0000,1743371690244807424.0000,2125045370579823108292608.0000,437177839846286.1875,21103455503870998696644970489168711909376.0000,88802972667927768269291410386126372864.0000,41416518142026153551088986053555519488.0000,520243282714151254526787584.0000,31046127994703.0547,81405621525064.6250,60057892586862649344.0000,61513188394753.0234,10193036127635622592512.0000,5473087744664.5098,2541874529750876160.0000
