766.2181,768.0675,746.4728,778.5125,795.0100,730.1520,790.9740,741.9588,778.6105,753.3095,782.5343,778.2910,771.3050,746.7466,766.8245,766.6600
767.1628,770.4306,731.8810,789.0617,818.5509,703.7944,810.5500,724.1856,788.9580,744.3728,796.3748,788.2764,774.8872,732.4761,768.0496,767.6675
763.7765,762.8094,788.4227,751.8783,738.1480,804.3357,742.4468,790.1355,752.8792,776.9871,747.8580,752.9934,762.4040,785.1225,763.7526,764.0650
762.5800,759.5806,811.3713,739.7618,714.5085,846.8749,729.4852,819.2387,743.1321,788.9167,731.4130,745.1152,770.1979,809.1666,763.9406,765.4767
762.5259,760.0829,813.5334,738.9617,712.9741,848.2744,724.5337,818.7721,741.9028,789.4580,730.7067,742.8702,765.2752,808.2923,763.2614,764.3495
764.2540,763.7738,779.5978,756.9970,748.7241,789.0243,751.5267,780.3902,757.7290,772.2929,754.5062,757.8062,763.9026,777.3712,764.3069,764.5242
765.2344,767.3924,771.0621,768.2975,776.7950,764.4894,779.2646,764.2849,771.4130,762.8297,768.6072,771.3986,778.0480,765.5249,767.1617,767.7363
767.4298,774.4959,741.2455,792.5408,832.1405,702.7959,820.0683,720.8758,795.1974,741.9841,800.7243,792.6026,781.7998,730.3231,769.4336,768.9134
765.3822,768.9525,785.2297,771.8143,793.4222,773.7551,809.2327,772.2251,782.2962,761.5639,771.0534,784.1536,811.7063,774.1945,772.0811,774.7626
767.5986,772.6090,731.1679,794.5709,834.4084,696.1484,827.9666,719.1446,796.7994,740.3654,802.9819,796.2572,786.2249,729.1701,770.0862,770.1554
763.1996,781.0878,905.1028,753.9557,778.7594,900.3066,850.2292,853.1243,786.4427,784.2798,741.2168,795.9352,922.9341,850.0469,784.0896,794.5131
756.3110,855.2996,1644.1395,690.9598,752.4079,1462.0886,726.9729,1048.8325,778.5494,860.2885,658.2484,729.1462,970.4396,1001.1484,788.3866,791.4958
773.6189,1460.4571,3371.6924,915.0957,2124.5282,1712.0354,1072.8952,735.6423,1237.1444,717.4839,923.7536,888.4238,1248.2979,750.3690,871.8624,805.3730
810.3674,7826.5915,57629.2228,2853.4892,85861.7904,3599.8421,520328.9614,4351.0979,13523.5757,531.8798,2248.7331,30211.1064,653435.5341,13765.8521,4877.1942,8583.5307
797.8427,20146.4414,15214755.0693,6231.0568,55973.4947,89584.7000,23471417.0039,31984.6928,27341.6504,680.9498,2356.4579,223708.2853,41870755.6580,190271.5290,9824.8035,41159.6188
17240.6994,25280187805888211417178505562852163584.0000,488391344434498538080132271592926214971327881674752.0000,285668492209371671961796608.0000,12931221189709366413711945586591117152599558813944405488974662991872.0000,75311647494878977766841053297027219839928602984448.0000,791664934240713936812934852502745416040004108641480777339033638009527575399460097748725923840.0000,487375511366257601249764754667396935925419734226209603584.0000,123080336125667045636817214572505245883028923903639552.0000,219633.6058,436837758500744704.0000,16041231355202691649559370734511944368744433986821590909714432.0000,1578827884377014231272433338714234768743891018518877552674395882769046302977161765560807233538752512.0000,18315451020960811419775078487809660263631804003186650021625856.0000,3992062959707350026057876380697673473196032.0000,9814922657946331848440124663966593174806787522560.0000
71774.0898,887345346911986511557807847443684755830244114432.0000,259317169533099992179843174059448220520804101409626158011489714176.0000,819336336997298077696.0000,116172347540306392273062633269520674039394024822672149299419152384.0000,863941813882464113345495018396441741664334509582736070390317056.0000,24335227602159276453759338807611829156275116218200392702923636736.0000,42068346828835155090709402365797843711499985485824.0000,944174038475088645684295621981299620369996087033856.0000,1124878.6958,71487630194052.5938,10113102757541597147904548474028856650498048.0000,13611952373196971528675599891135502739417986192938706345094283264.0000,1795862914360950103142857529509671548470951936.0000,848469577910231794853986452650495836160.0000,790634464307353132566564231261978624.0000
1494.1124,1290733756306712.0000,11315857469470341477695488.0000,96362373.5379,653756804008991902400512.0000,3170684657678119424.0000,2571314706563356684189696.0000,57075552693835128.0000,2390298899642505728.0000,9852.7734,85158625.2614,21784391931403812.0000,569549918370784683317264384.0000,5374872635813438464.0000,647500432294600.0000,252574999170069.0000
20926.4941,382512670141779084304019619840.0000,5333300889728554314308411376280354161259757662717786193920.0000,629420028049561018620182528.0000,4999630913785656286057567202572122626031225776461239302253182976.0000,2063946674313384231407395356121604370580788668061882253312.0000,30495857657933888460987885873386775707635239033272082253464212585468592302492333138489553901846528.0000,73652627242196989576056712792088357319009483342869598044160.0000,11040129277956026933159527266374647999576980435232620544.0000,530310.2377,3005075302700289.0000,10964372543223605972634210118385683320835343781345644898349481984.0000,1246565034673893347642104891993257696727863874006460632382835240792425181276505629617615207900409118064640.0000,61609364562638766124624433945559083320900297702823031624750333952.0000,1244839086152699215580651863832509785571328.0000,848499196522417208866725995094827480365945206079488.0000
4826681.8081,494829346976619721893799015651753979663089664.0000,1269215429286523989641071622706032877581038066705517908098591548726368171033628003459645363670851602779050632808178189997816454257209738336554307741595553759232.0000,6041963859326645164119353786954944515628764515232907264.0000,5309861006576749712795336514814528495491861642221853766916333032572979678562190215789414157546092279708738188250715055565375012864.0000,2231926418910153093101968500891828154399459510891483942265056094523620141409249817073506996442421203047070608392192.0000,187261948573302923681861472534500131141324898489114389369457825798322521622315955643082646111843808854120348957262298024459721937724007418466018223194112.0000,27998204258351505885625622847534454025018162410956301322759874869936546365606374769767183604921663488.0000,3724119554445272035198141642935967429109307256797361610404769493421250513398270463181428904497976060175596912640.0000,1317089.7208,8254940672784466968576.0000,5725886354133552809541629024618111789288905590890808143630164111804793973484421697893942647148477677568.0000,2968708864420391578443612072627563641819743002885691680120328011961899441516226260276971201804778774152629802268742137771316570683355960568899750038193398842557412147200.0000,282917701282079185135502051491633218520976074663465086919979917739014075135770226263681138688.0000,3038799762569386389570448428652622153816669212104391359105717246099456.0000,3345718015613886482896964201214406314349206150709092612910371095403866036895744.0000
37518.7694,13052668541230895718800624710674876891827921781522432.0000,306676900771641509942510022613618253464476178023193075803112113117118763451458170812104704.0000,177003897901045606082372698112.0000,1518800230991554524561032009816984262401839680940487948236761087939934074735494692864.0000,70971419020010750620670739633412236693525037334629122057651530677983641600.0000,1487635291946487228346932657077778786095803968520192.0000,339052263022707303793206992545484078857660137472.0000,3872681259661361490378096298464861964590712039065015988256768.0000,8781899.2535,211645872151421312.0000,1343173221093711593780989297954914304.0000,52288229357477477186974242139086655990426264678694912.0000,1179708672966915517706151991573479424.0000,68190496918047837769057918788468473856.0000,1536522052720201413546637000704.0000
2679226.0304,1473992753892922121024389697078999423909888.0000,33958309137410565572020147983135589077748981095506894768018636452009275049678847596235459651923518687784468480.0000,828503548578542875766348792971364010239773629545971712.0000,283126564165683015769446446072652179021399738497693167366174290032225630096695652245872664865733257656204495045314093668750065664.0000,326108092335654237076593923732823122263635430406143240712576209662090340234039500588767492419602282954358784.0000,346690721170149053111197734336753866254799085766863152329314097462199986979808309285500174707790452383307604823803958369400939532257842217299285548348902942057542189056.0000,5393903149917893486669186627417077445681089026340849435699580888777041764634857838244717067906318336.0000,84721950537762947760425529889339218893092745196367113623503674556387486392628045438086147656777065299968.0000,82355.8989,48201854144309164314198016.0000,2921742290207078218443025707338486521924620436240087380596412814661126875721634410639597490180943349383430144.0000,35392959023346891122894333544187724490986745338675400386356756123780302767090597461631056834896707278968506600558124236911528803472294142057208034891992848886886033960757886976.0000,931571498362517052055910177778872246942173162363756213448709983654940354601844806640862782868684800.0000,21375197382993081078220854222364976995860609218750708605736421123648651264.0000,298774226071095511230423463722789470246272219321405008645225390735272916095657312256.0000
1521.7905,25158501536871832.0000,220889619494920089245315051282385181601627649787998834071561043968.0000,13865254010446.2344,201790261687002867590119423756730368.0000,8325474390009473238519583963125173448121964923170877725474816.0000,167504401037753571762104072379950964127301632.0000,59262155149361714278196611624794505461291286528.0000,27960850685147827774080870424510464.0000,1310123467.6264,30.5651,32185481789054566168758222585856.0000,191114711664415441510632698488005310101492394839478724722688.0000,706354113787767669312946132921964426166272.0000,2606238904201479656046592.0000,9482178911139925555891142656.0000
2401674.3361,1475908767855776431552709263360.0000,58902541404395411664288867931914086890660885763224185162282663745121936649619389186296010884832228295568672226499409556520883953376165888.0000,1299892780857462568494834663321445935436572359330365440.0000,3412427553631117312802885185624624737818346232970387868009866052552619597111453242481191470791905121040485190912920705249093238128640.0000,14872927527827343726861724386904918105255075810753430982626105088468832849470312640121128546392513211122155846617901563904.0000,115822435705038688551797645665037028575712969972584665091829430782823854985335829262271780204600946957909533015680805773227543171119749626909928347347425425040873153238107473051648.0000,1450699692440068930796135651189663545248588592759444180836576355746990545845848437614850482870488662016.0000,3112308434793132238222346334430703717591579949506465901726639785319318331439241425180617685551799621015044096.0000,357355.8744,14752101380514623003190886400.0000,13551330796972692361296865229892267732238474703039741381438092623226973726181679016897486262277726685270879462490112.0000,59179414591762570333458967136435300833794517086651477875877839199023985231310373891016729758910288240781003629300437919312105192525195628545865222367295830781178110501661329803774377245911547904.0000,1148585461056476753342760436285243381623280052434587692886097847991056688349456361562183133662552260608.0000,651923775399600393959352998674674570072600115344320201283502994677039104.0000,337754426941297879114911117653706446078717449410418507666425451088342393711893407596544.0000
448002.5645,246227089865485275161952256.0000,936928668320606391602044588313598960302266845463001675339267483628276385226630435614677205393956696350425670564818582331356872704.0000,90205538125459589305868393769614148273694572544.0000,16101742657292701755436854006062788510833629569100937455921303703959509431413304251583754026686669579523981312.0000,1538433500379131842501869669740339881679538602789675039671825465839326213014016845896404716625650874034784133794608533471232.0000,15279679313928972560567969197351827005110692042120004202354792474179147864098724072608345434188890643635935232024096500914424088373542448232637949673044448078836269056.0000,96231591462336637335748504840216547409235402815893313097089343126228115478948848725518067297606531419209728.0000,138195868120161552243516819152610943489217851101958275547185533106927477899163896138870581886976.0000,1456403111.1710,12186894563433336799232.0000,841367898807601398072501472941989376250722964044121283827126517522118461703744517558104718134416089429311488.0000,412335829788952322050396294888607707410960599891803101940782371949397266228338263777483373084633918875710008912352477595804116547151191334492809934640289584515728236766475017693570269184.0000,1429907863407203908386623735520824191632195933161796202830866321165567363299683629228802556054439899470757888.0000,3025490053059456187472041815805175221259967294795398731285387269898240.0000,7825280967906463358285320537404196873964003120562890520468959184316312657990275563520.0000
73122.9970,31774641931599004827648.0000,662718206690091241244751443580225251900788327975903608216760446832870328078755205407005198669034372988928.0000,8040697970555606710941477229809369088.0000,60948261505724813013855935598344581965079206109888906826364219069843629352432937811836928.0000,211140742792604310178941961359250407603871401055628359002310160562633051052701127188790880974332164571136.0000,2218333511942549525050727222983499764997318948203190578522185972272742844469053454587288565334758881022137305441988374354198528.0000,116191419886153676611293858196864039457904981640666393873962239312193932923384564285440.0000,7691104897266074765405757655474986645698203782044018500827926038795222253568.0000,808033307.1149,351013508972007.3750,9331804204118261793733894133640165535560967161845444668526600091285149933440598016.0000,23019902425307023647237477614405099069012387684033871205985550690034037689631021008597592469336204222289499579955052908762120526035430880051200.0000,665537980630811625042104141532462762357171974307171256134426080820115218136599363584.0000,2662743948246526675723732067683952823400536086029533184.0000,85764839114883888429394940715241260533977787959879620293335973888.0000
390598.4073,49528611478708961269014480289792.0000,4451279167092616676785653029180741374023280843438958770438257718183185257214512772663355496243094642323598914674898709250048.0000,298992770802310760881129146607129567732695040.0000,227164962153348474119881534759629690971681676866890737838921375845937522928177945239534602783391611308549831917568.0000,52208998496707403938315228137943303203376599803571581096492504372610008633698525618181121576699990777888867993952190464.0000,476905027098633230787303185370182211308596296063858061334604368985018013036768619043613487321707309812358423541528805996686013540698734929163321344.0000,544341046433027244746639614072122695760468499704358442602337522994075166245704711484874077736271872.0000,12968076158833368544090128830222199100646972929102479101958913303292945783180161647479481171968.0000,415852644.8506,85707634567457792.0000,407975821309219342858201260707176055166364674930108703787520631786288896953719150013776379510784.0000,2247645660350403189334004974308122316861446327908310805965723616577241055923121930774461622369171589098466992962304048281134548964138356714754570375316711145472000.0000,1111743238962271021384713912975281264092885233936551330987911964472729094387762692080380411904.0000,300305011924849507380074241840206839998160382183611458861672693760.0000,444457625008564076203364408775359756548405830024327986515628233108001652736.0000
47904.2639,70217323810236496084992.0000,10288316603665237879196245729994690960989831868493769844541083741409170009414154159170327441200070974490279936.0000,10231166605429692763975485598321344512.0000,90388348943556051759442399802804199887342697908551331844017023123186334975393792.0000,1555829888740904917772184237412995142501905878014278123481187162856369468408219479773245313255822718851350528.0000,2501907386153174836570222528560522462112891837069744119438176264765353456993476492990908336230821468794879061677565560459934826496.0000,88813979077396868502523566194897739257416241028661692982155223943254782440124386849201324032.0000,79682701129912280086601593188574225462530831604331865558598838457991168.0000,58782021396.3920,95861412546215.3906,478263867891745081137762329493816418128499843030384672101587371859202278511347761152.0000,16130039884420798772022319128485228354023289143767920715983834936174747032363724003831115407427426601947167761412615784625410617937937626796367282176.0000,73509219346378230145183651886041498715366712945739464058855125936661968233927964323123036160.0000,81054861279812658316453170638111284858040282302887493632.0000,106724893133012567169940747610969424393320506158263730623007713918976.0000
521751.7040,7487062205691585363968.0000,29244438698943813967909348571745425293879183700684817936425086430685484605988979800539136.0000,6031910526896812183091421704458297106554511425536.0000,1843156977451031142583946102265899756902408153394855009841436206724134993047366878802412704451316940800.0000,4551745074016188991888131248694311510260026582959815494547275776.0000,45967409564734503833537847414032840043508229412032898035851927989843402156731389212604060432015840401041024852830266209567691008487981056.0000,35064531938536604803052064655859301841995329806576648192.0000,7471665345817725960387896980797718288627037777127866005914113984790996436647936.0000,0.0972,37990363199802142612180634173440.0000,65230270957118877403727149623607170832174821480561423103758377406088602426065589108736.0000,3176295807767964515402683591330677680438905323840503295395224354705417606363920980642914290852894911227494880116632898634697734161520656384.0000,23221421741682741048934740682105175024885563955949469620502528.0000,277210449504307888189814778182759490780244475904.0000,2119859795741424469568457915911336204388350412251195445870592.0000
5849.1469,306410877589481217589248.0000,725253840401133069949264033462206441808696376141583027189522779888303705910411264.0000,889445450022092144640.0000,194714926168041754245721920252183247323136.0000,21841844363932768088505526934756793723138140703533590450621066310387218647969955840.0000,113927413151205625194481657281134156180832242064331185205739623530434390761948788715159552.0000,795167628326725129080434329882234719180683351913522024519357351025704960.0000,421831606395853997341549891408018121011757056.0000,4348994743521.0762,104640277.7415,230988177180163416542735783849306613934521242775749495095296.0000,43696450514369142154354338381922599276633285718731233216787097651700998143968681401601330777643811629089922482176.0000,24448112686152518745455133570026242057675766856932081302186599027391743393792.0000,3167628836891022404038808862573081919488.0000,2214202176232497609190402607755565347523900485926912.0000
8413.3465,715486795079140.3750,149400789277499906568195982713442670907630319262760960.0000,1312045109245918668914688.0000,2647910018359934602506974941242301676943048704.0000,1002163075782614286487316117602876017034720706560.0000,1162412172509882532336273864693732636226942620242617021643272224768.0000,3003321219570377513936497617468345286656.0000,429479956620834714010567635140673011712.0000,29606.4631,420629376597.5991,7437680698560446434688874876888256100696064.0000,21745025695459636812244700143400062519634946519356901027918308684458885120.0000,88196862899690543012427049890704338714624.0000,456822427042244646267781120.0000,1311327639245684594708314834599936.0000
24563.2851,81043224129086504960.0000,18012267855878090934778885451775512406179596589165408634414299828567289441837239010066432.0000,1014747689424486188935777615872.0000,42039196361009017186652350071693308060970714739470045427078489178112.0000,112157471054489675409266675686219987864306312399741141892211409142298413112523457738833920.0000,126803145229339534183052300248683834891648600134797771071103504735604602863632351182485394559031891197952.0000,37821226994854051684721297597504826943542340887444774835004163830983530905600.0000,4067035704566091192904223036930410573624860707798969292423168.0000,3785386053.0997,53589922862.3165,241301695870925973964379662644084213968074123669127690201578438918144.0000,6273741035898524415222803245247185420983206895494461692015650546648474154829599117621670054053687149541325052986601242624.0000,10590318213309276967502449366176984284771878067447206706414169334050375860224.0000,22875038665575207337291135263662865166897250304.0000,124775357561316226636901515133167784639887446337977843712.0000
933434.7191,867425308537445031547850131089915904.0000,409270949512311482018089014412877854530896843841835019432241928789279159678941593430791421875652124475392.0000,50422870695721015619979996793485878159823335325696.0000,6303238360760479171212914190700169067901339628213406090471886862846218546398695030023102110829176754298795078195347456.0000,1641532270618326051192494427567021261594231708962786010842671138745118084453130100877929380642979577856.0000,280432889330614761332421341791289803986449896333726441988770777025477749691674230137144537394865766938250592597733077209616462058399862644928727112795700688684450168010964992.0000,629597421853045285043637756581371226000808863611885700402102306218368738294497856935915599215722496.0000,533972851022400422088879334043825807067800962267945280905306629973624913399342761738259079452688384.0000,104268.6293,1912541030976354232752406528.0000,17549130499082592334509617161207545616641457854035988871214191842063836451200851784205919545961564361610118561792.0000,161046489479138151846189513335970902952733289700934439873618631500950115541679754810662985943550770043087091565190862631786574573218348561251389493973193000879043895903787054211272802304.0000,109364996865369109488719777390178404587647398970934224370802585638792870142824978274565268759605621555200.0000,127729659891470783965489759115596671313030358278124625887665104904781824.0000,208951504801302953899921952196960050254965108051753085556845454477552770168127924207616.0000
20018.6159,86401166150043713536.0000,17761415020553773648788491764436786369632848395526512218981904941056.0000,66802601577959459572714307584.0000,16081313969104282609234838172905739182187534295063563141970504187904.0000,3356885161340390805867323675697809824780787260308008679961918691082240.0000,9396829354750560160155548151122070551619302859451577550275398113385839017896685901105053587996672.0000,14837554591847842757504834965349372980511553064504616277770240.0000,18632871664374283674609228013424593377324936094563990241280.0000,472074.5265,20216897503691.4023,1666744994922037614374090403669586044283494981202888528161144832.0000,5975099443950951387752406459278794453944329773214083034404665339981501283017702982552286331773969793810432.0000,35587769425915258103333758005577213205704450572991846087131136.0000,525906687889220623073913016356107773280256.0000,22780884879440936513285583829285862887150025965568.0000
42095.0954,814556189285053146071040.0000,179962040967652211653370952528700674051881931986474724167605479486844685242165541680762060800.0000,13046305241708200486556482765062144.0000,1889055025588675672983647445784258052983735624707212059254649032455776154765230080.0000,18259832539825453760629926373401769656746342268338436810519099018666820917749723475588920901632.0000,5911007607844226645548226935027895920667995533751803755826053138365249325545506148273478937755882638415433781528993856487424.0000,4470962436909872589870713817282875903385685804872203257154170532826480742881512390656.0000,398635065429055816341010117596278754993175726038636349448667213603012608.0000,486287941.0364,510987327044177.0000,1401447983883210089950933876966574540932533963375570271779475817080517269586444288.0000,19613685022848333436043418270614125149927729585804858858170934856315098248638570238534564791275846965284312996686568202579711816435488522240.0000,31249958021019874388252042186880882950049281976296732744629228231500997101352793407488.0000,1897113302366442365514353969927029072824935142924484608.0000,167203059273284307698609630124485111970811191245068735522078195712.0000
13503068.9719,139379581620672440188636567276368166912.0000,404590199807920063301571884279943748635267960888293497717908821729958654093733179684516116059728019589480375115322897726595536994533638144.0000,1637777146576235345408387960914367848442857272255066535559692288.0000,17579486319251277470171040332693830930298874817437616909683124093085685765457388676387374313558197462577649636641392350619971095532450120045485682702942208.0000,99120711058653464154531704469832794759490188315036442526783324132174207213824976911520767895609185243388579948380504377524224.0000,259501997449414399189849110141248508798655837092298013658804809820659410585140449456408172616422684357106145556014639664920611049089872446973795717597034299665504540234159682101688462466868574519788866172807544832.0000,168949350934389358429612868966270749750648910952544587545903252591670968453581956937160173758718161607028308745125888.0000,419748461373045591679106185286708752948719177141171975846348807395260502578404223160986625332382603484940499356022916947902464.0000,8161.7389,3211248911822222432892066914631680.0000,51729768286361360859297252748528255628543221845073145177537030790818942614555856798748975686256781321226305994399337056350728697222791168.0000,55131769872875443899317418849283259214065153757359806700061024617710688252878590832673328894574743685069727744383571447335930061788838755740773248015429172856706722103780737017204225596761448782014665284107514627700077625344.0000,153182452162900498103523827730670877562105836792717345152355310724112114698078268936407696222039376646093138255190949888.0000,108742711617450709578842245402101650286657141312993740739718811834653703239185798791168.0000,4042924003910616400941000401817998213337270307087585275206195961293537187683703183933875692678412238848.0000
13265.8046,396681038125793763351592960.0000,199034323457867055549628763382927986388664539195573926693005862895616.0000,404426040866989688888492032.0000,281652686632541436304991771653193015914182374767490443246495953059840.0000,1332462115556508722854108611176001778831962802940976192935793458219590231261184.0000,624730677216811362421457086335098305621926107419172187231159948614396127076374205067449771982061568.0000,451941251278032022588647275746961769456020973775336930613574872621645824.0000,211416477303152622022268061996567085392223138046111488409600.0000,116276571.5530,1012722200528.3242,21730009090251199556127243106982823501796393335386556964265787392.0000,1128760996536996127294572004791852752263032628401253595536680198935614229231157050196457623823294229584543744.0000,170002405383242441218197073582828148154464642845061977220570029261586432.0000,26588174737390809725431564027192951094537879552.0000,137190938657895616372045695407623899144087392481181696.0000
9270.8819,54433906006203.9844,2807069315543272206213847598032110095912747995212929328737232617472.0000,1715975353100831245205504.0000,66296099382456255660226994923025169865241311370626990080.0000,30800959640449943794378581550663082078226027854783419265318912.0000,380553126269419628400899619589744989306808594104613494792806309529350288862150131712.0000,386163570892626680530105041948788722562003544618041344.0000,1520143819141004116620745069113036771747755458560.0000,409342.0759,936779800564.0348,2295893694391177035838532992582895388336021168560537600.0000,2050381062629609656644858810202342689357278650863373952962728781401423709760648280180992770048.0000,2039820212895392411230211487436382981644096089352044544.0000,102439079969111916203901612896288768.0000,5967516031204406213168316466443014891372544.0000
1823.4086,278304818.6446,475315615902528372736.0000,989251565116.1039,5113778549922907291648.0000,178634043970546560.0000,70066215235920513318443286528.0000,1957651273802.2693,21836198688614252.0000,121.9802,135733685.1397,1780088406269350656.0000,6706075522250283720192794034176.0000,82423370089693.4062,91302668524.5221,8258352316215.6455
11071.5337,1361896894068730.2500,716782366520629076675543684904648501095853851302806159360.0000,2282240859844429190529024.0000,327034651780466706937397448263750146839557373897943810048.0000,17170648797010021775519589084130839533815244599066624.0000,5018105023496158953311583525303093579524895851976455539463676533875226967627792384.0000,246858340132610182483753905889145979005929783296.0000,517729347140786892302362402544013141888475332608.0000,5209.5913,27517224324420.7305,113426266624655127333461757472662109679401780738260992.0000,8626602069063827018708002912193353308013122325940358992326744759477214250711921991876608.0000,5460791388583094166939899451538582892853063581696.0000,3421186329658350257746198118006784.0000,48463436310122474801348904750763948900352.0000
3594.5814,124725279877176.3594,421684300645508087983496524464128.0000,180379609451411584.0000,49323328342189057992573128818584878841856.0000,11052557797750453339838224531456.0000,480305145228665029448341410401502125496526981562368.0000,69250725308374784834573189513216.0000,131921041237766780677676228149248.0000,1083.2893,3941224441.2380,2380377240593139563071826676416512.0000,4835524947372824030421026383755626503727535961931776.0000,4075440551258865069504115769344.0000,12747697509995740808609792.0000,217196073240482577674928128.0000
4112.0558,29277284522308108.0000,887403277771445388943323867878368131545936572670497968357376.0000,13355831810197952512.0000,2358915473977517950750221732132441358217854844928.0000,1114325486505420382318815840076406022466806670347916885884928.0000,69996683546738277714955989027243394227487739758370284288451018752.0000,4592338695603764021276310462400344845044173041041408.0000,2401853049627124742839002870197922062925824.0000,11137498.1032,883199.8215,21523689532094221095467182462262396661530624.0000,737118803137815076184636634011342144717410833472187866140540862374376112128.0000,1941166658424256291692643708769675820135811645440.0000,90104347838323588602019562127360.0000,698669997351737438114776408903385088.0000
11755.5143,20996749566052864.0000,1707934319913972484248317386284639704635078164818456168476474081280.0000,11327536351120677056544768.0000,1891730072581495585544111633339319487533134507948184535302144.0000,192214711546843676842069708955860758210950502912984065440219136.0000,3300798968560889342591538352406728355647681050222917083682385660108891466218657021952.0000,12008433305646325992542036019064831592629185310317608960.0000,5158948247418202888972460904719749885227078994886656.0000,225753.4026,486126060475.6201,37033665008571902271714374849774274274115512968824225792.0000,2983061299605235170523401117931613004488886518719544256438172376941740377325895731009447526400.0000,3682388081544753218977860921077448799280061219000549376.0000,8638634235680674632340110675539918848.0000,40465113354350044674688054111674729410592768.0000
135587.6714,490224559200356139008.0000,4544980734443695541459621131471585108775456197392071876470048908046489043949750411891730039177216.0000,4706108504905251280042921795673720356864.0000,253581650891868978346574753206267225563430477235957813055437031619658418966064385838920237056.0000,933721647130393270657632962410083084426529229672724311519014886202123968392114208768.0000,8014310542812502563306145397856360932483367254629567237674139730983037366900592346719132268830572569399859179244131933677646331772928.0000,8087764340144937235247077154969333708184018162769824048277486723279773237248.0000,95397868641057613225675273074390954499611933024861055535619947443775743197184.0000,47087.6399,1411540966633681453056.0000,26233206436399301257306422762104585231221299348569295463569169730979596930065390108672.0000,111655121599126408531849961448007386197521919008791743544430391302380135901434940773884578811263138005145424565238496588599175162999901012361216.0000,761758279620571674623644927625337222426556910942276059859078906613991800307712.0000,341412692906853195475357370103291253335694073351110656.0000,103862692530336218578802539582272485059961264909313981672710995968.0000
41561.8040,105786136536009970548736.0000,10441182719276289388239272002479405831536970661746755563729733232199394806985132769017856.0000,2301216310419103587795850959519744.0000,42223810816179279328423120441725384686385033838385791920664474137338214776569856.0000,1952957974666742241538326178095925542198826136735061327254817469151451484972107431936.0000,11908042702139558158983019919898592021512223164374519974061738909203534333851747314897045956336150410087918773106376704.0000,1784294644939667298748404353411897335950341893154483477713711515452313161433088.0000,346406180487330966878448206496900646644002056899574935277678375206912.0000,13647126.9689,3346200311656067.0000,116971255572951223736667064413841274790178348606752100367195932478792498413568.0000,31274500972894972241880804265777312721531315908101360617122871864646987301003792762173274432712432291246732806225052502199537500160.0000,2830343427309265136679965482198787003729428832496086234179009555923031946166272.0000,7299383418496948814850387715804723137734271918145536.0000,16301448405975721726728921494425151986065532490936887113940992.0000
5483.8306,191855043161827.0938,3162828572638535236152128548510145868186673649549312.0000,478558242533893668864.0000,2538849659006254012795926763251302352110577778688.0000,14707784196078210849121323629956024224856198348800.0000,54557665454403948952735163441437828583171929917463036393667117956726784.0000,4387176612872567409242978912028629060452089856.0000,323715331655092378802704986193577350529024.0000,52246.0358,29928953067.7203,24421568431442327681305052217691244235042324480.0000,436825395870016366163680963594190552153065067578420735439028527431091656589312.0000,10912332650859686929953952685295015382772350976.0000,9195216140769066764543402704896.0000,4642453722378964845968421704850997248.0000
1311.2953,190066375.4568,10087807505258692783229632512.0000,114215556121.9664,6874528101078815521898496.0000,5195715713640636822960734208.0000,479362469404943597186538332277964800.0000,14365828623946459954282496.0000,5460783312411871412224.0000,12356.7304,332598.6509,752659759235373922779136.0000,8020989794614294784410588436513932967936.0000,9077938592868477844848640.0000,43580803831211368.0000,27114331276384645120.0000
