874.0468,873.8531,874.1790,873.7901,875.9143,859.2813,894.3293,854.6359,902.1406,877.1308,876.6940,865.7407,860.5927,877.5849,838.9635,899.7480,883.1061,873.8337,878.5906,882.6536,878.0779,876.6491,863.1464,871.8101,869.2383,868.2248,875.8050
874.1059,873.6681,874.4080,873.5378,878.7575,878.4126,1334.5810,927.9174,1082.9296,1118.3285,910.6414,1050.0369,977.7465,1107.4407,961.6770,1040.8196,915.4517,922.3407,933.1930,994.7531,936.7592,983.0433,863.2714,879.7789,867.6624,864.1273,883.3468
873.9076,874.2903,873.6489,874.4292,870.5422,935.8117,1027.4139,1020.2512,889.1673,1035.3146,891.8660,1071.2369,987.1391,1100.8470,1139.0559,913.9582,874.9729,922.9982,909.1091,942.3875,924.9732,965.7136,910.6526,890.7039,886.5063,889.1416,876.3430
873.7188,874.8853,872.9569,875.3596,865.7845,1392.1385,7609.2393,2187.2532,1954.5518,1556.5481,1094.1612,1334.3685,2477.2792,1488.7027,1627.6979,943.0364,873.9535,991.3621,958.9329,1013.5785,923.8135,1009.6719,1006.0244,909.3833,938.6711,914.1260,869.5168
874.1011,873.6862,874.4365,873.6948,883.2568,1456.7413,23237.1369,2459.8410,4189.8635,2315.6039,1257.9468,1467.9933,3410.9668,1479.5271,1330.7571,1245.5510,970.9542,1007.6832,1034.4556,1182.2393,928.3532,1062.4344,925.5957,889.6413,917.8118,864.4571,881.2014
874.0354,873.8895,874.1429,873.8675,876.3109,955.4741,1896.4282,1097.1083,1196.9938,1149.8992,937.4348,1087.5976,1156.2424,1139.5022,1069.2923,999.5518,905.2027,926.3939,929.4256,979.8499,932.4264,973.8942,887.4983,885.6307,879.3422,873.0020,880.8110
874.0672,873.7891,874.2579,873.7086,876.8598,865.7979,992.4901,873.5648,948.4031,909.2950,884.2681,884.3807,883.2066,903.5015,843.5200,923.0416,889.9712,879.8525,886.2191,897.5806,885.1457,888.3438,860.5934,872.0804,868.1075,866.0481,877.1069
873.9840,874.0513,873.9550,874.1208,875.0077,1066.8736,3532.4491,1339.6139,1519.2651,1246.2272,991.6197,1076.2236,1509.1276,1173.4351,1073.2488,997.5544,900.6637,935.7880,934.9672,984.0411,909.2181,959.9423,906.5867,884.7314,893.3610,878.1164,876.3942
874.0524,873.8363,874.2100,873.7993,877.2034,972.6058,2268.4538,1134.7401,1283.3046,1152.8535,954.7740,1050.5632,1211.4303,1203.9174,1006.8655,1032.2569,910.4118,932.7706,937.1710,989.7258,932.4374,973.6610,885.6411,883.5965,879.6776,870.6347,880.9110
874.0361,873.8872,874.1470,873.8679,876.3775,960.3870,2099.7890,1087.7902,1241.8198,1038.0131,937.5345,943.5002,1173.7683,974.8397,919.4867,942.2517,893.7060,895.9828,901.3221,921.8942,884.6021,901.4282,878.8123,875.6661,879.6829,869.9940,875.8664
873.8804,874.3765,873.5581,874.6066,870.6995,1096.8865,3023.4599,1374.1051,1366.9074,1246.4029,972.2886,1128.9256,1502.5022,1082.7014,1222.5972,907.4516,877.4806,925.1937,915.1644,950.6535,896.6274,946.5699,930.0059,890.3067,902.5950,891.1112,872.5056
873.8357,874.5203,873.4385,875.0767,874.2714,1867.1555,34015.0855,3687.5858,5032.4674,3668.5888,1354.1733,2414.5771,4932.8230,1864.8022,2677.3679,1191.8590,953.4095,1089.1206,1088.5242,1314.1004,999.9149,1239.4786,1036.3697,931.4325,961.8816,904.1543,881.3970
873.5247,875.5340,872.7605,878.4351,914.5656,56950.4959,1861140985.8357,409559.1074,9774793.2406,2495899.9026,11670.7991,359197.2642,2159942.6261,34475.7059,323923.8256,7526.1581,2017.0046,3449.3080,4465.4438,17318.1649,1938.7288,11371.4593,2500.7322,1424.5142,1685.4651,1012.7410,964.8097
875.0436,870.7935,878.4637,872.4011,985.5724,26044.7622,901485523.3538,7330420.4453,2972913.7545,2399799.9419,56488.1674,791019.7527,490271.6093,1316268022.7291,478916.1638,5673139.9240,14217.9162,177458.0089,102005.5948,520220.5841,239225.6031,556361.4879,8852.9203,4394.0236,1459.0700,1444.5655,2366.3426
872.6697,878.2511,869.2052,887.5593,877.0124,54862.5939,277775.9804,7284746.2350,35580.6942,34689795.1940,17962.0654,201664767.6407,287497.3057,1115505297.3663,665752405.4776,825561.7957,8597.7396,144179.1938,80914.6470,827534.0983,532315.3636,2716436.1420,19674.8663,11512.4098,1494.9752,2580.0898,3191.3665
883.2803,846.0305,913.6158,890.4417,2577.7669,214797951.2637,2271197057023944192.0000,5462107201521900847104.0000,71650349696762306560.0000,1500456249218912000.0000,1755596684.9200,2259559403476721408.0000,11013093419922.7188,369715447639108388651008.0000,1686096674638382.2500,3909585622749214208.0000,1596864912.8769,8160917140191.3770,37836502024.4772,67049883472857.1016,7815434505861.0137,250116018466067.1250,921809.5798,4104170.5577,3974.0708,16532.8544,335752.4829
859.1969,944.1155,929.8254,1699.6991,13950450.0820,954547764425162412165254261559000777420177408.0000,483348211000460150496808338798269567004530980863606774382697072086553453679746390688997760298001822954523035437994344448.0000,1185210448952049059981869913698701281443339818637342871151782437599400583734009415659420059349024768.0000,1242929430738521772096419522473383559371588119625344747676046219804672.0000,1616737104438822427196384241993123279076529326751513208613412318448206911701893868040165030938974777182114977440755191086653112320.0000,14360696585709718198389887901630464.0000,24822708983102976737251226242460945254740494049612246445534750912005597534749769556120667166697412174736344186857025228869992448.0000,52954223468440046313326965584077203591770744409506496613349613718455332300686972741472144160980992.0000,13470596525629645027769235998400405949340139359370279386452577257485346922608309133377536.0000,212018114064470235917201765483785827293921100333178704687039545934890135673697400621451551184960996879049526578601540306770808589516800.0000,417189988906455227931158264776299925660551055201911018345830809600.0000,2332066058820238913932455001938984960.0000,88261275821349518145043576465398751731472966648594432.0000,52147256174258387692855997511438076044099228499181568.0000,323831308497004712529840910821535175663845021544400549856776646746570151442776064.0000,13080043793115956861244581685815136687310205541670715392.0000,795547414842586005545582813026676783178778924273907930210619505950053948601260834816.0000,10013869233307435807466084892672.0000,1628118669784066381421637573541888.0000,56104144100520804352.0000,37530202199860488.0000,92604090895877832704.0000
894.7043,836.7446,1108.9497,1736.0734,23967510.1718,3157495996012743348386518778297021473864286208.0000,21531310548008200904923397038970672215016032209443882929454443821303109332940917020748224617861883135440772368698197501714612067018626236604743680.0000,77832450845020562942145665183062320299534488770861264025947711838667484971401216.0000,2218731705644701705943899868292361019782815619346616927889917305927206582906297804236777072885760.0000,279471608662714154311201468518728478623934305824391562071568739874319058367893675297570281894928027990607527041899378846342082895806464.0000,197077561591661651969860470731902404567275880574290493440.0000,577105302354813055887123742687157035050232707806205546140941096933228879272049961669578448625998662830353074012291072.0000,861471339523065519721108007179882792769572442288918937028448898800859246843207316349648896.0000,62443743023723045285247187858306389923857681713045543910272715846519208867313705471824229831516021401717849274603695269537153932348232552346597809425410609381376.0000,122082626405670085343418652253091294895877520814376963098264345272140116651217259992888296795646459904.0000,123663781600840162913604969276515021401940804189816633343397389774714685863343461281243815505281852697737535946752.0000,81943419356277382280135623118078629255210613163950080.0000,146592869369929506958469278861682462667703437438204232707118633490825862971392.0000,1801800761097325354783180187442730864114070146067684228593794367806087626752.0000,9602279837607305952169927094445963179340293901924172202585967345377744157803008974171733802962911232.0000,129074940955459657470497995108930592028581418340437549403124467804995294593024.0000,2866032450702428932601614922590636309536625680252779682457098069904983796540228693807932915987775488.0000,259082281879778251260133903716860297216.0000,3058420209630258369770029056.0000,280785501959255064576.0000,14443246065640740864.0000,7152065723405160589295616.0000
861.3958,931.6676,843.1352,1452.8199,1056346.5929,274579611430976788911779479552.0000,17746146940313775323444922942870494278301001973760.0000,276131843953179648746415985438882473221475952668347933477960610024783061231507341312.0000,102930791344220557952622304974292113162240.0000,183115121215885804622927434403938391285141180380668193854862315887442990947269641871091956111438922023438385152.0000,1191933073437294710346481664.0000,2094187393655151914706882267303705291737137062986691693382423412823012760504215573577496352444136618695011845799936.0000,10494328360390149093222228888010582687620786733959368408987071489769472.0000,104308354946863823849110585326845393213547157675664369719040693508384503151332886436068558117072376580630642688.0000,293417869522129191659759862391070016124351957355121947883676744264877562022058791773929111318607298825034530849231772581888.0000,19086200942443679365903962758640769077176448915579567431808484114432.0000,24098882432367512176927518227288817664.0000,3205491766447929791030666011197055688225627112996864.0000,4639079637643928900418163989236091823993560502370304.0000,2096735941931373669602980748363365181715951296152813877310272144063988760576.0000,7609286416369292383963680302257989680007788414150989588725760.0000,15455503717456872467809267218907842651557254192837661113296655817427764124198109184.0000,2826950695389974328547003596800.0000,263117180838820879561207578624000.0000,8936548606704.7422,321698284252392768.0000,1975393391787878645760.0000
884.0128,867.2120,1207.6296,2277.7219,385711619.9428,390725909352590990818413339834449184807887330004056112752249274368.0000,9396458320205467542997415626257392252110343057746844968706904253332151963805420842959548100863941393286656374171695396810380601952396516046898306006630353471612649472.0000,418409323322742341468942787237846769400118779454679026211655679126144851479893952297001401127856276460535808.0000,36973605938445277880823070422799197506289885793531994681704399041910826192748576516617430120995938238538561693115482112.0000,147085984395431178199750278498563548469915712223926945655313217948468042532481620185981946778368135557543576083493814272.0000,4274012454126041056742938671560939659307276124028928.0000,894870427386298515338399052727974694142770803091030462752604278519466902494227872651045007785313178721714176.0000,2307146627586220094760860300288373217593767216473684271772572399074681824039584498039530871224700078182855868416.0000,312357556799931576551013059552025568084795200776807273294415449046583849367076709834430611456.0000,1664145041508993979388434169894725209460085372346844484379016902468262368852167551506052583986746596786176.0000,248389172149652340317816470652617456496389652480.0000,48511762563233731267057699258368.0000,12230278680260076043812717039976448.0000,10258980455135039954666445636655242018816.0000,868498130576607123950555937533414101634744492619453226907860992.0000,81014341030827027348753147290161285955584.0000,48258006912363588765133309749396093041082544986159945768501248.0000,10047338638256503872003001785778176.0000,15585619901671739671397269504.0000,4909047942097328128.0000,54863749499.8842,212218660034530.0000
845.5100,1039.3535,761.6978,2769.6175,16097000.5459,607266250624996311084472268345447615743358140416.0000,80668349441048805194655981979157948027077948574729991356416.0000,178862570723546378822231245219438873351726614107858386070902425340181125940912446552703509948994687967120326656.0000,286195837783898644649081651382360318203016017996257689600.0000,9656827814829033148716202105700836545459819650878496756922578244076002801015009085643398677092789138201159229382912157771975221304696225594437715081203016465416687740466161114429816199203234885807464004179722240.0000,155788698361583617526158435711079530301473271626858496.0000,48413503381097803937282214518422167280047747328861936959977158142042408439912329273040826017942207335273675183678581546954962771917634859944235607404235436822732438804940690876645682730346683074611871580700307844790228535476224.0000,508079561980925406073694882585377649779762645070286867954817341198463431568504799504656856411799552.0000,47849836196412158587355534429742770495978060688671194881946751615400367057291194738084362626860794432692070308036397666455395601637225039301532648332394843990403733713819084825687904596498075688522697974338311941739207096043966866911133696.0000,702954043031453063175911065140387427950385112054149071540268158708065396530329368094760959360364977144230258111012013845638438116052148136730437418321208124759047389549091952420974267867268323159674392427964301669076723356789318352896.0000,7489857615573143515041935960543007302470473214336470692472124874744385129262059918961588409800432056558910707462004780342826154863431935430815121408.0000,209084052478398214365854988226129487863658866216860961052718943698944.0000,28632542311556413519165185090744923599253103705629879884257928035004203004292448579514873057773690408942180499456.0000,3332958455268003810047981758541338663303640595298798197986331671682768807029218103346635496865196229584224256.0000,2061231203069162446805885750302146949304214551963702743050778681828960722449371713234305873219146816232715957690705203083676709609480405066909462523019264.0000,121165666948863131810558589898479540164228164291501175430985312984954145629829035789568569758907332758694490055525388473788792832.0000,43109784088393814449871906553531033225699294405977732283115714765308074476902392964885182663013682791493715747747435695018515778621947331336610952813351253045351022592.0000,803650087455157096743393529510246756008157756128515576888819712.0000,2076855548507065846610561250876462767992116916097224460468224.0000,19294781503340973916160.0000,701391673213162934596208349614702592.0000,920136330922671103835211902819140227825664.0000
931.9170,791.4306,1203.2852,2976.3974,27478054157.9529,61134425216686346333753027466950024521699834971815936.0000,28122389840445933150964033377573884810299466307717501221896759395134856555151201498361482793093324334668445505849577239034545125077052618055149984872801458502762496.0000,16891807312871581289584661726250294670261969053543436501204404262829032971417733103930572800.0000,487084645147207379364319511189390937946234621949975377105778997335692359585696238743337124862209088747789287693093928173568.0000,1320219070546854837478704996113305887676285469581778205208355802499669295008299950635234093774718224946597667823397556697210697855489015566528107962024642967831572281306136360759223525309899115256360202247062231130883608822082849160953053669715426870881100638472939713331200.0000,79584420801322196954824837268184360019891950618930831803243321051385483434655744.0000,122791555045730025936255337813687366197111415846912883197327605315922877991664487626655795744934721457332151398283505852792279279063495834338643498909226491137529170271868825325114537971511272316174166429624750906963359163113319033339010973669046889020187178172416.0000,278255944840223089969373686020156711940106156897499778551846575541219467933713260272754351311879313432016195057210796133056512.0000,632561579233712223274078018103498188065786140572811689527024192930155311966354411412227619574548386080680338795164721098624061376589227608425410162239656284416720302022618142391597266463494386316505350849641502050550141073465523694632572998539586665651230316809229270886576143930372730417950589190144.0000,463914980782835359011455479120923474676506167129248618160524252568675732398620840207673438620581837386922476014116387518624601346773130417215331798338011872789127159580983599332757717684563432440379800019492421745016263029321694707712.0000,4552604471624189406907513623229370347445725761799286465308780101711737983128559357045946092001204553092891070033389416033796060636533186195174416395915101282404334423926828954348340412268412245096945913195655069696.0000,147738867365226612348893327955907634397365477628980216257067261991345792964470038629287441989632.0000,2789828398390567615153738205244515038112231552507794387569145782214654799070772608552285257420347897707622566805705666322908371214168984324669440.0000,1168262581000968681089469080183077279208486619957799471677438914076170032194845250068755764455552919192954342172502100436465166880412107853004800.0000,2646652603433643038719659028995434186775509766336916073824933685392495651436398424721757474342866952892658679056065576456711094860733613150467139523370299107952682304554445654258373914258313063316848640.0000,36160121552585792366136967572746757962365164748279209648351788334387829428989240904969001741179527714179513221615426271212205154608957452534381493415145635840.0000,6948877144228283565515747409773826508463233995054561974334977584427697265984671078845641024271937552000951018813181696902797624431134064745561025680079329615417482710369335109622727677874634541247029600845824.0000,9877838778306986612791643757495267446727950290888904354813706240.0000,7420912312590503596700233215809144605719048786599560017791156224.0000,147908791016748750455095427072.0000,24825043988210587157257327556780097536.0000,2528238970193950453292073849631788266133580807143424.0000
899.2059,868.8164,968.3075,2458.0969,353155836.5520,15451375177164701308100539337666461696.0000,5580735564726054784627713527403244237956342543221553966877590324620754576713926649376682278912.0000,9781796713556990805372563991768983053789110337556867909909289902948488118772513881009421832683520.0000,17774520692477113921636411009911715293255407222485342703428543797507452305408.0000,6103157114883173118130978094309003767317142744218374776640859086126920191663592997242433817423204622384151489282031480438429422540171989905571123700108613730080341797444883026988913243335424534772164831236546565891719285153645765591040.0000,233046974777718386384433536031538107170897319429293384268775424.0000,1315327386678923036740535533272177587164949996941836580211829170818233123409073070649220392871970264964455694765983662341259143546526516833703866643694244124621122151674133053354434638775997255909850425811811292101179873447712485129695319293952.0000,56245450391029095612658826709080105292385439525592891039957889030488795569630508510468582599032832.0000,1647937214944046486223250440130285991399157427765402718918155594699555511340235473648574862810709697134805509229763223232650198462184365530761621568435881229117217295014579052589907774367310845701644779279690801172075138167200221973137989189466240883038452856463032320.0000,26877443707207023703415073414919630491133416341511741286739492075482111343218352225197140444577249926088585955097616791530287614196241962248576714674858872257408690194456310411280979115813508414713162022559215258853603047366845267968.0000,14439133111941682671098091990020200313269481436779031248842990657564097313514562301344509377798351090277358705005393790788475111303409801972711131312205160193120027380050181421531136.0000,997642751216865367874816446630818708548038384764252060522004042468234926829338624.0000,560258653956377258004955223020444213817229784973521667027567480065626917290966980777717958182922945984491283370510248854299869184.0000,126997262020321488257138812517481958517344731973344759010291595384894556355644963261500818127676228537494684579697494671228928.0000,547239702488950856572118491330708871418093720126817878877494222743601118861645285538789021704793286867134199515736812680688394663918328719452590767033615793536379159513074237440.0000,673553308305163538906967829586068539481427458447282031107790600039735473657675938619632214941336700766686071451845693239522091074574028097191936.0000,5348436749575076929844396562951148060634723468524351828085408415081136642031487279194891267714512572595344241885401378238718956256667691605162142924355779299195898256781908010655979405312.0000,33913774047369285669868764697479492776125151659429645927841792.0000,663345991941559945853581247089176754765037350337680724967030784.0000,67624123405088724090880.0000,1023997232545044858283146816190939136.0000,108267165036300920995086653964785703213831553024.0000
883.8721,905.5831,940.7171,2434.1644,150480225.4604,96366345275735539270614112485684650819098509312.0000,825018685651279484797130159893320323997173184981803791900080227422919081891145822512876324337835203420887126007366025216.0000,241857203873657130064466167862438234951248969275025418931049668702901866613178368.0000,417835815309251637262535229162224908714640781586387120176949238320499571528183054336.0000,2133791155367602611395560717216549448000366086097768603518513907724801253093323696212640264463093082708830533713825081454370158871828344202220831976729426897942700127738221766078478972842298784939937674452284030966978085650432.0000,2589800261008757244268002788355199166534197545463599054689665024.0000,483420419252301546226473746240937527122544096701646134113157167991308114052120274308304729182770250406634462212570662985003302142489111305943764483668603387658626064248852298573528198993678666219040438016052176164601789939712.0000,170463772317957697234446927783915048912008684725061850562487964970488008635341004103033439276363920965632.0000,415302354181855812502024824877529059311289878335548740549839360374108264227330225309724266129627776603523461937245394812032762732747950270746596269868839157394899415996423548339013638919696661500830484991758909301993631396969413125675596998770688.0000,2458434519674928653606075384015719723641093045067978575943347972758387889091502453547388789885608371776845768498214003842481043994039530018596908049031749061783474739690354780542516245462919530821868680166808485888.0000,88400900303244377699951736753616810275358247971263478759241346364794111986856865905556442862199226916042239753490982769791231258198158603321756253432552275728765288448.0000,3914390657821006815840288721165535024211366237431477443645015197768304558080.0000,67857357578476750419660062803758375857710639235211653231984918931333221214738455582958454541341429282987853526023012352.0000,2908560927887528249913148051297644504981785112731883415268838028971584676270857612256257339209551467562074542738243584.0000,485208637107747522539443990613341004582179113803862442602865753582485009113106971414478734694621522026351189865265360431854560696017048389026404933858198747342700544.0000,14534625289605331907674085427647284872005023337649148723606529621341462568368828914540927261380793670285407618915362492828297986048.0000,23457088748957770813123772372914601568472045829934081235020208808298913738728340039291090985621707090787069888402702231250590415128310194948675145985977631006543645320937472.0000,508044820100948236240153946046397762960028858077524525056.0000,16646589149794336733167799705231890948385911217777016832.0000,16319551379110611724009472.0000,3747948332986863211065432854233088.0000,4224646737379188067423061022115972014669824.0000
867.4264,897.4804,852.7999,957.8221,4252.5221,201542762613540.3750,43477335909540663438344192.0000,25334045781083747894390436134912.0000,2538475463691703296.0000,4760042282487132863586202813397335602626560.0000,3508315737897.0996,48850101999513709913841380489654225379623174144.0000,10182659878805528788437303296.0000,7160028930801470913086202919108646495322112.0000,19867583537585445704385494471396459031007298846720.0000,220472005062217638877331456.0000,235384444703297.1250,1562759262371914973184.0000,350665497038462582784.0000,685497293066952236343190618112.0000,4669114835927627403886592.0000,556962686184556675127834239303680.0000,55956206679539.5078,93673725118455.9531,2781562.5502,159181948.5372,2900130056.0299
890.7891,834.4355,948.2874,1063.0521,135770.1356,171564001300830965517516800.0000,64409607818326931904505699622934703767552.0000,6732825930009489279489268576125444265285718554705920.0000,5648320064342927495847672586599645898080256.0000,11412905197454737557237345965231517286328384164706066808980498385760190343716085432320.0000,172513612518065392730698153984.0000,1281030741223476911577804200084143587588402634165452184036281175247483414637316433416783134720.0000,482703277489570039387159487923974978928640.0000,398907835378874309163260577614402358756263519300660136342478447516543896042400147510961817868883936149504.0000,7364038158136078695064797457342472910635489939654920445335316750417934064399219048312733696.0000,101012490144204677187200095188126087105235291263696444209191456866304.0000,4828088111958952234868512129024.0000,72665648691894145509961686782607351596762267648.0000,3072414704843777343876527418775657810923356160.0000,42562086009960143378734837061099781176811316968980537805830619136.0000,358230684019208261409261002614304517604250219350104997888.0000,22087108067782962022240593670187620617772455154355661179143184179003392.0000,762580346839753870373027840.0000,4529046666856022111504302080.0000,58422749.5310,241133590666702.3438,32556146844056387584.0000
856.1098,992.6361,824.6878,2383.1785,29143521.6752,66408291719324891379682786666007990674391040.0000,5996478669423003923134282402149296041308709587901848024073997835005188012953105770695831490031624650752.0000,5530950052383376848612230774113852978430671869127094731688993087325815089135616.0000,1303514129776664031640897171676983273901485433283382177290950369242725220352.0000,8849685114977472926921084970908533481553477550147052112318935640803954066685272858021202384869326640694848105443345540097129723743108086753304708428950825213370054909907665624241736037105217323872171210805549727744.0000,40406728032315299772505893301488257770529127648985088000.0000,9285559910855253934949809285161071384726414043378937608342345392557275033184131660320319196676652631661116677744869354564080217414214921006158199595669422797407710863657087460770126944626376499851383677001467529527296.0000,113664309867026135967708768610559309346042588062921620032454672403905070795577774970054127209512702050304.0000,296597639336521875411047458279015184719480853042770995560074764419375165743665717008872108217175924367059748172863367362825686156190795393296959882526987073225449744544109798132740193414726170952388127325456133769649858730262528.0000,22942674718367789159890315045576244549743047755959732617872003098443076863778052698620523703497955061814672685374259479543981456659574419618365533441900061624467530200155354907945099139404585332246889244316800122880.0000,32982343397577210300783425450278417813303597071997707541871451847835979776469408259464220421501832534407985153572426607024353239495844013927485669376.0000,159761018382169037873216232924643550723316323605984062582647955652608.0000,11162659810194277165698688494263754074316160772119288080310757350041217950759327684285275767674471748762672824320.0000,16973877272217737404001931946755047584141472759687786552379514300614870843249223759528003480368629607900905472.0000,1092279719873013126565334473728143229883456174882110728555719084019538231212827867005896961125740749921166122450510751401202848046816366693826528165232640.0000,5949475985075297772729007308831561611642267797051139865056594409396929589942455993492649643148796246810446987060291043328.0000,3388758406508983785760239359805681321889220906022740124289509868859557761238347559903420027721897001445877471466687100871248424205767159618079737804128829227139072.0000,13564006638994609529811627525877572763438975059226525696.0000,164617527462504595258056363154016162262272145025400832.0000,14066224070882138081198080.0000,2240515583853405501733651485818880.0000,4789101451961644694953711348218897367040.0000
891.7951,825.8577,948.6010,925.9051,17338.3761,4737516036720520192.0000,853341037564049528428258502073317314265088.0000,189611976236027945060340334592.0000,131290353569063450418741172502528.0000,831522802263660406517681195181017149618036757554960307779668428193792.0000,245934508230848555253760.0000,70796187496052996093889171971444956382648623630059126961762992128.0000,517591832288300937676587008.0000,321610990845000710787656022721142895706681864002059402324596914710093150289920.0000,42449519155543331942954152142597988771026716605817028608.0000,388404882979448534390608113976405388833421130392953421824.0000,5603136214051472181035008.0000,5189231841859456127048390504335015936.0000,35069761022052550549780439825219846144.0000,4169422306662315249992808195685579084666620843393024.0000,484695638698447068909643928523983428780032.0000,51814842089060745058274960889768918275009862405455872.0000,1212477347025881856.0000,560131431950738688.0000,66295539.8821,29562531698.0044,378360498440597.5000
869.6832,901.0084,857.1980,1146.8669,71664.5580,1212934326718462976.0000,46615301408448940107236918500147182174208.0000,4654988781971231814466955674527631890238131929088.0000,7524081182393606000003351842545205248.0000,432771795236697035493723070034152737203650128791479809462318641011158297075912339588211997021430338834923520.0000,10690457873397544057307136.0000,922831196963064122194084463764779224194360053060805129847099119951603524714883863265916457553776578006089728.0000,310512924262662992539899688784332060604191735808.0000,1926851893400680646330239208536701959139847399299487935956872190891997036981565525615106673896766012754231296.0000,5263177031240510806643589673405818618387416738638343366855134466713573936480043250533285430223111389708288.0000,1937206333469649768410114216136286475319080527398686724780631833001852928.0000,1005105144528239530623111517962240.0000,28574219965880185533946518988389971465349121617952768.0000,17686343216980219565521151421113524200579204300931072.0000,249081356759740127217135502461337965235260763641607650889981901550676606976.0000,964067029176179715992931792533017326178097259278977000800256.0000,21028626403729451355450638391297131507890483984214013791712292270927345122017280.0000,748848251369430783086297088.0000,9899277204716930080855556096.0000,791935132274.1503,53096260066262928.0000,350185247062152708096.0000
867.9342,898.4275,852.0643,1009.2363,5880.4558,151858625724873.2812,302302139965113629495263232.0000,711194437496181529276550479872.0000,11221663730314539008.0000,116915324903708781225554199419672245854919339846630610518295969792.0000,10002631081752446976.0000,1125460247849823812304075645882872188687782764637371286834642944000.0000,563169437096358751998387945472.0000,355790123141116878045948045053845139070198812465356223776615216730603520.0000,3779853366363894221050456350403986274724797814578538449240850432.0000,229043514933545014816888413852443145015872454656.0000,25581411863374992506880.0000,604302686058817419926576581553684480.0000,5812255286088314336102314405789696.0000,29967476931667006390306472313406864341413658624.0000,285499131805983818452373161480099463168.0000,88050326010058243788143798283994597940564450082816.0000,4458902625753308160.0000,349982690220703552.0000,351977314.4537,378973557562.0283,32739776034606.5547
867.1208,914.7342,867.8794,1284.5649,1030449.8935,1187184143218138677248.0000,530422359622174812913861614357750221659140056811170717048332884817012064256.0000,6761373883529012525899660857673515730720589348864.0000,770601481436105778128910606171214031088696638358683648.0000,488641606740247005036821021436485756178727038991311741185024510306240667862960641102826994054460264681345341363997660030173184.0000,30581451764084056154498417033216.0000,802984854147417993346275680409782733212379285740410223009119386734835817517245710366431275743805662041213809542131533182140416.0000,12597249748644747582608566728874177219326487872883944970602209109128249344.0000,2697002621512503804318495161774090551263871738302164375016952003769301057099592848694765124042922051611741603663363080895552552960.0000,779217908731486400791659851420129945195084729959148075886943851764375614141889412031245162928471625663508180661354106978304.0000,139247254689455974160410119835519744099009182362382573695396968925892032616112278554542080.0000,5179610470641224169168124704014479000600576.0000,1376882821836829923791139965747839343872420791894047993778860457984.0000,9796660303953676237837503637264392573505044727960246821404540928.0000,836117832043297201256549830057504722939217038582665447106379724244174722782828872532492288.0000,629315869705517496437614276791635633121305884846086704528557227376640.0000,34756083908161893289424923433239418463054171517761796189339555959273900442933294767365303566336.0000,508779855060279361805307871232.0000,3510363596431975309517206323200.0000,34459244771514692.0000,28784796564818120704.0000,186007829189314528411648.0000
904.8118,791.4813,1010.1491,931.6112,96194.9093,2619606812131593717547008.0000,173000868078678070544179240836384104296480768.0000,211149190641317301630194016606273943896064.0000,218462338758849914568867100026379920474112.0000,2502135777757144394217299553809412171348034161237186355926633673654272.0000,11271167371241311349323595776.0000,21270855467298365912677163564941133103051503225550917964099487615984599040.0000,1105269895774081817027321043877888.0000,1629980110436821910961716971309457043280791066153479866755162804559259397066748806138167296.0000,55876531604396016985962300596894776001301414320045733887813110202368.0000,11225625129926045024202360586556037177869245401241631173115904.0000,532051599517308905360195584.0000,789458589795999324846188829311212978176.0000,80502736896585316310335208039469023232.0000,127088092216958060545690053630536023215035616927416320.0000,1582478745260661590884966321062223384415146344448.0000,1525259812953117672579132049059027709225744461527456415744.0000,11355347992979022282752.0000,126795917731440810262528.0000,489011.3539,173478839963.9394,59482345285387224.0000
863.6939,927.2714,845.0402,1307.3984,617255.0330,17338349804882228076838259785728.0000,156486360845563577689492304547158804632692809379564086821388288.0000,13994826500000757474735920147426425948982077364580810691182592.0000,149353491510292992903184713888321324131058450432.0000,89772712997010065196104745797199152856749433681066328201230487018082415385855151131167735905854084501772198954790032517147656192.0000,2628803840168802474000384.0000,12342961909614360346875575884976957931698779946779845207081158062236113105086833769543034717998452173003536463823140480788487775191040.0000,47113822182222903834194825006320067659460622047464650901666331099136.0000,1481760066696335101817788788485000562128533436216608718291420417422914341369727395460409475031452858165516594483840124190720.0000,80892041502420876294774871956866053900147355939462902174831643395880922761382117631180892704380477491132500617359975113304489074884608.0000,1228352486183133994326782791037212107037292414352430390972146054037542968372494336.0000,894666156326826457074207773523793936384.0000,122216053107735663378052717025234454582653037632914249025060864.0000,2130201690877157506320156537780340299332997437900108882509824.0000,7648593242767722269779539146683626105887002375557682395834021390901501988649296581361664.0000,4738739181388185898069732954927697283576876931070095768764724491059200.0000,27935352433396967679308120041754098300884979511352239257092583780737542763639460744432921346048.0000,345768941301777619115417421217792.0000,26037619438563013975938624972128256.0000,267820049597272.3750,53185792532104921088.0000,707635782470349799555072.0000
878.5139,864.6484,893.4946,952.7889,5990.9563,54661950651003792.0000,724732221418492768259407872.0000,10694375611459769997301866133716992.0000,5519579203405493.0000,92540950608839942394277838564279948589520907387745075200.0000,527877567672851496960.0000,27361782734037084347063550929620269859664262566544330981376.0000,10466404532595906560.0000,18168719915872542770818647016609347808104300554491412733500511997657088.0000,180339072868743338478290987109459329892152614835760136192.0000,25541747279274112741634118997298903559796948992.0000,182828056779936989184.0000,462856403979691175793102092763136.0000,46963372306978251463412712210432.0000,15091548670204724915273982737258469174280192.0000,31250151517212404104083135272721580032.0000,11603999859934530588708061275884146035364200448.0000,2834359491100337664.0000,344611974443410688.0000,6983862.9955,29840219143.5977,16543702764034.9375
863.5433,915.3114,834.6030,1077.1379,14602.7233,1392554779118627454976.0000,23433575278513020207104.0000,68417350025820297507598361633857994752.0000,87955070916015898624.0000,561406740763804571126512810087673329079425037016730951586537426319835136.0000,15321728262045612032.0000,15322928356487078538253205944894810228555596696733719394965776730058239349096448.0000,78000383280828678420021545675660460032.0000,1535836421880077277078257650474624119985963131693701127350498036365344139541259223040.0000,119583529287708267330019398979999209211872829544558698107000515665244172738420015104.0000,8533575118368781372154208013478574806648909580992512.0000,47053589745948323194339328.0000,130781093905007807074392809287176517844992.0000,609737497939716023267344786178657222656.0000,1572385052433278827471478717229360494464136231920861184.0000,1923107575986662721776299324642741470114086912.0000,154367752147643517756915321783269998897913173596813314228224.0000,158876257763480228069376.0000,26164789474681323257856.0000,733721362.4344,38805346831772.6250,6664017834191704.0000
888.2123,859.0068,926.2780,1419.2234,1127522.1688,275105456088105073220220763504640.0000,169454799099800781577114013707674845184.0000,115388547738461529703463647338391220823549901131810791192343187816448.0000,37224415565852677421275706468965365579776.0000,172306134894633028972930835157345789789419751265410938399457522306362305859671804396714837889035685297230613075377722030911765816471136036192256.0000,17082520482903290552942480749651491291136.0000,151028936660959402920203293040830390851842547808598200780079480982742554744799705383671024825516001296683136630042003609681291655536444634607078946635776.0000,35443512354890395987048386578716242456781138736386670592.0000,286571835400710172531203073562073250465208965421241768252058486001636725509599676225956769457615778994030744767392760208260421477713075467394622819458391666296834259681280.0000,398076467738901069895049801815223701369962069489347038807542736394576706783670911877625438702559621764518624283290183016585015616262378461241278464.0000,47559065738978567217374967770826373877068929844627089285568256732602217413823516947431948453141263762687556321280.0000,273411621749265547229325795056441568584938412834816.0000,110503786512777387005682531638728419083411472938581064810262651046053331536445440.0000,49289511939800707248667467929981702055493297565694210074269495983177671376896.0000,843635614610517666400384476185505286143724811992560566508452421313822851581771650937257029289253168692068352.0000,33771407003611833119991005174421815969305392456743346538580312441150977075894008821491695616.0000,60440258964269009137077710127486345264020261132348633999881303772840941713290539217463434359104452262770188706906112.0000,357487840002746141550618375274585867157504.0000,532735183939867192998888881755154878038016.0000,12267548814259.4766,200371874619572308934656.0000,2443920400669411177917325508608.0000
861.0100,946.7133,822.9132,1634.3520,236570.0168,6340584217008950290540905967386624.0000,738382182093487590918489099573616797810688.0000,689053143023191950795531616666063204700026287421585005099531022440977137664.0000,45878429679352370935506023743488.0000,49790291891649085374059633894098242782072954010951234743692791745865739434353432740512105312055694574751364333539739492192610076858655713525760.0000,53134583462820611724269371221494965731328.0000,292196672597628219576085965195928845216726261777510527895534529154787957411754855225403814831611976099049626168720418656692045410077729196029345701822464.0000,9344040491544618541338635622479421285078258062683879243776.0000,17653461590259677148987303955495169441100832217086913435658545505590005462180577061479170276147033878021581350536780454700427470659656229637651129923192459619935599984640.0000,11026736144381821652364418670488020853959453756519699579660555841261635414955172332282083695235794866573488434106552905216858213136306232969248805018927104.0000,23335174938886110370595398182328396858313285669759957025452781009979905904169589007337943833674020980523008.0000,1188615749549353346711081369948374202244541710336.0000,67445790648585478312846499229158660265875960010713192393645709956890800924131328.0000,7148712791130223391730798160654035658970388630015415391844236465858425126912.0000,5454262289311775466251578281096679358008679430900691521846067473163269976512184490513528023155056561881088.0000,1354807808915040820395557320401002227456257018373087389057133244192145472887313224368652288.0000,2020138928595902273043692443078454765730861982660927337622162287753819060667890298232338402866124956813713146380288.0000,158621304280149490250478331734999155016204288.0000,321424609961717776947148502320831960973312.0000,1190943819404146.7500,7223237364283117429325824.0000,539295026699911863803693760512.0000
926.0340,763.8569,1090.8263,1476.8635,15930808.9058,70232792124502024712022392832.0000,1421100223605592006233712054241817663151197935012832237516531628559212478464.0000,369356054402992414390534576840981214236336593601680177758437198331295825920.0000,221548355717039809748926271297853246827111149237460859464187904.0000,29269807401582879920503768658194728854277090452889498848087437918771274975246063350138592702345602133117885661892476215418130350471023679514507447847898643906556314045644800.0000,7600796075550938174612805690239902070604962618933248.0000,2078138580227074974532351768384313789174276232773970861608390745041929737418445761913048957936814524100640564181559880036585934648390829022949193029257715929615703866813186048.0000,6001701580743476695900086405727945091990646488088305291231232.0000,59933100665392322215661171817405871149030884688615355019784747176410542212769080217675619100100638746540357227629090068398397288490538116569689603235578708026397833818040797592639401382176200726449500454912.0000,1725954163741155747342157429328525776499374442160498178974131471997176138247646908504110661578339084194357741894699821496545165983550611261799177174810361856.0000,134065370959567675155631567525381357963898571163241097870232065210089096755655281385599653618402812276909303325058384667963139740332880680722628608.0000,4478010560242974189299009898126302254314664762280338344340619264.0000,6956455667176406517750829131667111842992877894262611610342705577145190869284879035009005640482816.0000,202320975382670166431482114456021369333878280646612953187397515491806921162048725694958673068032.0000,22359410219409339100381501429977214915865567843456260407590375855389552270185462885049289319714000630322818443203739589445335390355456.0000,183091655579095512438738549954937948761409371928160623344531626105311962813543656620092930440867479712457293824.0000,14878485502579757209811922399827092363840938753519510499007982178463553712304945161771400986584145704352548333508769735170945366481648484352.0000,580223143154081245273333286291826481119100928.0000,81289780820139214250219849693336136311493361664.0000,1257207864494057.0000,22445879246617002498850816.0000,2294337582785337834988009201103536128.0000
853.9146,969.7662,800.9955,1723.0149,105786.1877,1821669494846057425341481821512299679055872.0000,756939875931475335860705139882483815687389184.0000,3960922867440791680142869642217087088384119561164113686773962344700575744.0000,522132137594847284681433197576192.0000,523654734348890356323405015891153424808464184543906049223503999380675634849826064367959077772314139962515182786517996828098308341760.0000,3664362097971506611027653773833444521934848.0000,1246569097262226710201067153173622421102425067830175422326694074874383810369227888730403929008095230141218586570996762618666721144538543691923456.0000,6600155671625744896666788437939667326753706455764828160.0000,77617245392396417913200676740946908638253223197443726902003370101738590680009615369327830010900027321490979002817379681744290805105344294675914264843725724765070032896.0000,3154739383568278341882640024306846436786707048707920251535780000866834798905407593925309492009955983424459905812507955281365710425857189615266246426624.0000,29367833081119482518713850979952799768343174467957005612878676981615883427831357448998978221332496384.0000,7601935716473097957210058851401380965367414784.0000,365392368339839515414131601494197054168333616427550244988153553247902004936704.0000,19535395986287392754802195494042280613771466096267350880753409993864118272.0000,40548603238934114447269383311151000359948130949931079228144442275073127125655860685756735120809656320.0000,907996650371029959270981111437503244793296738470142331638379674229887147259928860688384.0000,364444019013712125495797117188893099650643442108188270591685452458526160741687201118194316577928584417953972224.0000,5140165008814243179268429382801112781840973824.0000,75953097746171152950275066785968255139840.0000,534944904917678.0625,4706653293246347873353728.0000,48360679974724031781646893056.0000
872.7879,878.7800,870.6525,903.2752,1810.4848,1561537146.7491,7038509006649714688.0000,8935204475450.3711,62776655739664848.0000,251541666778293657351217005723648.0000,112587049.0590,22117445860062616628923631403008.0000,181192306385315328.0000,11707869228218060027700707328.0000,1930158002343282482028660916224.0000,438759011698988744704.0000,36365748174.8834,6693090554533778.0000,2440724740591911.0000,6176818866157539819520.0000,113184663647906464.0000,47838573579173269340160.0000,123324075.3565,798421600.6616,201357.1984,868779.9065,8722021.8618
869.6985,888.4242,857.7827,908.2965,1140.6425,20654924.3705,277390443693.6669,26370637497409.1953,152105728.8149,12887897376441473492320256.0000,485283288.4573,271067847823901628511027200.0000,2453691900221.5137,357894764497023986859157487616.0000,580181343431562177458208768.0000,12278516939606824960.0000,4249122764.4363,1470565273862221.2500,244898377921580.1250,14578403613987383296.0000,18529805526371824.0000,341602571899509604352.0000,1023409240.8249,201368019.8058,50486.2682,973059.8367,3898596.4294
868.0031,896.4050,851.1799,965.1934,2827.4436,5281244524756.9766,714177117616288384.0000,2226489718778246048218349568.0000,19016474424400.0703,35917082212179566190017633544487358337425753505792.0000,2413340498261537.5000,10053281218019042852333758081919404430529744477356032.0000,913635446227156467712.0000,4447668496618607445662693636568822810814562847289270861824.0000,20583021573127037772803097582889311269355673645744128.0000,5516101616436150846213736490600497152.0000,144197593224136864.0000,13007810794102365774841643008.0000,1021998757418542729120448512.0000,9003079031887238914606435564030787584.0000,16688371712075557509943376478208.0000,4447124847950782707023737309054113939456.0000,9726701430940626.0000,1018809603888848.5000,4874137.7197,4764000345.4737,179519498982.2065
876.7686,868.2221,884.3573,912.9641,4958.6865,4087831168.1935,4796923897954084864.0000,9243990518897982832640.0000,321881969069785792.0000,4836856504582618528173522198252951375259252031488.0000,5366226561124.4590,262848237401544185433544944298679050431896555094016.0000,34039824846347797790720.0000,233875518186807859157530485430236690826971880139784192.0000,5166807946950491059547190137662467981273118801920.0000,3076218918580322928048553832124252160.0000,374970473698718592.0000,240667190996597888247660544.0000,66921361250212199746502656.0000,1529165774103537763748635501351927808.0000,382584406632975103752037990400.0000,260562199724076310648845902179991552000.0000,44491700273654.7656,192403486512666.2188,1495065.0524,542848827.1861,76865730835.6917
877.2199,865.0910,886.2998,879.6578,2103.7964,1366334.0521,72422148525056.1562,4363193795861.6475,2484561903602.7837,28527632901081259425479784398848.0000,1217257288.3357,123830554633143132209807896870912.0000,476847661754225.8125,28778301055895493293811052444647424.0000,2164493610262481966721715404800.0000,2194242108041695147851776.0000,1094432883475.0137,311758284128542848.0000,171209583533105760.0000,578222322353344012615680.0000,25405997480657289216.0000,8910292130368116284719104.0000,1258310769.5128,3893393298.3140,54370.7870,1637913.1199,47031736.7697
