2003.2846,1995.8254,2083.8440,2060.6144,2033.3679,2005.4823
1989.8343,2013.1786,1956.0220,2704.3136,1983.3638,2034.4972
2013.0091,1984.3343,2952.0123,2233.2210,3056.2271,2223.7008
1994.0020,2020.5015,69366.1427,85752.3326,5628.7012,4151.9912
2232.4056,1861.9522,2734009446782.4629,1866015063003783.2500,33118532398.2000,4207863.2909
5245.7926,29835.4626,386281610618009416075372727903466204044581031603302336033736700721067900571794491251359744.0000,858297250361063646629596552089467338619090315664092546958290868545357589441746808183362715400859038024466432.0000,12165885581939700571941191483805679492946987377076936060975448064.0000,1900407920268506868721538413447880034696173463462215680.0000
2648752.2150,230317.2143,588924918384443283222737466849732932835614925179154208172542536430379020145756333602683543972059022585493853356135756841512299930480043597234176.0000,164978195560229193900764215439532572514516040248510693768434679673937155950112615309703931701778847565705135193578044968056285533768518163311007978676528746678525624320.0000,604430297261338059213826660523279875675250028578141268238159595364602327633551159776052725821539087459540105197349246448950614887821853505652641875518216232021325822503523421523105204927620686085202294865920.0000,544213501226119591380127271615892148047433465295851011660860326221578267642575977344009240576.0000
1068911.2040,107419.5593,82289615349578619974380818373874429956445873281072570365606790471523356214650558289440755867431278228928954417193667105413759580221479220491484048732602751489509687296.0000,294831168836471895776551902859663938946513945350624532087079321430104288652624852464991416852150335099138791049185700194521461127325710811904770617389779396928341734898097007205138708450827078393091189383980480580875307723606677970774246551453696.0000,944301292937661451359560858633598250697444812156446772907279184833791530978369274915373627914108845547348297462412450626057122349056.0000,1407175141427811497238067007759508873492618923235066943768300246984486823386136129951152025370624.0000
6659984.1551,26271.1835,1596682220730659294145779375411700517474941460056777865548620801202773787708227684734256706728656867663282176.0000,3275446675288515715584260855044793114924547318857356176691146943112542001683878712620295443776483515800456838703020320220874423607019770233577537536.0000,13179536517232098623237300500330111265269009080576713072398950037048583876833833991179506288049134191394103887562375079260204302336.0000,2584069245759319924958089848591276919609799644012894424804622336.0000
893629791.3780,203928.2714,50902451480151479348425410695022524935140117392670407848988793766749445690380988847498255888526346013961292924833348258656064677304168170083617246927537828873566292243688771301566466924571843574112871788342266989614212072715037828660910834980670314098545128132857472766098177785856.0000,inf,589928859672602528653714756739952964652932293525579091676851265619443305576518545711630556450040835786420883622112233808848167426307372614534004002391805174287639248896.0000,7603065425661578842083341936249858277426706229431235677127859528315662945114999874257460857455771648.0000
9981.1948,3451.9640,1348082837416780881866265031596361543229040248126190776379821082945404272640.0000,12248039796785213620920110060646225009123854550516760506748878171876536074607477700826586295758750656673647344309885772175504268328960.0000,166994701531869926072699310332678047660317472660127744.0000,75437760062749912065061517977147549838674879315968.0000
320984381.6246,88607.6236,9719685809482155402763091640999945418463442658807035449737390006708910292377052826775776184784837447886091180413170024447112981942119606588433598438256212901927915244213709611162220275348764207677662219071831759069310823995445334414071910235903526880669255093150034935914754425231309889562119461626970112.0000,inf,131188128130617537178795554252764519750533065847025192731027797521638337789182740277561807061607291297684072357551196161080432920384068488793552908789481472.0000,561761677663243490936374829550662779393834476221911871705853824414899834115209516842204371525376963128484169777152.0000
1739803.7507,75138.5581,2639538710602671252207665402772094326207099711725033378770584492264982086512050717112910530185383266898337875263481597872771547595124940174924250611712.0000,137872370591762287373247491979215818804848531840912151429805314467720506085702562662764363792254769595767324182708253469852318409097124966809807937770547774116498574164322101143558032127288741382519220782214656884211712.0000,1915565479166021799880479511270168524089849505154626649942704944212421233691374095451548913860942025973815881251471350786277710982283264.0000,1787048915194499363081944603498505665623904651527153626430513529701269504.0000
114589596.6141,44773.8926,3712034703826711896904005216474344235069818550483359247848239932595176674090127493767940016168896652399451983239663572681090777226374146249012374698097503165973082479933218863579166392028795443772172957623634439474313318129795345177341244349292100652410957648612963759771463546731810349289047146247487488.0000,inf,68419498357277802860369437380164732724193530560227146464793649243999228350473175040.0000,10314566670404436797216759021717414244449182272873766449421158990166348393245216328502124317395390114591539642532317653886842706654658560.0000
65229514.6606,224251.2055,1879885306465189077495602442061099106736588519407055351271795883677499301293674431826944353410127212962689453949339735061139068794207057756427800502597866314156236435531548174541773886048461503368694837933213780293069654449955756962125566235901952.0000,inf,1841570212453025081007509966714197914709550117099673327051457548033332396718909007814134020165286904437958839147493549583649989307296984187510663938048.0000,232854016207195092317724641628341471033744539942571627307833403707596691977331201624955027002838624991231819256837439488000.0000
7464578.8950,3580.5242,2908110223158274598549383500963349614127352005673527505234085972884586901745646810729271165381488690267379743875878598380835970510209434179590617676218234841312486665042535381828466716601408467254883760794648626625249280.0000,inf,24805762670162657702685043922780938946704003151499944065792220349868106094546635456512.0000,1720191747622040867735704377556964610219181557624696905112502353354387368181760.0000
64888.9450,2399.7879,34655792251656334503028493064606788459555172432625288142724299175211665966618724635155094783957227847521094598656.0000,10319747929967296177817592230861287829423317171173473724015577896361061074020256504509528871968883590642939368948478853380076607809116071218110184696443597785440719535788261376.0000,69122483384230261927746388145770305778700255232.0000,24802104714672519727307225563136.0000
225206.8367,5391.7545,27235071274846353097885263766679376503181571471763805729518394843696325221160372674278749162774925623702880290601761698689400859984117095809956468953563113794295742762844160.0000,20046500905360713923310787669438177667025440200147037111304370793310900363374166802442339113073926164454359418341280596292230857673735291792435544901426820638063129998800532780128801727450275589508263727005747101477660608943879594981366046768075414618598824431023896737531687203115852890112.0000,603059078049733773685147385193641186317907910218849208376492032.0000,3573124437660206882741882489254672693709377431970775040.0000
245837.6786,4343.5803,414984082395680199896676719816454706538846644281307398169515520103297442233399224162926497957179162893256923848882520239972475038631299234851192832.0000,365699336028662706218876356748551161144495899815732222375607522040208710850657920208188996701191839734936810030604276240884164324617134681910729439887035960308790930381523993189897111174583850254843433750747493480145221192246472706133833609495969290520632999386286129152.0000,32702231042271732433499785434574202721754992126271105006353145397248.0000,1318429013134291771728739152219239101996900370350080.0000
4845749.3945,8586.0950,927417507413756502695645108181811593152270785214366637690350330120093944264810155034868483130775214061029811617840203677623092251239386919426418625969444867078983704602921546804295118161497155485922118015647744.0000,inf,6489441753881698631075772555747454251019882684660455871335273716159413178343164932201481680421587517440.0000,59519899404068110588089218346822736495516105569912271948685311475712.0000
515342.2756,4035.6570,4438098554311375798313696557817839639033101997643402509442595551550757270018560993116387163206994301430042822220892327891053867727234461853434073249671216803872768.0000,inf,767721595185471716032625167729481788630759949086201217024.0000,5031435746337967466785274469813966752513742167892233246513608878194688.0000
6422694.0244,10292.4353,871597631667168449981416348216714087545348480346701651280911676210469051036255795969167902310443517692542831888001787489230179052862621444550043399046052333615378671888501923360571380880236455778339328356035208249411528294400.0000,inf,54518914637127206186614548505242489748112050571205109864178937261988639136178357829996673860869554176.0000,3021683929881198423124539671047939723650093474748975914460489096761566522507264.0000
7028.3481,4554.0689,24726271288425514644129454456092988068218416680875303141709447168.0000,503342796195038113943712641796224314056388062785559785139506533848799279300128378145399790978237856034643569193231289365037174669164704432128.0000,3326729827467403531469522955403264.0000,388312108960388159166892358466799983919104.0000
13643.6107,2744.9399,852336407292778044125155659355346392552209924833884593397440708608.0000,549848533701262010393516883451850553487897250177351959961574430529526507765647146204711210708222424852491475835516784126443222920400470016.0000,126360342017924507227051935657885696000.0000,23564552726398141218565361507105767424.0000
2723.0392,2821.8700,1831556289828524585038381559316480.0000,241012520882465632279980129476957912745495405787086848.0000,25621753606933402993295360.0000,4931181710238.5977
3401.7359,2783.7302,4736736095234440657771391035592636268281856.0000,20333001802185424427018116833920270939964927999449250731381412155345694117054119936.0000,6187228357256770.0000,3629348716945240576.0000
6576.5241,2061.0786,70676631126380489722866766881900321016783919103606784.0000,136292868671750422280803814114111722892248456171434142784377490766964959429187627300204448846157185024.0000,6155769173598490591232.0000,308000258419636146536448.0000
