841.9304,844.6252,845.7635,831.3037,835.7671,862.9963,856.7209,824.2350,850.9840,831.9878,858.4296,837.9623,840.9399,832.3049,835.2348,853.8326,821.2283,874.0302,835.9296
841.8763,846.6569,848.6494,823.0485,830.9370,879.4680,866.8737,810.4538,858.0043,824.1829,870.8034,834.5719,839.9545,824.5694,829.8245,862.8377,805.2049,899.3449,831.0671
842.0720,839.6442,839.5706,855.9399,851.2316,829.8487,831.9881,861.1753,833.2387,852.6327,827.2439,846.8561,843.6733,852.8973,849.4557,830.9943,864.4943,812.1683,848.6681
842.1419,836.8924,835.1790,864.8519,855.2404,804.1877,831.8547,882.6728,824.4416,864.1724,817.4262,853.9236,846.3533,865.9780,858.5268,822.4042,889.2710,785.5222,856.8836
842.1456,837.0460,836.2577,868.4028,858.6064,811.5691,826.7828,882.4779,824.2376,864.2228,814.7277,853.0879,846.0064,865.4096,858.0941,821.0221,889.3264,783.5669,856.4252
842.0441,840.5776,840.6015,850.6497,847.7901,835.0533,836.3370,853.7500,836.6559,848.5211,833.1521,845.0542,843.0896,848.7424,846.6167,835.3658,855.7601,823.8014,846.1270
841.9913,843.0637,845.4875,845.9758,846.5513,863.7422,859.1337,841.3178,844.0990,841.3585,850.0418,843.7097,843.5230,843.2243,842.5496,846.6303,841.0397,851.6688,842.5022
841.8679,848.4275,855.1664,833.2035,841.9580,924.0138,879.0805,808.0855,860.8222,822.7716,876.4756,834.7214,841.0055,824.3094,829.1644,866.5560,802.7238,909.9879,830.3641
841.9891,843.5908,847.2304,847.1860,847.2990,871.6466,893.5651,846.1310,845.3083,843.5401,865.4579,850.0329,847.6344,849.4357,846.9873,854.7840,845.7630,862.8083,846.4973
841.8544,847.8621,851.3194,822.0612,831.3019,895.7536,882.9818,806.3212,861.4285,821.6429,880.7456,835.0585,840.8277,823.3878,828.8702,869.0401,800.2334,913.9902,830.2233
842.1487,841.5044,855.1339,898.3445,889.3290,916.4933,987.8597,906.5649,830.5771,873.8783,879.5421,880.3684,864.7465,896.0686,877.5413,854.0489,912.9267,835.3712,873.7439
842.7253,858.2644,1001.0018,1417.3381,1369.0518,2001.7986,1005.8396,1047.5808,801.8221,952.2258,799.1692,915.9572,901.0491,988.3082,932.5314,802.4111,1095.7013,717.9832,916.6896
842.5594,1021.1389,2608.8249,6142.3201,7387.0354,21545.9052,1756.8532,855.8080,1006.8809,862.0318,1021.1915,873.9071,982.4031,927.5146,866.7745,1004.6810,902.4968,1477.2646,832.7913
844.8928,1718.5507,23910.2805,130824.4410,116661.4410,7933532.4133,5234683.0190,6013.7855,1739.4993,1613.3335,61873.0746,6876.6860,2500.2977,11840.9327,2736.5533,6840.5896,7327.4813,62702.5925,3496.7455
848.6367,2329.8873,44079.7126,97549.0562,151843.7284,91887477.0727,249730939.8286,41137.4525,1808.1209,3808.7448,470044.3824,27167.6314,8633.3015,65522.2535,9927.2669,18997.2845,52748.3178,256677.1690,12136.0104
4793.9860,721976509054.8022,38584152589627429172019200.0000,895403441666489995369042199707648.0000,33344655744634728790372462362624.0000,3660371101189923942542494872435597409669247863375034527523146825728.0000,18842425253015926222022916715571374763025246277115032465780232436082906285802435692251177695437428223826198528.0000,18482886096613415464628878377619257672423004176384.0000,8904781252725.7500,732277151753668132069296832512.0000,18705772484750321781676987105342397329654829979365582730849087913984.0000,540545537084259160924897662792007363188582514688.0000,2213888657224718538773769486336.0000,19323257060013824380595226027561449910962061003718656.0000,13225318056283934766472062044527919104.0000,47833249975231104987087239175003323005665280.0000,412641211531815161624812098151053112010799411363840.0000,10684104619991186378012095488473947534859969945021710336.0000,697289677448158245721806767837497262080.0000
4931.2777,3741210196102892.5000,444129820045418434809298944.0000,823830631066811038068162869748857848702970185646080.0000,52148823330039322506076959665141761455525023711232.0000,23768717891461682596528362671916551107456774391252542106366485038606235830583296.0000,209394304112918334041683093438880795217905460206587369243959533980924884840528687554101248.0000,64385187003216044013674959132725960266219520.0000,661920803748458.0000,2919580647638582649169125572608.0000,5853012034364809799086771970693921185798485098627072.0000,7274730732872185086325640994736622796800.0000,20983924146599403315078889472.0000,933791835342400786935618816612076921815040.0000,113738088868580043972113596416.0000,51171329429437064831809103931331575808.0000,20887727551308338220838868877072828557074366464.0000,219310065780630448632229609317372251865088.0000,329456391542847152679496450048.0000
1133.6583,57436327.1043,187794736214206624.0000,122311954223945526280192.0000,405936254782869497446400.0000,413971743786513354114411945860792320.0000,1568769713645793496979237949249945600.0000,244772593024148224.0000,99961602.7358,77458616895.4859,345940847658012770304.0000,3312234718935925.0000,1981824611.5921,1917733119247408896.0000,6498712090.6337,28232655541113.8086,1659307354845274624.0000,118363780841248817152.0000,667265560304.2158
4158.2580,34233950718943.9102,468174406948125551886336.0000,1127036913156570424755764592640.0000,679911616618280607474662768640.0000,6577398339930167006026969271919624541824668844213403648.0000,680436918755839329166521748827883596978454663227121326729504853270910544285911524980488731709771027947832918532947968.0000,720716842504293519972935732391942210349538008367104.0000,268002551206.0481,201728764639302259141547724374016.0000,3036057549014413609400268784588628388607248459676536096886162125225984.0000,11619890121755273428723098608461843098450872238080.0000,1595350934326766050867515182022656.0000,65863603621400259399220531811393039483239378234376192.0000,6892805724570583475910089089895404404736.0000,178162478357516400184107594325316917978371981312.0000,26659619821653294763568008507092826263433315090348113920.0000,19192994909788525393740385165562302891226334591188992.0000,34115741222877553318424921767237262508032.0000
52744.5246,13024322665112125046784.0000,3743504735405673977290884700642527256243135840256.0000,4889077425356783600190534125433182170195712245696506795649877149265457840128.0000,92180572899283895688241627311652053682493525227292590080.0000,211190184013904422173925722169922208176257355864632732283300317869794041287147520.0000,2355225935505682871753319918388190441392215528201924317057032720316791483918254746173868912177609773728642606364520013687903281600902391195796114816842417171333120.0000,2637815547344684763969741251746165751270214699992017623886937259507712.0000,3957071743845789073408.0000,261694545737256339970243956628515774966701043108827627520.0000,174790138758119409623506407228123721186513499940852124305841473738587759688014481207665578584600626593792.0000,381557703387095117431971632825269589583765224215435022517730002553496666112.0000,1119471991961292790477204095291103761247755329973438979183130705920.0000,389513224653485026678905832048504098312638494720789678121290853712396288.0000,156277560876453377986170865869841344240188330408211817143055180013502464.0000,485625271882536968902673620388586498977583918056055683324661598286626390468129193984.0000,76935805705613781821053968206271733376886828840694445569283767597733402116096.0000,15782250739308041338073129442524115146499074753157620957090590190557854695424.0000,174053033008961148502791779516126400621136436533268272354689024.0000
17848.5084,14414939734972278888512618496.0000,109832704783707839625414487754356111131457617920.0000,3956738690685845125181398861707277395589824442067171931153691560051001595158069248.0000,22514029453717364663680948669306740536770359368122812148768422997524480.0000,48533997348662094825820566120613389489236370755785231831152738790066837381396076622710408093615473296198184344941292586174787878912.0000,1228462416134685916781176915813786476216755295192159371772068904312537514250428841342427046346752.0000,206801827987898068471153124173676544.0000,27964171092947416121344.0000,199635877666959865937970331648.0000,44478119006009008162426595516152812846664646656.0000,86299724478605306752711071652380672.0000,201129227109319855180970096328704.0000,190532805046813636014275019445544943616.0000,2203686283938854299754299392.0000,41165213769532306257017362869643116544.0000,606890855157564525160184993339367391892602880.0000,67273334722315817670145874791022161035264.0000,12675254704872072658550784.0000
36359.9252,24310728356767092.0000,509119534932788544609976320.0000,13737873800078113183877773730585287863474195529728.0000,182182757992737049640239468904448.0000,7203163643855925588039764951349285510163583658704095492922408960.0000,1042334250316334089698040077858890293992698588043040962982226719724667387382298101575326841546034933031725722374576214633830576988206811713009670136074522679399780345724399668051530743808.0000,180847342840889794340372841700454317908643836491950751037312173428382048976896.0000,49086202724187668480.0000,74353291074095984190317470394676913613127040406019637248.0000,905961288146302178674090200671972144787761140907035362526329551607159911691102516326993255861864297883811926041952256.0000,779616199702068008146944099798731033323481656466493147662784544799022769432952832.0000,9622130614883444072360029791383342919973987089403162327515136.0000,123385095290346871106602568250384354570700903682695955170154868874707449111642112.0000,15912279543412692360011826941516086591394716571911816499631122022400.0000,7025396099626627136342997797148712294639256794882900487519183697729518137626220036096.0000,167857568566006156765052350072438881808460946928457272759899562309300585545330589696.0000,58665564487060500631805108460502263955394993987255900319015458182867006319659717754880.0000,128721867971083920892531199285141925829732417152391724201997762560.0000
1950.5560,177541649.5126,15308060260370746.0000,120159785849664944419472796549120.0000,1152876575570792284160.0000,32255854033735612628992.0000,107271177573935489962888182893321665042897224859648000.0000,34221684734847536330407166345216.0000,99271.9596,19726631451141535581601792.0000,23460071715483345739241431760896.0000,55616778797987509291888672768.0000,151776170141836029515005952.0000,367311124443704144041116434432.0000,729937823665068821733596725248.0000,380260870845179418642481152.0000,2319638634470830812603665021973561344.0000,813494219344712.6250,28466435223965500811771904.0000
29082.7067,763122675632210944.0000,81626011745022717630649434585569662135697408.0000,27893814477215120009541954342928836437134184116387840.0000,1395306879399008903467368448.0000,34537998555273090116037817055319700505700363152067921922179007835537408.0000,965346866110041880384824829492721622447513844484822791811789619000583794829909864961077091438720822107452715346346824631295825045465906971738370682232612315877467695588835328.0000,124638206579000818072583484656440382915858718409282982977281097383312097280.0000,96022990585522464.0000,13502109513561386844753986018394432009727609685870091698176.0000,3627796560596458889873400049801450732418106756706930704739097972306818193204092961092820916385419601449888368438542336.0000,28315328265798022227616993273789798788579634356015456655396165349596193729019904.0000,17001040241370301156769464763778152788524097437531073874815284448067584.0000,2953404947385657832400109972880337664294732499977211185777968924461635110699008.0000,20537893354296724729177969284532532771101706104946126903590389259463294976.0000,15736493765256956247343720939965409951928069878679677779792291958544501686597183315378176.0000,218215186607533142920810542285774745681050988424403469838355579180656099328.0000,6542713723823832160700957390073841810097444798856344571383271212963396410360092519236108288.0000,3422528881751581394649686625065253900232222505648670546706449825792.0000
19877.7561,8918258706544.4082,720134870359258095414697250705637376.0000,86745565987307030035461275361435621261312.0000,1830941372063904000.0000,3090643002476152819214206066858948354919013227167744.0000,314103554815062209931953454446213586462137475412641838796449965040930925702852157562337277994502320568730075547163140715170084952517975928647427447653454703861326360875106304.0000,3780866050593428177410681938500169447768341881334126952384651899052454496973094912.0000,95327408601.4643,14423122144452965614942404124342607293308610926546828394496.0000,3989637086574318414047790034650349272212402580389689186362831360675008112869069864484314073042063438393336922112.0000,177599563193864489072054619179190642994227121322518091334267560698288095017041920.0000,353307485272419598098113620847651785561679406629413552006952386560.0000,587147037901177687192632512429486759923820121475116859700821999822486556574018961408.0000,1290263283475517567069554913857252265039420216491377863196201713831772160.0000,61829279281692538864046271988258092945471908726720698391732547256230083651698688.0000,2025748941862957820567608280004843569622002033647313035897557015698584886243753984.0000,38862777304242707235922610367866679825944370985995486938865041127904183338728947712.0000,43330735329074047396634269073467643598312900621177884204332939739136.0000
9505.3979,4117749299310.0967,1931187345367633855033502597120.0000,15112407315262822577774022390308675780608.0000,194620199746221670400.0000,144069857702193461923042798285168228433920.0000,2030600404719074831568137360022642287094527530508309682083687458816077695237301715899439691411064791213215686478535592557456392192.0000,1713186827609136453539196798524461927413699735983471186866601984.0000,10281308600.1355,456564075907406725013919348560589851082532847616.0000,995211330545315106862047950806864030168629772846141881412561694117592036638176837632.0000,160457390032412655639366545494103886640229468184992937272147968.0000,32378347388805927194386537281181824163814063866904576.0000,567636066906330992308016527651460733992063250726869955491397632.0000,582175263607316116225737499209942254653766213191493222400.0000,396600531431435512551626237483204242610643968220477966868545536.0000,32678790700369236636354759410891732832658315114293629045698461696.0000,859421171602571797054872575455150510879942198315760746496.0000,32950320507178863142456395162603497949484420605935616.0000
24887.9064,225022230540630592.0000,949537395253727737734533809046552576.0000,1213533256150854628065653678046913642504482832603152384.0000,323589574727028915585249443840.0000,200676677353896230639023047835203494574460495724544.0000,14614396104336435867678186176199513249651302851569786678366879404219930883047920960609719970804114888965857562319983695177990946439212548353069965901824.0000,15841492113726135130968863386573934077681967972015285554945580549013504.0000,1221486342087951.2500,26454645715975388992737213434902142302798509424234201088.0000,473179183398128058554936797532613960667226174837864485243450820799478531400892844923942462073864192.0000,1810771074585058810830391782352298258401225357084708846998281226526130176.0000,41293717114014317337803622542231162802509814170549015973724160.0000,14779753696286826984546968900612375132518963255092441932412261723275264.0000,513970335977044879037454715184142015923431222653272488903060750336.0000,3446427285556792748295825975596680137236422196689169668399668249960833351680.0000,35956339542334711505539868488290638980460108903524943481099666659739697152.0000,469781375766598793694940795633549662479997974683014080542508318720.0000,743689632633080451197710231928503386555791179245570465202176.0000
8542.4847,152251295827.3016,3645611162843870154422912811008.0000,2103422793180911380168611366279577600.0000,210017045587711936.0000,535454661314567409176833024355069936307011584.0000,15881263653824706246434060528213268133008480159174699624667887556308156235494762682104189849708372049656463105061337959724936129350205440.0000,30148864732656021690577149922894576104120606247687185210991720422965248.0000,4935738.7250,15666623531555076996222979951932174339438540750848.0000,768511409713145988875366184279433257029113662712988053761851894027459861985825977794560.0000,670338233991414449416482837047259671282509532592836729713853464576.0000,48225097232188274639851641815078819454273298286772224.0000,9593695335276150863159505212649335717263255961900222494367657735749632.0000,93818936543095690540835704442220928785593751409785890144256.0000,13844799123108717616709245552674285832798986207902304137379840.0000,12236905712703823711835992128348619579603375059043877263273938091245568.0000,2312822269183736038803340340552718937571315943087280326967296.0000,67881380664908734487388238564185199226547061246740398080.0000
4704.1878,60324978243301.2578,414493172606094102930763029801861120.0000,11123903061074417734585614860288.0000,34488461501147725692928.0000,20271182197495243311286232198856289232494821745000773704796309957902336.0000,9979012363719585684313161247713855874781702984780856709839157244847116622327837554608867488490641442484897978062881337376768.0000,1195595547645218026700022008075095619141632.0000,6405431359171016.0000,36180979445175580272343105243447296.0000,11736701231458969767412660869901752102344414474008836887408509526693693406256842506502144.0000,1045580635669981363874325372280818644460232121516032.0000,2150007059845087455634114456400355616282264993792.0000,231944265931331168046182251432372507337650809602048.0000,55358823703670748429068282582384595267445850112.0000,19688686145720611728159587857037086252278413931228537036812058624.0000,2592918366494679017750087845441125220352.0000,2420269919910888482245728272636508768603877071526041051685971274361637316459495424.0000,4353919257557991192877298875670153159245824.0000
3556.1057,7724906.7638,498709795539455817285632.0000,56426621564977750359408640.0000,13379226139098734823211008.0000,44971306439535252264609667222164983513088.0000,542208069348169728308942706822312179260329180171537365612662258570956976772216523412196115098925407404032.0000,21951837246837225351328083823535027604203975656068589027328.0000,293710.7053,2652634516387685027154293230367932416.0000,13651038108870509535082507832982051329156577552693951306137600.0000,167242694578061595628674612359290389571119395897344.0000,77336871470403674111856086694714408960.0000,7945712222850825907274896036111897108700235493046740844544.0000,2786732755031057297243784335620290751542329344.0000,35468898788659700080903494126059726569472.0000,1678861495334294555109768351680472641233829433412534776365056.0000,35176541042968511086171887497010858688512.0000,275351293271895974869643111410405231856451584.0000
1688.3618,127556438.2037,5470600510913737916416.0000,357004627838197956608.0000,417844568356773.6875,130704080768096901805709274067763200.0000,44828853357878140215691139904405478567475840296138649511015743488.0000,2485218759186652663772321153024.0000,1932479.3240,42940491296811278925824.0000,96076997057410709714159717757360964462706688.0000,2031550439238036447629859094528.0000,443098781460960515396206592.0000,58403484845692814118024164409344.0000,10058164786263512727265738752.0000,79767994226709503632756640317440.0000,236718768715733466615470096384.0000,141953695009454059320191464861859840.0000,93403604279986186916724736.0000
5307.7168,787353910.5832,113697464838816916307968.0000,6999754164076653262569998385152.0000,2730573506575.8486,1928690499638871893362081792.0000,3211748016028658480833304601762950315110157314662345448527151313899743358505991398849004385148133107315737886720.0000,11559690336147283775034021773226684224893155967623046889472.0000,6320863.6760,138103543035001955176204420440517442011136.0000,78238700064010217632064943768765476956487706298671095133512483137912832.0000,4577657857396694019080369500411392584095604461856096256.0000,66794235253394712659200049377136696688115712.0000,4413507716950363251365774728366723874390411748282116079616.0000,32533036608173299068106006512234902945933616480256.0000,1121144356025645961344227348433523381628541262102528.0000,243438495333724829513278827685849383563699372247155514277888.0000,260352812882760033317609092998541465272434294784.0000,31249813923856954485414384776936132301318782976.0000
22145.6674,8609877875295.0020,14686279904036031928729600000.0000,31040898024343034683325901963264.0000,109944573178114371223552.0000,140517846582573705189210161835216130944258345705440018432.0000,468271791066112080319466518070275068594308784406926545043271993260558331479609037298815935845566676024708149757868398619072259773754368940381506052444002200015191256919616602091086394949632.0000,9356786135041487518155817052131008052926095447311046690464386036577533704536064.0000,8658122817000129.0000,1823891418046355451261077783112331142888425096352890880.0000,88320366067569362363145583884664964588873530660108678262630537224408437774681295698583358383449201388907109155461922816.0000,1825942667437325839259037256678769136970878270793472656495023741846590867848036352.0000,26641074587994293402770109446597053029351165855044968428601344.0000,390946205476720623275314314890385591787912070553414254815753257116772948904714960896.0000,409881305151002335791345038197113753053915573726265366408773360418816.0000,250829831509976658924862984884324899145090340623512800358098884028822992119345971200.0000,23726668551024130358960342261479626657556203793844267646776106330966116823342252032.0000,55173704381700312084574985891682942442203080269273100709374083044650201951938371120449716224.0000,8960334820254397979390822656370678783806442353046870262078045683712.0000
3713.7064,139365019.7442,2381803540240616448.0000,1618947046451819522818048.0000,36399874180.9090,1310843093436053648834560.0000,33994085962905398536117056748299588988259655099264913787996843713713431351920754097813171924733473587200.0000,66194370334586068382055979781849919512647827456.0000,424957339.8229,11753544293886696004529875790594048.0000,1273372362945590377920220885810615658741450003948105976597824143360.0000,231040693354609336658812154264825421583066595328.0000,33358973859077821251107961110163095552.0000,927065165239558685058784434505597510440716337152.0000,250935723605030955721354921165792951140352.0000,4066239669992997659451834825686548128549671272448.0000,3199271741976559936511284782793471388185876496384.0000,255866270471690911871321519881450675971960078336.0000,2311508447855609746371561838368956350464.0000
7965.6216,1254824440.5237,69489725014992836624384.0000,136892667379953097515103944704.0000,82218738007026.8750,1347465493002193356201308192768.0000,32188489134595184201891010967706233083604205953977651813636346856838300346122986633435042811616476843479907250100123012975667989492793344.0000,595406304093304244157716775764501804403447668313520653626964443136.0000,887182355.0573,6386042783346954118630013102205216266217586688.0000,16425300525027074580911521904333152260381611705340584976175228837584668610062805106688.0000,1381503410756777637234919166585109886453963859510393404091531264.0000,7036771643469931027709700213058353671471403892736.0000,1607173869552003351105480131367661728843105396608526326110460313600.0000,22063493058431292737304109628262537071601903259969650688.0000,3453381118277368539510388989021569355719511914053331218071552.0000,219634067296402724223014034587486045929115920657606381892129622327296.0000,220045389945473279964746663048766570129985115889913238126592.0000,93928526451527251965947862001479859264722277274484736.0000
61262.4827,120323759172162304.0000,139107812312127221377108345457823711232.0000,1982677079116166188000004280737661052117843968.0000,979096287567317248.0000,5603087066853161819846650959396472563555983257763840.0000,244391692480414401208735463185544126145586817601856618195768818428531218704098622235472731245780384868718461091537895136107391869597159977198034000321444144068505397512064608945980156770703727334885098655530029275938816.0000,51762941486831564162259225568932463804619180883844383518983196629545447836965747967393792.0000,63539203662549639168.0000,583429316920124670139489113728756273359332939348304042540836847616.0000,89054376980246556718893982567843157538273391160826552968704278229972039139493602097374060433435206686622855071344178928499082082936190002003968.0000,338248768185675614317755623582272548058569264144483473199876161271319056363489636752328616837120.0000,146616981551986596900332905287312784517626115444155105338802210844759897931776.0000,41044433018594686043545338572343825990439484471600998028637965343780130122128425873030590234624.0000,60083110148284744206733728036142073995950020950834079351832088793049672013437730816.0000,60756804393835831304183410075367057490034903768029455603215200301549386104538599995149497651392432570368.0000,4566456261496490413165610469154021883901410963323826474161998749873434960877730428188884992.0000,126173385207601623133837747694744489855516316910926734923777793528928377484117547902746092085554589628054372352.0000,2179383768201267178301528955434166583686303752009796568296960180618252697731072.0000
5674.9768,22348117150.0969,65042087121873.3672,13787749178379112432652760477859840.0000,344035930603904408431362048.0000,1068318299586696901156324489932870516736.0000,993316791645047150221585553247459498040008510611084773086975887683969616147524831593761299944258239092722938509524992.0000,6551453518849105068018880302415159196690117779813526667264.0000,16270339191.2029,672449262506200109519978220342623600640.0000,7703384914938558563315503384468441107538138139667223177084122249035776.0000,518540386000045358120926725543385535363340834426585088.0000,57247299691865837513416869846638919680.0000,136052269365093221988082050213898349952464712681408954368.0000,131613108314823708452748621988300917837922304.0000,19811671342429709658873012302458904934047297830912.0000,26771366359354087748809903094049806009394683204971612312961024.0000,471310495543034594255292034041847503491348561920.0000,110883245166796657955530126202484389329240064.0000
2597.0612,53622247.3479,30888095761608093696.0000,40490475566215433551872.0000,75220691376.2116,142339364425175756872169291776.0000,13373271315932090563431071512385384383832281609569173817378712343254332196977282908160.0000,94077668072209813796629030454452528611328.0000,3281785.2758,576635971275533682085273272320.0000,122385853616498077271969205068747528175892449002759651328.0000,21403724770298044481601675120113193320448.0000,4398004190816260963527516133261312.0000,845515843443069561492262386015132375318528.0000,4034098638472595149715422940034498560.0000,28438731332966487051363416712968090419200.0000,36599463492114812530706095989918378491904.0000,477866888015934167014195072562343343816704.0000,17691304965253367428221149521117184.0000
941.5900,4287842.7631,159892116852.1000,1380303526076.1375,11608036622.3795,309846341951537589256192.0000,25238845380250895657205760.0000,3263348962.2085,355917.4812,1724461116.5931,1527942755877240064.0000,108049144829.4936,227134637326.6581,80279252691.4561,37333529250.8380,95170877232701.9844,446343978.0261,98666394150017440.0000,4838864776.9051
2348.7863,22825865.8844,11213018045243696.0000,377398966420901568.0000,7373478.4225,176632598458337962491904.0000,3413564642484554346805019773121349170501486992103032114727169300885700820150849110016.0000,3573618053179034389291462832842342400.0000,52191698.9243,671062449550211159875911680.0000,13192065911334183611184260362225927770382352272926441472.0000,98972937379111639757625697066821877760.0000,11003952972345779174566977863680.0000,394935359339355658157098898222909227008.0000,3911272366386445196596191992741888.0000,7723319896601589297518900837770502078464.0000,8617158932181194790927888556195053568.0000,3414680278496831472101334743677215851937792.0000,66412132256550528136352356106240.0000
1470.5383,4690460.4821,3989948027.2474,4420015027233388.5000,44891181173.2925,12660118541246950014976.0000,167966201644890275335180368714019317750386310047089033216.0000,13731384285533065992732672.0000,24916625.2486,3704597156999271936.0000,2986516426160254023972851038132633600.0000,75594162970945017364873216.0000,16286212464519837696.0000,109099382390198472812789760.0000,1692994897085273997312.0000,186107955065802040862048256.0000,37180114716936276241547264.0000,19078583318487963585975681024.0000,514924899694955134976.0000
2491.7033,272323463.9675,1269400011711194.0000,452734708944965787296202752.0000,3162774861199989.5000,322900427725483474944.0000,1234658201674900584148265620005017552266060572598198072954467314896470016.0000,78282325145015756007618231258715258880.0000,4701718.1594,31407259817319078598633586688.0000,2072927647836983717761574654790329319137738752.0000,1570028711481518872161708570312704000.0000,72847120765206722529068056576.0000,4483495813285809524089284673815969792.0000,219224555449285237791480201871360.0000,13351418878702508662839238815907840.0000,11510750921354900158055414180775538458624.0000,2990981923622766233289490432.0000,2009954857012804640936900427776.0000
2983.3260,228693109.3631,296747947189504448.0000,650148734643395744497664.0000,66445217178.7905,1912280701604159815680.0000,230868499729759185267489700758229400296013038706188793956344249288829564788140038760169472.0000,237636371704356801210255811345668670226432.0000,76420652.2085,5822111612864448302183121682432.0000,4849882542029322488341715356149815660944142549961127493632.0000,467808753661396982401886891740528570793984.0000,16455992576725051642864868742135808.0000,2061743751609916842280283652739305100541952.0000,29855771005799418225084715676972613632.0000,3239663612561144986047861786949898083500032.0000,3414963510681514994112432995105366280765440.0000,204643541610009237022550300775136098254848.0000,93340955158569201239364265127706624.0000
7225.6170,194825895200.2304,58200742426718559529869508608.0000,76791353422742044628854838919168.0000,7938881275760.5469,1365962604693668256524570808961359123203489792.0000,20407317215786365624158472123800528533733286801655337647626773480445833768208080218426289951013832447998677970366014417015792971284480.0000,16543287483451012267666515228085640660278400274578446221312.0000,96180409946.9362,4590867481241373543226038196274232301715456.0000,37736879524453818214905205391550873809836131135127293267465698118344938983129990547111936.0000,1544675128342316979292080726317808539640872355626478041300992.0000,143153258672857274895806407542741059541062868008960.0000,17414036803649161476909071314791236229926759603090824250785792.0000,438183219376264898683156534850857552418444023326310400.0000,5650910494188185643530134001950501431555351076344263740036743168.0000,1743732105508429594745730134149961363446681748069316296704.0000,1813635874311640391534570033404784971554742482005415650333744087171072.0000,184408502607230855839537965561605337502035870744576.0000
6825.1960,3364395698.5752,5047696882286607728640.0000,3682154681409735525624971264.0000,133192993691.4666,837706913255721702822772736.0000,20292564574825852568373194472935894071051808032854584786043744055356447699280325065406736734174796185158837811783425347052109824.0000,15844182273821277179845460212691941084522729742058490720944128.0000,1713142765.5558,4169570260836622062216020410577679565193216.0000,1807753102676948091937938916030871256945449319564140950980789173358977886957076480.0000,138407064472544683544929826210995136251696073286967780966400.0000,5647973918778199037880416494534790114179022848.0000,33897266956360004284508669284356667360827644415489315889479680.0000,2910948846566349539138566188529424993410138905772032.0000,2628347888175466148142102538114993525517434806692491558912.0000,23654775469604212110664719800336083822043697165917656168005632.0000,111113888595395575319418895562162780632240292481833738698752.0000,17007309674071955719160655014590352320266229514240.0000
2068.4508,3980036.6554,29763222716671.4844,57620777016751440.0000,31126469.9715,131360863184344256.0000,6488602470567317360534975381912519743807400991605329748309920805041664425984.0000,475876093021553296426981154634072064.0000,3860482.7525,23582651070574351743975424.0000,5478687684065063895716543680377690100750918615040.0000,169855412977062993616165599908462592.0000,4041923623749353868646940672.0000,2378319585375432300659014840166121472.0000,5753106208482475162589835821056.0000,72097728088215519025272430790705152.0000,1072718759311790980170764619482136576.0000,1067205325062042361123413650386714624.0000,284285240843388379158535995392.0000
1110.3751,33703.3768,46638611.8563,26691884507.4652,434807.9226,202539088.3286,818305720736089423632850065364346732544.0000,45373879292485263360.0000,18274.1393,223417590969472.9375,9792343868971659577786368.0000,9897189560311873536.0000,1172358728206694.5000,38372717868149776384.0000,64547855815276424.0000,2138575590102730752.0000,130991029123845259264.0000,378913831564749056.0000,13667578415273702.0000
