1099.1023,49068.6881,11563428.9791,2578539.4161,18754.3661,463437.3191,2390.4358,44307.2804,589246.0133,990.4491
918.8650,145040796.8872,11985378.1409,1246851.2129,4037.8967,1416.8197,73306.5732,17643.8608,42587.6022,18743.0723
529697.7454,842117294107572837576821702656.0000,35427735371771587255372349590994944.0000,33191857656280222321850773612561963792990208.0000,8877477191832184146624512.0000,108232488181505045176408361402368.0000,327084555922659072.0000,396399657142985269706752.0000,2574789174888297206766101977890816.0000,158333260.4433
36115392.8801,7713958879204572344771852157946124077632124249943186604032.0000,3340113105565134045818945003809455048972743097675277683397010527468651867602897052434970579479299304601268884057684956706090477962196418560.0000,28553480748488865292559422414394352858117526898542708444456678786092194075466706469022334976.0000,12677025350265851156405695559907320346443776.0000,203873428107180388168464067883488681433031459903920041772184694807330816.0000,358550848297995735111098365532843278336.0000,7538207724985639780702373776242860901276718795530511266611200.0000,1165604455446811147107168815989018293301893811887254303910378828725055047860224.0000,171546631941043416869285920768.0000
259379035509788311552.0000,244251676589465671618493072623141356817153306434906846387290542909572513792.0000,59359442944926301232189235187168116415914631547082184174548295213614738125136289621628828394659613657491157294207957040856045917852758836055126615576763621975683353695821663644551050774789131233137044714864252942142463071917506061396008671566266925277778018304.0000,28139452141268360227335102857464682182105586461864620263693006164430204569791876814562262221099021209758916297127645087748476304111835106316879369482441099387845840192572163103056219538448650851856017507512957276456037650801074182030771575632326144557056000.0000,764812282511378314360499507540185586117710564546307938845463459222045426196304028382214344035613037776662056406283839360866574029534789632.0000,11619849346942796481482467868057089737516123853973628583944280040919121606378539302530377211068412218198946200070064316266310052084364964891152157844975640735429804406338858776643405144235235759301300315424386953470849698559255029743616.0000,50770195823819933066738731044367421735959933632158683504047905438695424.0000,42826176226609847913358938933155201606941854133827331094127022033334932001825385816271716028476579741080105955877388335883612540196703943522254848.0000,298256034465871971261091633655030900402510445124101417300985441442896421280177656618906842248239198698270806392808424617031990925316157836748849111876067312288650021427476403301788894283303956725205968516037807380967194624.0000,144135158612255884650065311457710440448.0000
90442192.8451,13461302424345980728642879346442240.0000,341145822726350714638828085099865068639530633692073426944.0000,431282657511444960539180670012475020015160638046208.0000,55783938256942258394457962480402432.0000,4985747150873227378077699943546078371109629484265428724858310623232.0000,123246731165294.7656,2494581504822863847219368601659113472.0000,210155799530295383731893925243742594836992098304.0000,0.0389
71753556.7188,472130802164726969498756511489327104.0000,86527097225056605569781178927970328098043707232743646992357081661462795105401346390640021248130751126717648905190807200220678455296.0000,6334591790862001598145958935343400642785919263704025284120200530718443426636032910098034047866520233240264966144.0000,1374621621056345879349936859472496091763787541273116672.0000,1078951313222608174832083451001097023319999059725478842158640266830699769001633780858880.0000,11276492072853305474045690909078803447808.0000,433093693068959162936611853819313582088706902017849460857545687040.0000,7846823261108238723651419113060558937170008034735887053145428180625906875216151633028580376576.0000,151220660001749482140741515870208.0000
641378423.9277,339180415655648107662794815438848.0000,285967977674215086168621696515945983929744932386461093289510302149771662344164790365883203584.0000,1138620778574775710489868850728802141273004212119235746939913180515360338135575289530991268331520.0000,213563337393160827693677384499408872069452751962112.0000,10462896312725756188541474672622950352716828024468301992854939772998224182074081804288.0000,18165775886555464532492288.0000,426993514659290970570806618180957931580971598429196124160.0000,22420556210803827978310930236350346231919861422786330430336484731867843619937320960.0000,751599141934621.7500
11834630.8174,7727746693387258880.0000,182868730968902187024121132441042307624483427857960303144730624.0000,577805958768057794641996553304204929210826826042887372800.0000,38549742921185675213641740047089664.0000,387041552126286849252241458237163909834671213874838470852310204416.0000,19093881942.9469,776259914773407925616351777843878821888.0000,497512409377286467357013872203567275820306966218014720.0000,12.9390
443887.3560,232020659341546171138048.0000,11093103020794167628900766492884202150005740395298661985222408725579431936.0000,3878934119754585687546432763275540954204273497424871443922944.0000,33221611301192761438937433505792.0000,228871954082270280969453297241702078283174201262080.0000,1485342038329005313097728.0000,45606497645926430751839758984413184.0000,26735939497316630817960624827372250882991607972364288.0000,17178637756434872320.0000
10488032609.8248,39704552238755249272645609232269312.0000,4115990308182337025979506757440020453249398908652222543921044623435197691041142737088587535918468641292344202317732508599453375446748336401389012910080.0000,402547748974160699834193702173077420926001305194641940994612284862253362033161883457732903343549645357845041833469715057293741668872224768.0000,187219447000790481895313635500472116337995453018011899888421054709760.0000,4616503910991033575300316502521748606144900076466411580665064208804670243764051118740807107326907260309677684031488.0000,1881673038566442750516566301951918080.0000,2280317353730182221009925427328325999624091466826061582997216035904072179951599616.0000,889871910726914871299078730917175044829722367915272367847337354623548530955304290731391763628897126038063264544325632.0000,1300593260123147161919352209408.0000
16994010343.8537,265004322968649960859788220900084396589056.0000,114444204157101611240820247522126958658024755460469637887996584245210805658757061672960.0000,9569951030576472758520803683981242450083982838026908925401989068809294568021520814959585394688.0000,6289789809144597940595234300653255670803616105530130432.0000,13053125651101560936331300313508387154725386694630314548493976769163268679969416046805517076529152.0000,38361195757392929751040.0000,1102493511590823861469244914829112326658034879120327835648.0000,50903192610504523130243800065570869757886220856038873650235135033511673021417390080.0000,12587.6925
7920.2017,14857906536516276625342464.0000,976996419248727708737251481811952143664817910054912.0000,2668510578428131794078041549688371261997056.0000,38028072511391304.0000,292723225345740968558592.0000,14054519835703126.0000,2826204188166717964288.0000,1085355604367380625718574932033536.0000,3896355553776577.5000
22910.1015,54970283703402.4453,427680699559692319745638400.0000,27116072250299583205212160.0000,1224161055052920.5000,18138494236066806519727915008.0000,18652.6743,13805917307185518592.0000,325788656699371040014336.0000,27.6803
7456254.0959,172336651667994738688.0000,560840163925673018454420575292197842266463537626380625520702244725328858220452743479296.0000,2081000023344947929705989437940963915229653917756106435795386553929266314084352.0000,32906379313894510815251431260328862679040.0000,19879855644213005140920612929565491170648034643029861143419899871232.0000,1991371366285892214849536.0000,18812263574421028842259473226648471754286039040.0000,25238085317717206172174832248298239792964203450751532669069550419968.0000,1936692978476421888.0000
33474799.1669,36722559397840123278131200.0000,18646936711157737361659414189739912863188483431394862581147399441989219800380609583095838932992.0000,68520160017794717786178401877672390781639484077291936434328987853418640299240980480.0000,218840866537803594143904102990015392936624128.0000,5407752072247605756390761109634469636791452320365325218980878334156378912849920.0000,225493260215392141312.0000,2650532728100752130982557073604701744640161919008768.0000,403468432280783734037262061191407373101685056517661789661669989508119003136.0000,292198557212994.0625
4118810632.1119,367069957341041393657158117097472.0000,292821551916982382443924848072542844984957094704160244470951416778827683103808389724201182604040641445888.0000,1832814685425725362512503559502650327654983865797260516039409189984925253233013940467020981519154937856.0000,78517623371172836642294760426350623348971053457340366848.0000,35024066470154445609094480714286729192870434187255683573932391841040288974595178067219389087744.0000,6640406133358727907863666098176.0000,4948960507872994531246043495683774447517635766607771575779328.0000,4485824993213547822197774321773681565545097370545056190185138305168686628391877129273344.0000,274445434425883456.0000
