1373.4092,1536.5625,1347.8430,1387.0697,1351.6332,1371.9055,1330.3998,1483.5970,1404.8337,1362.0090,1306.4809,1406.5432,1403.4547
1388.7429,1580.9440,1478.6580,1601.9838,1433.5004,1419.3908,1410.1662,1401.2071,1424.0981,1415.3506,1391.4680,1392.6951,1391.8524
1402.4547,1402.0621,1568.4656,1776.3906,1515.9598,1465.2931,1477.1700,1301.6066,1418.5058,1469.9226,1494.9615,1369.6636,1373.1000
1423.6732,2316.2337,1886.6919,2444.9763,1509.8910,1436.8018,1599.3137,1317.2262,1504.3263,1452.5888,1497.7157,1393.2804,1387.5586
1405.9746,3075.9347,2050.3808,2019.1691,1570.0416,1483.1045,1625.5913,1419.3790,1539.4159,1463.2767,1414.4303,1418.6894,1411.2061
1379.3042,2223.1259,1539.8759,1726.0804,1477.1619,1446.4007,1398.9940,1533.2965,1484.0245,1421.9975,1308.7766,1427.2364,1421.5047
2106.2604,2042968380.1872,427164.0857,506584.4388,75159.0612,13003.0161,45182.1510,3189.2404,25221.3165,10659.7940,4192.1554,3114.6433,2327.5937
10154.3043,20710415354331.1875,754211277.3532,144675991181.4712,857734.0578,1751810.1997,30073268.5367,11863.6379,474593.1758,811922.1192,22270.7690,31438.6814,6527.4811
5547960.4546,131608879351522548693145306840405377024.0000,1455954462807826890752.0000,1305431885970964970645118517248.0000,3957921381897.6865,73455712237.4988,6505158289706843.0000,349844070.2793,112887401213640.6719,21941306254.7294,173873008.7951,2539592391.7630,1605561.7126
256559327230353.9688,336808710260741935637236624818629400062367529856826429767795382009815998352326656.0000,5062864038256918997527925910638175133908351336069099902312906752.0000,3338179589553326232432742309264600262876569987747652000074100092831748005310089428604026880.0000,14027191271714226993418807984602387950328261898762452992.0000,20091538486543932733252293361664.0000,5912817689187679766488397554824317118167319052288.0000,133977130765546.1406,1378949399315798482388823544311188553728.0000,44041139315244561955838630744461148160.0000,43916085879880137696083968.0000,161167467266128640.0000,1739303380053456384.0000
1749734761756072448.0000,4119614950961638437981508274242417806669232652256353933028624693288840079571576215694382126661014562386667791052453052050584907734029455165963896051713479325316546560.0000,534831171812560154972970647767353192800609074076782108565006617322451868878403462810434523159433431911028439923261067948336160641068918898688.0000,18214641031595818800087435911201802206435532853198887432821078068985799076550854881910346542138206281333257780406241237925888.0000,103118711998105820440196826613567166663141957409300327011666383339520.0000,234077319140085025664962911416042553606611501435360668568566744453222011764736.0000,291185608746727378668393983322592616174557319308595463093381766278276179073488125952.0000,616561425806152216930032090611712.0000,2636201982604608830604585771020645372127380585498940444256501760.0000,2015106220846422847248963216667131324299279121321674096081108992.0000,326589908425731901949910788736582228111261696.0000,80734793692215102496833536.0000,94630347642191669237911504543547392.0000
11249415981935757605894084228022272.0000,214214498159778074092402817487271593310444889617031591442010002561669295651794940048627517798304221753776020607735306401324229480327537591547406047239561440010837858130370825076285316172622160080057203705313580733986369741632045056.0000,44416621893948676486236540621458404031484338352015076619284532706123334827867334802533296691705274185111951088735473068512771105069768769592191885854418523104418548997606946089375629312.0000,269097045283438376759155072807322801795574574666930344996275871323532718895903021141322874788205413842117362025057541355995136.0000,348413043649877711586837947997021408467069770073119020681247162004929816210093631768636790295998123008178295380694348684165094593207933599744.0000,10987468311337897685029377533646721988861091983743789383271410193770712088986633405789853801364585522921472.0000,134878653433481770180593711202412936145031472488535259432699946226958248049498802306563735323630245552162962713847222754764925012250340404232192.0000,194714972611886765762936832.0000,2580937668853751592421907737061615886103093063081307178020506576260956160.0000,70644231465590537588419100841771359797691777010346140720229297343767463688003763671400448.0000,368625270962692100129043379771484368657656578048.0000,7804005262204796668884849501427475584546387263488.0000,824030818852764146057466924470680296620032000.0000
136025636783762746376192.0000,1581952396052289957229233062654789851751673654695243577621082032335940637395337058333049176883267958728400047915777026038599458674468496250524813078759561529236971729849869797926968559801842922375621097453590154121174282425125315429343273054936182032853338314244096.0000,182093308817506731541172454582280459396130553581831373801035183182134437790242047635571324073825038749859719802220654648911684073614119956596711029029812042893576084316350483017491375815963499210516545743447846866978558967808.0000,inf,602920488363946338083921938943476995560499077338283992108386433659435413428126209949296542463122262915324309563412655827384604933505613715604589504790724137289703573037323544664225248056795609583950343855771922722801918575445775450966413346342111670819618816.0000,2396157891928270460191035226201646132171440075772435867162339930443909181007574870817661354119229240074102934169117096035476318853805474302617806154163557409124217956318829180214597707783902259024173927516290451851230729742576601555745894452690944.0000,36336357265549026659791794376467593357257720212247107619683064843585332151977472883716784128.0000,10084871393301447249184462965091933251349076942219966353151476834279617363266804794163829960435826688.0000,158521726099944200463819504936988373525841417514499235784863717864321787007645409613199819793578796336247105476594669692700838406153184342966272.0000,3884083104125613162576507069866193430187284395349822829887266787607157306922682874653906355982517927830759709561830342503165716175579185802428401724728546346577627058479388360247308919266092014549188173283483258481262198784.0000,15059431756592034398678836771935997335929918629765302078445591305677450804586521500744081902655962747305606720140607488.0000,25394424651255496762560712767850443440128.0000,50682372360700692554515931587131823326849207093852197706411043454976.0000
4318301762747.9312,249156132539804419520821554570206825339483016244339232277933519833497268865216254388595839796568629602473651501793280.0000,278888830334303295826147626813607595363469671341228803347838596536371848713602210581850637805289472.0000,1658873435907362446175214755163957129473768756902664657991751704329982225547473473534958083083691341381632.0000,41920571252283693808350270716237129490236365919602234367031531363424324812800.0000,373342686442540836281782635302806984715156291566651352559910912.0000,5664555026813223457524399655258601546048398688256.0000,742109216133522.8750,409061702229145839992592314514629738923416824578048.0000,4959205033219493652290142670273004389450488703365096144896.0000,5123356448018341385108500842231580309632057344.0000,24751949607499.0273,782276987604875476992.0000
208278889500046266466304.0000,64699317136188755640526862557377849447365004452405360564740677395532758525849120811010559934375842172370944.0000,1919677897759194634021632360020490236602262639108466873730568174960640.0000,460041878992504489603783503129369404974863815643560780168741123696291103704701082920313218081488896.0000,1921699479286693892899005721512298250680268954356051626469981128168683781926079352392577704135340335455852590801092608.0000,56411792045640042880974852558252500921418824954367311675307388238594830273397915648.0000,275902883809616307935381702209863918008460878287724645406993504295097809990844416.0000,8332917655498.0469,42791783390566748078437507880954546726416894918656.0000,3880285166097114276433640012316979625314124196551298522311262108462119649280.0000,455889102878991107089142069458819077370359499498891247616.0000,1189143419308295321550848.0000,65507082556144136.0000
322467712449038683996160.0000,1002921459545331862779470674835492920850790849449214477281495387306858317021993100122854148918731603776000872443779565195010447802450862142802565759057891992261783007704587981947566671697529940698297458739340776783967638385590272.0000,21000822449543978853524382816769524511962257510192589575991253115888599440533498613442586311062631639405553793953326839871759432184441850979440967059624368344431862104468963077600257895301120.0000,inf,13344382880855111958531252346332408572303497245578298321659593326198224419041256287034675025080115787378182802164247970789250256094307110868673940818402742169625265453222507581431747134077440403539906555210134787975516325957879674912787144429974717884006400.0000,6707811340016802267328684420116366784766938134535435029020467220723094118748993473765090389207548471428549266904783724473520644903988140045084090329373453155871454044723974837403504156975593541043543213262894998511768676859904.0000,2126606937885853030166155583351916207417743705410862907460575326896128.0000,100976639764431929279855935515471688209367776827078230440231552214634745088647445736232107114496.0000,48594989288723885512086706952038117111084709308975826005439965328344473291205818822157387371865760652271808066750592778534462783433926130888867840.0000,62387465119143971518178827967728995198266315986260950126879114253139112357505411904589268147421434225250292542609746321045414133507395992462297046139698204960332400299207284486871451902786569484533186470871040.0000,18899120324190808113020195366204430903619622248757328690075847423325115697595354410061593468398672540833085915136.0000,43924929350257733618804969091692238995456.0000,25472465682269158119822295757617725000788950248695426711552.0000
638644366530091606343680.0000,178229094180956427479806996499000688021823437226691060802451526119877733242673461907625741961344324625939219225128729057340559763357346438316032.0000,30580445312701997368100192747808474352424987617914165568138443605786992734444149601346249719686876567472406092003104861574888565462055051174252814406789477422578396037120.0000,692049422723758029655815396475786522041652899864191336637765878830997052793361929439596039501670941897752788832072049873675480626281108672612482160094878543617693987183802845962410666952129016625212938833905971060986792763104250912930926384273386568682475778897421188949082112.0000,13722447308861203360784844777156456457555573539686744155849284760319800247898076788432155457967190752780526263652628100559775595543733640551544461155649938193498262514304737049311926221596952616729976454698574234517504.0000,478922503320496460067845157475821114788178602584359741511980768228401017325514172170272991066307101181716557984697776516607918026771571183794521478705874770772646928081729410552570827694290910576640.0000,15215563091260622094678823533584424878080496621909174702368799163446961614199382222413745881088.0000,25825818099477691997181098359940637995615046869188608.0000,3958450841053222546125257891384536772529592223539187317104838342174275359157016005893162288612936991237669388288.0000,1360792092079079086982613049353395435166010406580028533818445504012191072177043366988249693238260494692406325810791601384746359945480544627970330692033157161114355138253253198422736896.0000,5901810381096105048489699587341507952983902786440326462957635762743277919060632224273167265075744274546009244172288.0000,24324934862312176184383229657088.0000,12184914914879448812175822206095733444638146560.0000
38891407300666848.0000,334967513856992286789356129502042178201828999676651408994727894805388966783221166768836330823898106776112646981570841445973486922104832.0000,200903798443714192114186047489226285386642979321021642663776147761982487344338952075765888514691579248640.0000,34097579459761528095424351504484855645123097727876888024577186841005573817576100678419864512365048180126134173731157446646203604006037903031990926667057695714466428288008966602450466586492928.0000,8446997690360123133392062201819582612600432446945844667295052049978774606564324102658100176285184030369972772876703500321443515461598709032019732011302256640.0000,676020170736821655771203073416847778389660824005533612071783815423928085339482620618024592403104163241606511946207643774931354301497344.0000,217385000685527941429752584633949099357372416.0000,117352841608846169208416551693138024813756788834609060521181184.0000,93447103019470455247719083318734118344550722654566677069154131993905990107060451927916544.0000,18452137453338449475811877648970533896817351531556429817831286579746638742670838508543313072545188878559126370524662610264064.0000,30546935789717386596014105164969308085130011270428689349193236480.0000,501821273313727649161244835840.0000,685722952803441742148848736217858048.0000
918630616671.7411,24538130242158365144811889827611657755442886350282424320.0000,89825458156638655817009413218712357553188772263401071159310935212907560960.0000,260016111179112937707852861824252270403620028705021727461886503878704666373046230658039008174077378560.0000,53565826021674442022672563327785629474808858411564856754278049352512709476228142202880.0000,12558673800336814510460750218682244780127784387346643514122200295685102160052224.0000,60947471181081378782889529499886022557696.0000,1548401462688962576384.0000,185749348286902389109689251810084755865600.0000,3616362055720309197627331494867501371684862948730860421043756723572047872.0000,11377089536165371132546118248415314796836028416.0000,3770080971766.1611,553527023807891832832.0000
22413605780736.0586,42396032876907685075291237903138141657982865727718820003187071306465335924671922247021288759492608.0000,64240581864905590452682835852594698208208947638110377278321714168225932582908250568383954681856.0000,899389727143169092858063081234453787833044774011231360218871850148720614591375002347428166835193942925691957277884218307724196771156296733971867486442938221891420160.0000,10115437734240058723658751300314409666478046422485670571017790320767159434088188626712621356627037497289766034306013113636599365632.0000,1970887959138123209888375171305700438653502951883690797292642627943980942706816505798359355777810850402023768064.0000,1590006795141583844391543408325781526413312.0000,24570908845220564008879770418769404362752.0000,8109351086284847116642567174389397284554915116307846992537539388037398528.0000,444781971526050705726053462851570473667969893819425815923528255108305735247781382950239335380521991536640.0000,62384535218033452436254238338323332613560314145484267090608128.0000,112455818646287204352.0000,4523335866266727132243689472.0000
29932053075.0212,7932466099730610134070155011076506611614685180756385611194263320603343204481502519926349365248.0000,57160239281542673033776881914668899730501868862974202765471504035832346959043763372032.0000,9828250825813903712232531703799702953898604057458994812658867493195042345564287334311896593688519008088027493771082805085732864.0000,1565604805954430128559364801122707686496616956848046802887351805094912217042209912047995199363693412352.0000,322545030351366706397534386138195610837779319249532835948308699841995085719864868864.0000,8095432131006130961306877952.0000,14320124688996427163801963462656.0000,8788196926703673041039735757248198739957667731531708034449408.0000,6556591814878964689947736272072249177247425888291273705809717532271539371638784.0000,162939013092608965775021154363919631683396470571008.0000,100662394363914032.0000,17314425059224020058112.0000
72218464.7685,4591769450208353102884864487221189489817258316766089049905483619500032.0000,1924344063566955656652110748935501259319905438976792592384.0000,731068795888947740277198780557643222117169917636047881717577222827384186548120453120.0000,27278563297512683498054826919988323642039244720029278206182792626176.0000,1581677914668730827279485784959506745058765589224357888.0000,43744316569863136.0000,1653561065629781852160.0000,37290428415277834242251545679559810613248.0000,6715897643465896933474259015863677956689075340574720.0000,983107178006796117148109071450112.0000,954328698434.6488,2020279983326504.7500
223219884494.5360,38750425381159599176804036126718080099985528985160253440.0000,2328788247734535559151045127718921720035715055616.0000,2169036792560336639648636133744115999798320868461439540709745835416258206414929920.0000,28043660046826374458048458462332878875544548842161652271221473220524769280.0000,2438920669630215145854446864661127664685013006147798433792000.0000,34325278924368855667332448816912662528.0000,9778578055418829864960.0000,213099628119528101796340835495429799936.0000,237672845298969662191291006767840949734501492084866809856.0000,21095293553972610878386489786368.0000,3446181124700623.5000,128097064875253264.0000
5006701.2812,4527756317415381330376154677248.0000,716132882605170229248.0000,5190676745517608707162621573710479360.0000,279136692049437342683930052798709760.0000,333335581762726527588368384.0000,692373930879037696.0000,3907687774.5321,14785496913678356480.0000,33578071384692572121202688.0000,32855695902552552.0000,147190167.8865,43326450.2685
4048007.7946,1158071176339473914418918588416.0000,5871872923421048064442368.0000,927659986008507778293361914611945192699400814592.0000,468059472778218179596216877105391385706496.0000,60657725654778733682335125923168256.0000,68914988065309976.0000,243080562883669.9375,91899873700823940726784.0000,409279166038071331235669097840640.0000,9910959008157972480.0000,1058904198.9110,7788164934.6734
42452.9431,5694693561397075247104.0000,163372484331305828352.0000,26089154015765905408.0000,266920393143.5530,9763319539975.8184,983960561503.2520,1080475.5875,57490464474.7749,79945416175.3946,209231004.4112,48702.9676,5236702.4996
