933.9542,915.7310,940.1436,911.1831,954.0031,926.7861,937.1519,929.9146,958.5036,908.8449,925.2411,931.6869,939.6424
936.2404,903.4877,947.2634,895.5075,971.8597,923.4920,941.7565,928.9622,979.6183,890.5960,919.7596,931.3576,946.3660
928.2204,956.0549,922.3672,955.3206,909.4235,935.5636,925.8545,932.5263,905.9894,958.2012,940.6566,932.8593,922.5097
925.2485,970.6006,913.3433,980.9497,891.0560,940.0585,921.3833,934.7080,887.3991,998.3669,957.3099,941.3229,914.3323
925.2768,978.0816,913.3371,981.6181,889.1466,940.2882,920.9672,934.4715,883.9243,993.7667,954.2662,938.2896,913.9463
929.3144,946.8759,925.7565,946.0987,917.9017,933.8062,927.9451,931.9760,915.9197,948.0299,937.2749,932.4201,925.8239
931.9494,947.8847,933.7535,936.9841,938.5615,930.9253,934.8357,932.0340,942.3315,940.2519,941.2493,939.1880,932.9820
937.6546,935.7376,951.2979,902.5318,978.9533,923.5333,946.0923,929.6851,988.6291,891.4715,926.3087,935.4500,948.6531
932.5204,961.9864,935.4280,949.2391,949.6083,931.4966,940.0518,934.6381,963.1743,974.7617,965.1443,960.0099,934.6157
937.4874,908.0425,951.0860,894.4365,982.8949,922.4554,945.6645,929.4473,994.8582,893.1380,925.5172,937.7425,949.7030
929.0647,1144.6472,924.4200,1079.3165,933.6976,944.7956,949.0961,947.3387,973.3325,1151.4055,1086.4630,1031.1926,921.3107
932.3993,2686.5531,923.9705,1556.1425,836.6105,994.1580,978.8052,973.0871,852.1311,1395.3544,1268.8621,1074.5142,882.0222
1051.2351,18590.7091,1306.3735,3293.1915,1335.4381,1038.3348,1305.7490,1016.5923,1615.0028,1341.0408,1703.8368,1268.7037,1036.8935
1521.1378,771600.7091,3651.5183,167622.3608,18947.4571,1850.9521,14496.3573,3604.5636,69327.5641,249151.0377,589419.4059,158542.5730,1738.4352
1902.6061,11031358.0374,7027.8665,4012152.0239,27375.3578,3638.7690,73546.3628,12359.6610,527907.3872,27516172.3348,21624093.8756,2790630.3657,2036.8934
135922096781.1078,13266746334114976154988097053528099107822942805933656105411958905241600.0000,149529196025577209856.0000,5722156385898627688890686934708424573188645479620955308771350870815406030848.0000,56629815776284067131918356796545290539793528563695616.0000,5418636821991066173440.0000,133095653154990770504427615453444231397376.0000,8259740373245526192099967369216.0000,717284844735239044020758662049116181337559774263298484321625571328.0000,11179950809232863876932536411374280879245243096387070365890863489050023211671770383619183328819675136.0000,4863234703234173371259211420282008000351476820668926272076622414059191121838785612258213888.0000,166274736176680256385924456069400410861009267624134578660461087232120424423751680.0000,8012451467942553.0000
18351187462681.9727,10937628675714961091535650722207149942954980589036701679170964771707455275008.0000,64984966085987142729728.0000,1099365888632380869602499574724522424933488758217438661448902377472.0000,518177818797185271519219911560192535583260672.0000,3326513068794418561024.0000,1301783451775828530202675282706432.0000,4594064190196140023480320.0000,1626107402060208342150379182473643702574120960.0000,17714601112540309680657625668149136936597724207231782524354791813022846969542791358318641152.0000,29202127136723822671226324693629039387326128696013784701525689569902592.0000,828573663665794721490205739839504781896129126982315997756108308480.0000,8613033366751024.0000
6898971.1263,118731127350913375501435541115053239435264.0000,11997895214.9954,121584012886251491694166816063488.0000,47886156397589520.0000,52587351041.7046,45547591784718136.0000,300757324952.9728,169574318800350496.0000,2747262426960652372063802995245056.0000,70626779775230446575980229165056.0000,25474305974058380305629184.0000,6156205.9270
2192176745462.9966,65844498106414656705590545916749212703608214046697009769873408.0000,39735944492990599266304.0000,122345124418324830412067292097462308522604973133134070946284822373335040.0000,38315137352590201334803987588771059103021662208.0000,585184795409106776096768.0000,1980497204900410324999979807734170308837376.0000,792021868144039452897538295726080.0000,18574555943306666600305905724674991451115995344193423962116821251784704.0000,6112483427389532274531319048731787497445000681186575749085066595564245329040258710401296299603379584187236352000.0000,64575633388084162224364551622542843028410051266604319311228008714506666770905488662273720320.0000,444440946235848175131120603465319327873073387501587482860298674197015638609246602395648.0000,131154112712045440.0000
7432623756550985482240.0000,57295313288465390571903242514459048069306843260643935535983397878213330920079227013803766766727543241176527142912.0000,297349991096395092695519494687162368.0000,7607094063289099650384709258963992129768913309900638650637197216112378148195399774014653138468864.0000,808578958672259142392501458418985660684931054132843602325776978727181719799718924517376.0000,5844128715064843341089734656.0000,19483160698208458119701235039972715969028315676672.0000,663500247934621940955396619817373925376.0000,175756488002710090871574588112930501372826381825769385731492602046821629014907416528413891371851309487894153780558351766126592.0000,109596035485876094263069766196999846525378435365814169601767346346819335797620817305971805074689838282184986203641136262181840951648481285065746239405636938891264.0000,152918573290492285042327730387119648328017302540567277050019228087780454902812488393363675561050007909683302113615139485777920.0000,3744185025068734575591780896742192381291740788652864788829462848878616132923667905434512545818043686775798038714202699832116641792.0000,310278455123660374050127273263104.0000
69060002385597313318912.0000,77985888268683150653958544546822783039520460048125629760804766527839212980922632891147699242867481266487030250561052580828145516544.0000,2644159244949053802813665533136732160.0000,6741842972002398627624877668936801735500838156595633007211053056.0000,65554857450819688866662538471844980707158191807397888.0000,3236823887110498020229120.0000,218412130568817150320027720132323180544.0000,219721940072954710720512.0000,2863968087284773531155957549664034619392.0000,57535088443966423809516552127556618541556001648292705435995990577951801344.0000,236662579192972784297067059338932624595025445685220506563772416.0000,13769407998727951616094409360706071775359566874551914161384718336.0000,2875103626622768513024.0000
67782498844108824.0000,284112119605922861159204105285461958906751512132596771445095905811718696084390805504.0000,7240178546894002798108606464.0000,155450284466246507016372553477899606624001535307795562405324610431473223355479476709304153476694016.0000,24279963929299253458387739422894038362249859078291633437190085642842375494646206726068552859648.0000,100652417317924333556471796072448.0000,202708532690861135247849241801552697290091929511468342444032.0000,35332419890632747341441628886932651943953170432.0000,249271277392460419409768963452235481803960244397831530690254233082779580501421923700835003819201138854540922404848355246080.0000,178555794727098684536396015639323378846263999141956240122634787166052452200364287815824670872445822185096300398930269706659803671031260536637827436229632664596992009433481067102208.0000,5611364284505274112321868659663319897632001147499693239689316023847221769147055522269687542334055075403292509369801507841976504618187751424.0000,7429566741837991310497756188143525746168278616685590062855563158222486385322306703582291044152800475291143009545397301464218341066349215744.0000,411637150416984033277872439296.0000
84910372.2701,16637135403083392756979321863249261996275824177709056.0000,4968182576.6574,20905120475161752101987876101776103201308672.0000,175746242114255014854656.0000,4649240155006.9180,34373625745636340.0000,2619217223909178.5000,114861083704244911111179653907788857344.0000,223906449133523365117725477512466512235900506293198355767448953683968.0000,92418330472382491726042598399530666492294070272.0000,7852741189194488592821166257040709395534577664.0000,544056402.2241
567930478755115264.0000,2324026995092192526132853276531343458098440927502665139533869061436996527728912653589587572108411757961439031506113587626037292826624.0000,811830273863325424025600.0000,921802583061013133370942151255738651665070985030663928709902573493085723568564575317482654022511928279040.0000,1268270641833410424253065717868325210585553712957355928822045536382888977027172714748500246528.0000,6731167137528740113809408.0000,231338240970108784887272473297533767769868910205422097441751040.0000,1172349661185305874433728294856634870709228666880.0000,5896481890981602970069288267958072851406721929231924644520401566639386445414604275917317241452017079313058361644707778742603722931568640.0000,6429214190949087111653175671373650504261402718363387941986331690159810676764623777202364162295611550925998414695892004898910307380686977648126169755924328637012889100942835712.0000,17453308152441090105041178901068917270222999587686505544174854610545079661686879034390083759768296875158237080540365024795717119444539211251712.0000,971361067307619718940675766446590991575278521688915407523942885822803592068469390201279504231798892761108878478525753319240880881664.0000,63260972841164627888345972736.0000
94457964250585.0312,407560003910509916678771253275820150986303838532857672582472527198710017365354111161074553512910168496018253091438592.0000,490522634470828928.0000,120482273376727991547254902753321791087996553100052879089466904110135169084350868774952449993063273013107889274880.0000,35461037041185692733110489921175776647001482287271803458011838216434788929395228672.0000,34637073623470692126305550336.0000,159935733923127730889350833090469216450148008920613569985249280.0000,23994586395425225222232771948510390151257824165888.0000,180134351851603476866488838005171557747206901196714701039322122568897681862735925108055202545863126006695941407712993083392.0000,4981240050959132052732138721967390064726856645872776093312575350764078166251674402926517028060915189911140644512420764873241776375757990856596657399931043050121525813960599666688.0000,1347183450192569923584978552518795956498510773446862616138141304868943223504145458557076506856095000780515583066345264507072240044421331196913385472.0000,81515282061558830172791673841203642951333738245033503237990543802306895260317903015524844837051214041716922327330315222200677826560.0000,1533061071885993334800384.0000
3997623229279.9927,222180621106487205979676578223213081069268333207843196393772024555589977574940189169478088020459520.0000,2896753599951820.0000,794038038276524653773757702277925599003582954263506964866201297671945753326518272.0000,101656061399734976104630394463561350201805864497268540587099815936.0000,5073678707743314149376.0000,500637165497537983197657368252878436092084224.0000,10837589266976935402165121000883093504.0000,8490540376083455227889898799203763444421572145699225934436706779203581346270337450939521171456.0000,5138772930748385999334277250004492471790531578414933881072752642166239003393160023770445651297379868100076367636685098923669154501297231101952.0000,4615940357515622405869432446283971417994025147679389625511978283938637696179749712417033620623730480104079360.0000,31669131233594167909821206999844212687042345865292643340700235752520257286734683581204785153458569216.0000,11837627248193724416.0000
60030271880642008.0000,1694801986501515559501924607098869302504758268177176064029129164402058575000553555343590975623952431656033497120768.0000,31499056852210779422720.0000,1106707782181868916283459801561128409759695822425854108161730996195127082272646234112.0000,429522920074983417783617534666650477298631368289985245939798920775112338391957504.0000,14333841003683923177242624.0000,717318990273508259233018750281577415196318629888.0000,20000889020864107063271493673263613083648.0000,138888579729125992799340603643451691968846000592027332861411397934451105277864284431810314512824986823611645952.0000,17269750519518345523619678436670186190424014568354654640167419817639304639807848656899183990157957404955488660436048652076691542660956819964696300043318452136443904.0000,307066411364490609916994209288608136882668784954346425576383785676697562946243820426418132833360292606374386945562247168.0000,2615806734930789241241493832663276943911632207127780911362017723146134210280491136301352878879839475320832555049025536.0000,2833950137982498935668736.0000
186195495784.9374,4547774518018900791046928334904943023131994798062750362743501788123002530196675134521095747534848.0000,3928247641567.1323,50774218712860918569505520018952292508665301806649468111983364077571940290291187424260054889529344.0000,2474792202831188703516261622375090008523633332640949307317420032.0000,13178728425129602615083008.0000,156928577075367549603538052037937920181195954454528.0000,209931370996914224115070825711341158793216.0000,7821453672786036132188137557253956232734153695870894939160889133617302026491480110861910016.0000,121463719036962153665757714215502679808723129324119067559394063135290167087864869229361252144604725045421399669251098309943810815925900250361704218624.0000,11132901917923361957496975088925734092668909633668365978278187377193938292163682161323229813831614793650033963595825414144.0000,50048984073839474158035935222057704922119570032306741436688713358416896915342195156345019708391286636544.0000,295422938363231744.0000
34402647756211.7422,228328553447772574802949466070533804964883581610805550066227992325179986855954120664254775296.0000,9375252986750228480.0000,41632136935701279388338574194529626960948539300431613480799273113092096.0000,12012125627356405152574982650108461594651498760731017499332662272196608.0000,13732873759488056.0000,21995384687780397502938955662804941004225166442496.0000,20585269255577123582058281801089024.0000,1246532201434807830521501424401311065794799770309104715121690697432440182955101785213286087790219349561704448.0000,4933257897864441684761511454049384340916879375750773132002500672706922208399336933983371103182588737486848.0000,376818826684676568406699083077664265351099089301403536496390999100930808198348462538095982735785984.0000,83856741509075691064969053741488741010549116559908636169706046985547811750920749179731968.0000,57433424281330247532544.0000
6476388.5595,10966263156093003286031237453217017630202174783425204679717832854337165946977951641151471616.0000,213153031763.1278,186223533297987523040324268133431307033460976935832833750592901123640246873663245123584.0000,10479163746260299962303040220664168448.0000,8672397511191086235648.0000,15723949552633398447099754760996336435200.0000,856561943693114527430545284005888.0000,12307356888306854189720413988366308319207716405966369506694529024.0000,16083289721045186063694665690545653409569450090865147991677388487465898445323522711507443011063210293454708932608.0000,26929162439675511853116746988864918813749653840683158764796138641639213244572285301910873422430208.0000,824592460353502820641245330024702615859979571873209909991495555730305778012127232.0000,40981047002.1275
36923321.1132,55037439698402772727423805466245098410188281110069248.0000,3450543718.3559,1571925500772087833534639852798450843070234624.0000,1382603874355199307352676631576576.0000,350787429893.0668,166471474471844939944689664.0000,145589413757514727424.0000,67142701504631000589692955491315419383348903018496.0000,684022267850292693755683103445903336446248301646863521963992678400.0000,1785822994193152999528789534429801292811598533043408601088.0000,40200920166747759120772133578745489410393597018112.0000,43393053263.0015
2393628936.2960,164964806244338918586919648637544838986849999321371175531314698317093631164416.0000,871895495453.4838,190125927813442247789356222932384268772057906183845108043913004014704229613568.0000,3102195425304409176440892810842017297896311151919104.0000,243208587861108129792.0000,2698069235780236159469339010199768268800.0000,959380314457557855207277048365056.0000,2719787722022336175921333880518336835696697925825042770307105897810273239040.0000,1512903074669116947516187222742346988543978215886129866438907452644792078924522855917533079365856885882938954922529038270464.0000,50853428064844088821840278184000308762862658952906198381241901951825957369367177862871490456715264.0000,1792236419452024886182561065402898709718800221599687582960957313058482661030880008470528.0000,1611188763933997.0000
187468548880923.5312,5696118356110555583719824257383205065995151018115949774683284219222291412081455108314512752640.0000,112527606911529834271211520.0000,121992181554203496567819651522122523154364834885117824601920819584285526618148360180305465812967087537127424.0000,119391737958411466318017555541409330076774088451195936211068589411329443176793463781851136.0000,33577357235716447827829509324800.0000,151335723045534142894932081174519457951414672856620249358803140608.0000,137460496933860584499182518641665220445571416850432.0000,46264044991958895959752504313407740115786269687548462730458728684518842215133411849962670526070946805711767796952563897304350720.0000,3497378893144767573634539157078548141973857918705808413343523047311968236221385763503916984662987869579877355520383133990056065173994200981415292296129344638753669038242210512896.0000,10992934804253717742574912905656933913496274700713830705669253718510110566301729739016471134147826883683773386967267923502621762249223248106328424448.0000,25504443528656186186793946131851391946020823125562076696881001535573760448072523224177573770706918533555348602093944630410637956779431952384.0000,573363638316827646202216448.0000
723978662.5224,4392786980004403116196574883405654376616257489311205217533952.0000,12509098068538.2598,1557910897760434707383863693459525938153465543206368660422656.0000,215030359201328070436678546605649774380665119178752.0000,3476687988156287488.0000,261983425908135853729997006531723264.0000,80413462671653661446183583744.0000,168075748031737174608856606327497750960300828984992707224468965954682880.0000,1636841768494614767393293215709669922356478969603217208684448880338627069714651158511937276182705586831360.0000,11476676827300271693386993953337783431071617163337287760089442717311980155132968960.0000,42117431506374415929636090168256574321735861092879904054967784234306986477355008.0000,1122288443387150.0000
16852139988.9577,90448398391126919414280998884938011230733349134923305540545886519600655049424896.0000,3884926816810735.5000,82508856952041179382517289816862266525602032366266433769900384956202220767148049956864.0000,252472548312721226509823738473190484016851675757267280755425280.0000,4027192753728176443621376.0000,110380220692198521541731321359542297804390006784.0000,271898557514269829969120900701891854336.0000,712797732959278198775199808304028856784950269617509561542304133310470573528829144577605632.0000,18786257937927353151976219997185672058529370246722907690003784613563339261767011421604510980722544409474460655782671775658433066958744853676032.0000,281025568972645171291803105589792682809269738345028708154843287374269764187785139366897652495233340408107305533440.0000,432603409648470538029954304549897913099923187852869774918937784882204447183294733070721215384331388715008.0000,737914355703142656.0000
3507206149421377536.0000,67908375130178782781748137664503760455029152077015215348496027539917954252911177088525065917130334752167992081820076212224.0000,103013471965775504427026743296.0000,195541420161455297367734608157732253012585003348202019771261734866066711381255142989357988616755858238566300840361984.0000,2548718817322868939662392384024049424818915861548876013490614719621372163753199016350983767948849366331769749504.0000,3547913153500501433695838457036800.0000,31739908313034022348539031521249116738128765939499598471779827006862000128.0000,1343933190793554062480943351863351507259115953637942099968.0000,143720611035528207665593889217231831622906102838661921554116439626583119037947562664690450178635523801299167151324677256973653281305349835239523427915363516416.0000,35114253183266152559245646341666423651624189458851110032040679159650358845468580058090678480470490677272455666554795104083386129323745124437831956917665152408110703875567311565211019742520207780049026084241408.0000,17515716575573109255417970048037839394367829785054370011960263767152524561023438442671002774781937970620379428607716853587366248663077207044816026721665963044759933026304.0000,2028775680206249030584804600670565617879899730748240806211773757504131188466248296955562146168386054521448332623257317625271279646936698519639420530044743167508480.0000,2884648677410471260855841425719296.0000
33822318877.1568,106683250922360598668848293220146625778299074647156705984512.0000,295494067272124800.0000,285638791902592419606305508315502246486610655197898107031231708618737005363200.0000,3121196779169681066375619811445990356516030793121792.0000,2706134774956725343617024.0000,5721734684996036114692627865953659518976.0000,306352678087965629883219657621504.0000,395602184968729312855301796366975026772373215420996210509997680885760.0000,28150376830878816875616431645792832183870919190614042846009026159574585622840089430357841314610744448377556887387312322772992.0000,230379048782906082249437332109166186164114755954913149736592642780856888825661697932293530714112.0000,12051585875371229328002516604156198264734613393532334569355177142214082711339148584681472.0000,3076423709303754.0000
128143456.5277,88678378070054766706015396529786819768838262487483376059023360.0000,5459901602.0754,624665531850826741362404896892028431493104925187099328512.0000,684510767728088184081969868844707539320832.0000,699601570938827.5000,56476955478894708905942049619968.0000,23078069595594610790367232.0000,20273515229284142115420388404876706217919917876631991924817920.0000,24416758655265608745019463103412097425254302764014760985939298303658614091545526837182464.0000,23962427299853606463384637463872691219653085120712289862087481286572638208.0000,83465630906476818521765740926815534157485044963019566132651622400.0000,12075976768863.8672
551485.8290,26771997711227663686624759250944.0000,11681323.6723,70870240766753640.0000,9513562133378998.0000,76885.7032,997182102934.6583,481030699.1991,76211208204005389893632.0000,338782519433314466529280.0000,602714946661141839872.0000,871520307760860160.0000,1195354.8363
108125259.2141,12218035097663014494512986194303801168310874237042688.0000,379237924658.7023,52732831525774977513958503404854887384105655205888.0000,696986827960128740441527004492151451025408.0000,130543226688526.7031,1042077349219197369129950511104.0000,415536551223141972574208.0000,9251343857544821790430545698477688940871373682094118908461056.0000,5773167604868151302401990350956016209727028799620092111757372537954946952879669248.0000,101680640325540383113335597771614764999059734450888495805858641346560.0000,918453444951442032145882441263665853657960817178549154096349184.0000,32685252148697.9922
5305558.6672,592683584981678533736660992.0000,5949234378.7442,1192993546192977062520618777313280.0000,7234287446287971359571176325120.0000,81957429708.6838,23469040878775996416.0000,2104924911688351.5000,4583773196086743745072826246175391744.0000,11867462747257816110852046661517768738906473750968926208.0000,67860357544102632612770260696072272513859584.0000,659190562642504681728009307249915077853184.0000,9916566833.8518
240160635.3034,21069653793085362423671038944987694385328415571968.0000,39158115810.0469,280093858301335670123093407971943538682232832.0000,470600067314642107795496553341255680.0000,192546243072749.4062,57873434115718151929856.0000,216508097424093282304.0000,42617281251038847880246383916215385226959912960.0000,4655124720318339434707534538120564474969141180468248112339403306561239649152401408.0000,278054790575173414568918788815612837486870087484140423217152.0000,1882740959411278301027165141762362784254387419307166400512.0000,274498268404.7910
715394267.5887,5833635230078699571682296153269693745190349242139058110464.0000,1014431832046.6345,225949769164484905765497245420524984102916566774972416.0000,126269801535908909782476944155916410520862720.0000,2404104250125846.5000,2608383641856940116348300689408.0000,7451881433392729162776576.0000,1306584714866552503409673344682015197140064125988072410365034496.0000,54985034062399093489684780785160980206498941724354034029544965692023521497249954684645408768.0000,3145959855692258425930901853797292019834324294414569884592523914338369536.0000,213338940661017514900823395775105445540525777862896901018151129448448.0000,127012549124266.8594
824480887191.3019,186140968235384132884980071352662155614972083002389542497356156146411252145717505563820032.0000,7821127555215832.0000,9355988142912936684823814577927973370488989040669134231608225256946544669831987200.0000,67198697970782793155324519250094113077057168994132763267583367446528.0000,611830926216763015168.0000,2006586795821461951572011460987908279598594392064.0000,24448936782791112712497874266354614272.0000,53055003491659563646202899111188822621865874696468534480806953324165574488788022986270451345391616.0000,56053981855403037814347581237182388212490788276951441877625437295827921639265826476153807402449444197601155320446171473389755039744.0000,422106264069778847773144007568467484669421438982330445703547796754201106975582185284566256356404203997955620864.0000,4417409693799777228686458951425720700272447053339939082936050082849779745790553891329758525554425856.0000,565726032992888750080.0000
28333545817.6590,106545222959215240540193914045952951682957866638909502793495905026728525824.0000,457359236536248.6250,711863544215348649564430555132637130945438049718207623783523182689383325508829184.0000,14178434916268366294459146820016244436143900469639696546267136.0000,27195968822993439686656.0000,134450074154607985197782496256654834571149312.0000,508834178213800544113521104470933504.0000,1052672828110504827502815396557911704795002691252525662942601012611922722737516183552.0000,136376706982059868367441850502086017291806900932414880789382202920343235637114090573820185421436423330889338738449057187794058739712.0000,13971512775028655857942027331641248962384989673762626294476694719150750683036484672970515421787419928690688.0000,1701010503737260606094815242610577531550768168430419054850263197107384204270737715227191052075008.0000,881573457768607616.0000
14917792.5331,67225080505963288088700826780154816475693056.0000,9399340858.3997,159620537622863661622552023833354869960133836800.0000,8606553780526302780761145915515863040.0000,64782192797517.8984,552303706957797527054712832.0000,4586860171813892653056.0000,1425001701735819363958188577029851699555015730397184.0000,46319915293758914721874305140319334464260141826986068230239280628592770285568.0000,314390718511405467213527543805944702057659514848348343201955840.0000,1722899393832088600821403433427175897743315227749614878720.0000,470218428138.2468
62718.0964,233414600566339612442624.0000,1020529.5148,7430681201981142318710784.0000,11794797874400995328.0000,167389005.0762,123666089087732.9375,842376916340.8140,90399259069693150393008128.0000,82275757974349540084678280078580781154304.0000,280678590831787238439237978161152.0000,1127016003090485509743745957888.0000,6041832.9604
