778.0025,776.0578,773.3088,784.2558,774.8943,791.2621,770.4874,765.5558,793.3641,807.8727,736.8819,788.8819,795.9391,752.6283,792.1317,745.8275,791.2935,789.1304,761.2309,767.9830,793.9218,778.1486,771.3074,775.2228,783.7631,773.8831,775.8522,777.4822,774.3334,779.8457,779.7246,776.7210,783.8238,774.2506,769.9407,776.0260
778.7801,775.3284,770.4597,789.9194,773.2515,802.3827,764.9935,755.5112,805.5680,831.6213,706.4600,798.1627,810.4252,733.8723,803.9098,722.4965,802.4106,798.6510,749.1538,761.0277,807.2267,778.9007,766.9118,773.8482,789.0084,771.2551,774.9013,777.7191,772.1894,782.0330,781.8414,776.4802,789.0881,772.0098,764.4693,775.2520
775.9905,777.9543,780.7633,769.8740,779.6720,764.7641,786.9301,792.7671,762.7090,749.5014,822.0518,765.5288,759.5823,803.5826,762.4543,809.9350,763.5196,765.0086,793.7590,786.6304,760.6249,776.2285,782.8811,778.8108,770.4790,781.0305,778.3453,776.8689,779.9355,774.2182,774.2968,777.3520,770.3911,780.1305,784.3070,778.0359
775.0016,778.8875,784.4431,762.7792,781.4850,750.8894,797.0583,818.8284,754.2301,730.6203,876.5849,754.4449,746.7667,834.2035,749.4996,843.8504,750.9636,753.4271,810.6707,795.9244,745.0167,776.5890,788.6807,780.5678,764.1280,786.3358,780.1508,777.8840,783.5066,771.6755,771.5982,777.8892,764.3895,784.1255,791.9379,779.2244
774.9577,778.9315,784.6258,762.5729,782.0823,751.5729,797.9694,815.3621,751.1666,726.2734,875.0446,753.9970,744.2286,833.7429,748.3974,845.2705,750.2831,752.9210,811.4150,796.5379,744.2973,776.0381,788.9557,780.6598,763.8744,785.9493,779.9883,777.3504,783.3312,771.4754,771.5133,777.8177,763.9131,783.8433,792.0785,779.1912
776.3839,777.5824,779.2957,772.6523,778.6663,769.6721,783.3103,787.1180,768.4780,760.4426,804.4800,770.0070,766.4858,793.2585,768.1433,796.9514,768.8100,769.6653,787.2248,782.8914,766.9953,776.5768,780.5911,778.1050,773.0343,779.5433,777.8432,776.9665,778.8201,775.3104,775.3514,777.2237,772.9843,778.9512,781.4663,777.6388
777.1878,776.8298,776.3567,778.6110,777.7147,783.7251,783.9739,786.8319,786.1991,790.8800,776.7006,780.0352,784.6852,776.1516,781.1496,771.5399,781.4343,779.3848,775.3273,776.2812,780.9874,778.4610,776.1625,776.6955,778.8514,778.9186,777.3658,778.2610,777.2528,777.7683,777.5795,777.1686,778.9155,777.5717,776.0739,776.9907
778.9947,775.1399,769.7697,792.0056,775.0403,813.1158,773.8944,759.3867,811.8654,842.0883,701.0799,801.8607,816.1160,730.3845,807.9400,716.5843,807.5150,801.4677,747.4171,760.6443,811.9816,779.6801,766.0252,773.5318,791.2656,772.5405,774.9478,778.2362,771.9514,782.7801,782.5752,776.5240,790.9837,771.9655,763.1245,775.1048
777.2991,776.7292,775.9802,779.5623,777.9966,788.4360,796.2456,821.2490,804.8150,818.5477,792.3340,782.5854,798.7524,783.6871,786.3175,769.1077,786.5427,780.9141,775.5693,776.3467,784.2619,781.9641,775.8643,776.5094,780.4524,784.0348,778.7748,781.6661,779.0696,778.6822,777.9073,777.7453,781.2060,780.1324,776.4329,777.3829
779.1340,775.0004,769.1937,792.6399,773.0508,809.8958,767.9100,760.6501,816.4952,850.0452,698.5268,802.9691,820.7729,728.4328,810.4352,712.4648,808.8252,803.1026,744.5409,758.4460,813.9314,780.2680,765.0693,773.2388,791.7853,771.9310,774.9370,778.8139,771.8377,783.2194,782.8392,776.5536,791.9971,771.8638,762.3250,775.0460
775.4108,778.5476,783.2801,767.3677,788.2890,790.6067,858.4317,964.2221,828.8821,837.1098,954.4022,765.7115,800.9114,868.1126,770.2640,835.5819,772.5824,759.2914,815.8137,799.6335,759.0895,791.1854,788.4433,780.0386,772.0444,809.8476,786.3479,791.6871,791.0211,775.3881,773.1164,780.3282,773.8847,795.5439,793.7291,780.8406
769.5568,784.4678,808.1882,739.7498,867.9569,889.7675,1216.4369,1268.8123,754.2997,706.9298,1337.1887,724.2932,704.1187,1067.9745,696.9793,1075.5093,736.1702,696.7549,964.2828,900.3533,689.2764,790.0961,832.0336,792.5075,751.7180,868.5894,797.6984,792.2090,812.1661,761.0795,761.2803,783.5081,741.8385,820.4907,838.9794,787.1830
781.9830,774.1284,775.6024,897.8790,1334.2945,2846.3577,3191.4980,1388.0847,1080.9182,1351.8807,695.1875,995.7639,933.5514,734.1716,908.1599,685.1382,1117.2922,862.3950,867.2838,926.6850,988.7332,811.1079,794.2976,777.4034,923.4641,961.2705,793.6965,797.3654,786.4372,803.7211,810.2818,785.5365,846.8090,804.9777,748.6126,774.4475
804.2907,758.8266,739.9668,1433.2959,4055.1984,30224.2750,168151.9766,49328.1209,111171.4720,198882.6503,35561.7862,3273.5380,40486.6506,8653.7083,6190.8679,424.5969,4689.4658,1416.3281,2434.3667,1808.3856,4476.2903,3590.1124,869.1143,758.5452,2045.6267,9032.1100,1527.6858,2858.9955,1473.2246,1208.9904,929.3636,992.8169,2380.6952,2585.6433,1010.1650,935.3314
791.2499,774.9326,805.1527,1431.8697,4673.3909,37196.7255,235361.4565,2450838.5526,2140474.2984,5016248.2792,1018008.0201,3703.9949,236183.8185,68588.1224,23487.2324,1502.6051,5983.1035,1348.5997,8427.8770,3802.5107,10070.2870,9565.6935,1397.5712,812.5793,3564.5215,28754.2327,3264.2864,8046.4653,2870.6110,1564.9268,933.1039,1306.6586,4418.6244,8439.2686,1867.7646,1194.0955
923.5805,4455.3456,2901028.5277,107644065.7883,25015834219146551230464.0000,2383623404340245011869502864184903448313483755520.0000,49024333545593444590694944966420964786533890159204306500748588996795561934848.0000,1964253224991811758356969078161317405277887483783906240161791133200760429216366413487871623168.0000,20398770868398086310972601196653367594038372982980021999200959604672857899008.0000,2631558949628261201581311670526304749991420218931462329937650591307250910963433472.0000,55313515342187399488103388186797007809731990007689331346160826346994395767141040128.0000,228978090127290664145125376.0000,13402868289092858513516731293685027959758332198114061572160618496.0000,3313088848394713707867417393095460154319106883188009853779968.0000,124869867920443315115125761808269312.0000,393087932293693120.0000,7654545381113563224957362836078592.0000,1918161556098.2458,62767982851469017085711050866688.0000,7707595758568727019257856.0000,4511883655263241310830592.0000,1665870949060716941403451076347166720.0000,109456171508.7645,21706.5690,524662000065514962944.0000,3179467097783392995589892223757926358404516806656.0000,1048868435321487909453824.0000,14759980522665039920601157425168384.0000,46306876739173862483165184.0000,46636246515051152.0000,83642.6725,506266433707384.2500,54627181130313699069788160.0000,68555399089065391133627300970496.0000,180349132216446156800.0000,109239289677022.4062
772.0821,6683.5589,52856540.4435,38999232687.0197,2242787869810913657835403345920.0000,288722148548294099542905919522295278617344399138373891810020818944.0000,95839345555574425493524747976059258504564744062160918123747560639298636087296.0000,93990795994085650212975304926680303121552515958469077147161897222111832775327744.0000,3366159400928165307064903086753629679770220920021614406896975872.0000,24455154889211744843459784449787182521237107685795791655403520.0000,810236016422506853190078472872310704791070246772065517838104788992.0000,1442886625037061038538752.0000,137263423740330915374940960692268632611401760768.0000,4761365334782186279188179075135335693341922840018944.0000,806038731871065145868288.0000,26862074565187360.0000,130218142957973371598897297307467776.0000,19132021483.3168,2486874681251126566712170774528.0000,220248654279763055754608640.0000,302495768980868288.0000,12361236944388067314450300928.0000,469222608.6970,274882.3446,135425575971073456.0000,4432136210362335137291565392332250077613522944.0000,94203757505103008.0000,769037801421832547056222208.0000,26472374571713349812224.0000,32036933839790.7461,2373185.2054,2845177716173.8042,74757804656640458752.0000,7624838972183432658944.0000,13577041307036262.0000,205381867669.4435
775.4910,1283.0645,26064.5821,906854.5673,6876209900804.8350,1368935996828207242280960.0000,10206841018111374602931558940672.0000,732525775029540139040768.0000,845050225812582543917056.0000,5242028839748789248.0000,5168681263352444765601792.0000,30959307676.3788,391907592687192768.0000,15375851564852643840.0000,120187297844.8016,45945852.8735,29178605583518.9492,421591.7704,254124756228985.1562,3107727773597.7925,5132367161.6479,407553539158.0515,517902.0440,4416.9377,9888805478.5011,1790872754389989120.0000,368572377.9927,35495013318.1867,167169734.6399,2109594.3956,14213.9849,190790.9797,3452074506.9287,19463742354.0473,8090904.9597,155049.5712
826.1390,3452.0168,389921.6383,56041454.3862,75430149628544128.0000,21268381462949791655207106170740475503690383360.0000,1206079159622386009646909361348490207550507198746625061545593274368.0000,41545653893435998245590449387796239121219367806246427926799164372188536035215591425387583338708992.0000,8320607271375555755880935026809556624860886691845656933486745210602412785675534336.0000,8176189814240595459567279848754985143980961952470861731491491064057360056757262969995264.0000,6410135193907340226284389900332677589873395258298409354254324195277116480299215546744832.0000,44549485178477558628352.0000,1035319952963064978500999589150612769806009928580226423676733489152.0000,2801569444268672495400115511681944755845414860614209911362945024.0000,66120302037333497928984569285850431488.0000,998141216431295104.0000,197771347559076992736774458894712832.0000,52621996562.2131,6379541619186984534974381217021952.0000,49050953671348307556827136.0000,339121589762505564819030016.0000,7526847706999309999678737097269706752.0000,7219788591549.0830,8963.1025,137625323587371810816.0000,35678759486557931171687350814031680319630205779968.0000,1055111908093499797405696.0000,2861388562269473230311846566447546368.0000,4936029870729140872390115328.0000,312040217625719872.0000,54534.9901,7027961559927090.0000,127785300580817830450036736.0000,2952192330888287303035341322059776.0000,5295200556654679556096.0000,322978884388674.0000
1455.3412,16216.3564,26251747.3390,104448205825653948416.0000,9698499847282325761039037104128.0000,628307264172807300274776260468207036772088747401425307048207741616128.0000,611065424806870360683270608232159646857769657664643043245915803812113838919243569166052668311457958568444349067992334598144.0000,387261366549391116773705953641250331496658352857265727325886653476970235674922587537699773721907720957412190708941006257970117895322732290818143813380402408444332864578277020522281597007846671646720.0000,5635815918426236035843937317923277082631967976718272653405375352078669654882429802917008753856934637975155429032111682617344.0000,10953932570846196779561488062205761635593323478753750594660387298196353655327019617669949769262623661845528393962369050513410555137691224986506756096.0000,139709503894631807360705942523723570155412167977111224383583186191237495014636641869585709963195907886917467225798827813045956247552.0000,3704344221228046975079384482734774849372160.0000,22844784913716598168583629746791522553546468371203120502336304436456872063356059392968275327877882339917824.0000,7278613540642482523990291963323224927050761968151311459983872137439513435135397769272390320128.0000,22251505330453629431114005485591186123215242016994623488.0000,64947320929144050554434347859968000.0000,1673060964111508514021509427700429066799931581499659485753339323938242560.0000,119243510503598480.0000,560223571465897498698070907269677056.0000,3065441898588317941538994786972729344.0000,596861368957062040347571020055445504.0000,10463154951219705641010355467310740633091043035885600768.0000,788160983580597551104.0000,17294031.1485,3268924374934247740058632192.0000,37052688435201713259289701926139694637260458322676936366889758384063512576.0000,4639480726654289330862199581308182593536.0000,45447720390892799150342855672844806955293998328624185344.0000,118999372005332765159961242141981464596091764736.0000,488178037973545430057746432.0000,6264131923.1208,19311232923055001685838528512.0000,53908242234262697424035068512305152.0000,3406529129269524866303900085931664801281267990528.0000,102224097950763806693648647585792.0000,97753366730221471924224.0000
1449.1945,47465.0316,470647386.5067,6401662965835541504.0000,45857546575325016675004799981300219904.0000,49228221960383058426049308740870575248518632172957812718101856256.0000,8798264151694981250180914126105462408677865264219213564033303334218831384912164948823898981635457024.0000,111227925483063728375508636167901602853506886359295670588291085491107200371828811890688.0000,44162456700439898102460505239163601418407947979653644288.0000,253659017881668374086430728530377331758101953156753653760.0000,114430078371424989000835034112581234397998791249625088.0000,84161946766780118265644874993762304.0000,31927307743794680102518295783019279082848256.0000,11545817405380503740748434378445462714846281728.0000,521935408167980892160.0000,902620388381433.6250,9442958078941912301124594189781151755796480.0000,43078782061568.8281,495608494660891403089144730091520.0000,257203944710901538411278487257088.0000,217637582963208130605875200.0000,28187954106523594098999296.0000,1690410328778072.0000,89422635.5617,2713543713777780260864.0000,93815778635198971341757141420586739583544197120.0000,3440636413327.1763,83239942665351660044288.0000,5652092973065305063424.0000,817890558264406.7500,7432064255.2074,3674727215553.5049,23037210299378515968.0000,581771907124253952.0000,2557701762865.1743,21212537743.7952
1563.7261,10867.8096,54046524.4047,128348543551278.5469,281938908206144643035731853312.0000,9540962639127890796149761364106085401867267778405955743146454571548672.0000,1264274395773222899516731952124736677735334286146471809842398079662886536954984674704299283277546449629658773789590787834511360.0000,806400445294853297346885878915029971811294862003699278444784372161273162777757203650566213775213288427087437281387344083831497622428139290490407786511901151674442845495427596288.0000,174308181494170727216810252264697186366630626156878500936852277086587072921475475577301873758774484003303935487551727741697903085655949312.0000,13843208736756763176819154999016877573034115549672725854890572207538048625685286181002330550768518468465731566932608050304633863940699979667775682927700345880576.0000,13654126759425197928167635280148954542203028416826262090935832302809364541103399454955497690834534044518619574451978036173837428588544.0000,3761700443894897708204576192593644853657600.0000,6488726224597647307159673452953739194407814800985575961897623822840950136425397564818458102697607672067468453478400.0000,2873429661145649073834116152290707247144865763149586976388188101046282624330688925692656214817636352.0000,308376766119175943154560724378622245522189213963494826218356736.0000,3527156340956016653893632.0000,40081422674191462581201533837449211040603791576507818703044448188628992.0000,2256017223731500032.0000,51899453791881080518337742191191973452316672.0000,561126023086116329745484219114586112.0000,93614816437895987106183107742154096640.0000,556241649021946488652474615999847789905872391432613123850240.0000,1016245170835744000.0000,453432.7700,42020484903463050135165992960.0000,399717423391254706104368170448444596426955785668811043698357216645315016328740864.0000,410086406598803953908789558256575971328.0000,235093245223812969720379991440967305276595173061948107390976.0000,217463737898414639619501033649681799704922292224.0000,1428827951608889064961343488.0000,26846295.7282,233010314796782517722546176.0000,117876220059638946297966869538648444895232.0000,6023251965260396744244864727508499572717682862063616.0000,1636976972707987236795698972196864.0000,542124805293801677520896.0000
329.2844,3381.9242,811266.8693,102209.8463,2326941738052.6719,144665872657800348303360.0000,9120906778757156279451834885790850902599141425152.0000,22804401369122173034735376613161711814049434578248130668539795374447874015232.0000,2024695728985543158109045755305261006848.0000,1306384893823049101738263464051788350488576.0000,35423843345265485508824346055264684282538819170335457203898548224.0000,18559648974.4300,2971648752110059687229719052288.0000,787854632371055104191884657068354780474114048.0000,44325312246377.7656,68641863413873481671126286336.0000,751991422898895847424.0000,26.9929,112922545609219555328.0000,2687071071479670784.0000,2923142.3612,40614792109075922944.0000,98142469223.2378,43442.6924,487920702.1454,22129984561856417047466999808.0000,1286836308195261.2500,568853641512960589824.0000,26287907817809911808.0000,900297469.6262,4704.1814,317170068048.8134,18713756027.2116,54068562995299803136.0000,4745966180308407.0000,7210453786.5333
1965.4127,5770.9669,2205292.0722,8058319974716752896.0000,135806342214957318275072.0000,35898782392370945285670949789364685499565803086538604544.0000,4646985664293227504427149107457369108291513704334589689523334780830292334586904476692888697877329854580902960872554496.0000,276452910625788151961394519404056367914556425696378531758181024618981749972417663876326679109845323618697391333699538040435758104244603085862393032291083174576063153949531231350334641526596960256.0000,9515848164106755471798524939858797191293472719405778190397561525364734642265238139766036451949816190974870323591940625459428073123348480.0000,72497164550220605842091972429536999576233807525757873419466697600178077788225355652726606818583428960317476732064239854518525502581391510802370802911843050940637291235770368.0000,80851814120442423232958643345707040464593633353879944074996507056675756518502160945630857012097997019024501457933912252591823579512832.0000,12334455222031999110436280977483701944320.0000,3782698956241789021974596754957168365553275008623176732581368166761101512730211936274597213947883333111999679743131648.0000,1743206335969288530245489808888632761858605262971690517224941488654457195222275969290284533022720.0000,1032449679026235023409369536560111034039155585153013988935690354688.0000,22822957477929556065191460864.0000,135733397340395836837187225429356013006806476231890430943606478366310400.0000,16145498315209530.0000,73301851707013141802937050982252544.0000,2583716449526575193751814144.0000,256922609344476666970440077415635158220931072.0000,195016476483297347228683584126031262693641382805039967371264.0000,4213772030929824907264.0000,390819.5668,64959612146235235708279327817728.0000,533906687600549400916743546185042501675953312333579937896549333487058944.0000,101812322132564906172835646465882525270016.0000,4896368928375149340435745529073497014224876330117753171083264.0000,52962196777953081428890630566205682096619590254592.0000,134195562813495838441996288.0000,323662265.1984,7511337438328765138574770176.0000,128288282664796700197128695035558201655296.0000,126058392422945435540367452764766513737831877633552416768.0000,26307268495617429457384600772804608.0000,4152968791686874683932672.0000
797.9332,7815.0718,5552986.8054,52591215451788.4375,290175563545866112.0000,512466191200907413925165128003692237554712576.0000,26619196633156296676912383410572537634329667522300712538401579596124861591514310765865835547138264276140032.0000,11721487781255850060925150720192082248892657806843746807258279927337521753174116512910127114468385818223822220421637589663797824892563176236429949735325139157885948602214051646359268753408.0000,338981257806302746714694969146958290903418928016620921004209806044159235676455459467149613119889053103008574367861426344446394368.0000,28910724726416270183460290513716558444632928072521646391940228260465465715231645317612268867737688579499447618451068926841504997757925540862323110650576896.0000,3314632004035514250989044164064798861751887683786737044990192806795649573825110517694682206169592256458018383784929908568373216124752303464009170944.0000,1252297888312680087746608860495872.0000,5032761262112202293723777599088601693722500170898146665260353237806840642647365293456519882057263129877807104.0000,118590334737225751778024456077459142879011053473988706289863704357791599622385734101599830059984558751744.0000,1530877825255552409467568166501765162813074961465061807226880.0000,178855758044597630137918322186316152832.0000,634135071275812697656806988792355060041584557432209074552832.0000,6544042019333.2480,404326563878343506757159812743187244070731776.0000,712329784489490555987459833856.0000,124127486766454219197676590413769605120.0000,49982001165190292952905463216348938790087794681434169409536.0000,8131428056385348173824.0000,391496.1981,421606065887448699274304421888.0000,1988211979186196838420009571547966851633875305714395055835918224869818368.0000,84076464550863477320026396409324338413568.0000,223712408281692320696533066399636430597147373210479489974272.0000,1121788936132913431594588317633041337610967973888.0000,11100876697265745529143296.0000,1482760.4872,433918809003372933954928640.0000,3705816556045954431182841149156117970944.0000,68398350459436455182908970567949123072145531001630621696.0000,1574522468965360862487697826181545984.0000,1926915179431878138527744.0000
637.7339,6142.5909,5674267.1274,474098566330.5332,4550048683827951104.0000,109962048232984549832044249727178375168.0000,224481979911265480563712083235142013743909118562939717226877836307459058292044743851502469120.0000,5001483094023048849715017919653125680813513708985610148402535776921860514423426425488792790656141839089590333797992485243922089876445373623787585536.0000,875158849923602034959288132518945974875841753499388274644475944747386121483709209986593226095591424.0000,111748648988515893447969661787100532712962454720095598110942461330156633094720450713819121870597636625198933969240850432.0000,27469656251035299715100114691448178150550186308435420661521995777215446345094955807485511847973283203134269769646080.0000,560999468659343631203696640.0000,27337719785385338930915051463543199257757888801428030074410169852214287173452562432.0000,28466722620968739116496055252247421955206408239477653667650584733093394799761817600.0000,607923803619749558522277157285953499006238720.0000,29033402660242041094796121997312.0000,1124076258356301904351836370789322561086874976256.0000,394064446.2898,1737411606003106643462324777648128.0000,3672580152201856023527424.0000,2297803345284318384669851648.0000,460003451496754987736495405876040480203997184.0000,4279338034839960064.0000,232582.4700,311230331742538694656.0000,1376453536218679432587648805135923679813815470557793091584.0000,25957207406616336771827804143616.0000,12971243338559496862517363677446026814568792064.0000,383287310165830141037293206268274540544.0000,12962513211750082560.0000,367987.5017,1696559974543670640640.0000,97457950924013414039112646656.0000,12609171813540705828225432142231227391279104.0000,75285478490621292547424649216.0000,20802559843607080960.0000
840.7609,13916.2176,74420453.1855,545615208476883.8750,5574552745720185400328192.0000,164599674332185683394328033988522182372275008235896832.0000,11120675040472372674427125864982548550155826089704663412420679720719309914896159883313751712637974381884249242337280.0000,438354841368770194471252134424088362743214113220489116656651986987210379829851547133273832801857436225729046571000140697375651022688437390470828759129956610050981926671482880.0000,2562010991674215514498636182417894367151539854281690197504404061812503514743513818335727861436913900700668424703967232.0000,395402779042203741810639466513738157886390166371496656551618110708959102452254713016325018260092702462662291352873164221048125077947955544064.0000,131854575996031945449771421894907657933431416642541449277390627084856792198464824556852481548475700735183613592475952391420641280.0000,285688334936700022257496318311137280.0000,49113206039104024570084842030063860549802542784968948870654262741422527736742985278204160279314432.0000,3642103619793433141024461293821297066222907599474046037499458112650926419139613272776586035200.0000,6119811621549287467845442057400714678837167414837248.0000,1430893578588555447482044616015872.0000,4344267940288218008299848715769825880282446674506204726689792.0000,662779525532.8906,754117158491951642936808688689610752.0000,7412473285181131403966967447552.0000,6937220456417296619953826299904.0000,1807696663891874065119880968298824769169904872980480.0000,145387050828013912064.0000,1005166.9585,41371631233773722402816.0000,215313302419613558486699337650334685673887448881371613059489023918080.0000,92638985128668384514250003636551680.0000,263891401946923731890917123727132065803183592327610368.0000,915226826526025765858223304674083989549481984.0000,34605841511291346223104.0000,13117149.6333,8392934400608950764437504.0000,1739123572919363275413882369212416.0000,752916555899825945432292420773324408100835295232.0000,159227801634972955119168943816704.0000,14143834866620682993664.0000
446.7919,7275.4775,5623903.4331,12203029185.7284,489808439719890.9375,85203415322289027906918944849526784.0000,39249511120043759101328559636114094286121030941242467941713596157030098833568505729646592.0000,17541658890446673457902414627130474375622487532703608409552210687747930736427486181298532379214522251249278413807346044229030982130830397322812672966656.0000,93667119023674176832634811899976268496224980401200302525571360601623658361251152668561407186221137920.0000,8635527974502796605718043097242733190429301897591306204742986299478703050921317475245050584328315267727095208756641792.0000,41408720544698518527362737037702544101153126247836884877848410480713744158562458141089262714158414230220844088131018175773933568.0000,593466846116612914806784.0000,44828107594935165616868812328153303894111931777591609839312287964703137721497944064.0000,782413644914769038510429410210023458789498037559012867653741051169663502049608330150674432.0000,4590812714976744466194417937194216240864821248.0000,157831604676989181407773758947841802240.0000,1016819363731476738150816604360510403527049216.0000,36761191.7239,21598585177810943009146765296219350630400.0000,356911177503285445178425344.0000,35242546993908667371510300672.0000,119762736397380105188209429709322629028079730688.0000,820577387565193363456.0000,432316.4381,79063578678417025925120.0000,359726278420796478807146437736672576683448912517671753351168.0000,14273186039449075084894959900295168.0000,611398903342271677851209536602835257018952974336.0000,2684942757755565116552335134057792798720.0000,23620439477377097728.0000,66670.4150,2035024262301250224128.0000,9391010887615869126865995169792.0000,7125995264522689106050213263825199217887936512.0000,18310573489378979699674442629120.0000,144959942091492638720.0000
4729.4215,647.8063,395.0788,1317938840394923776.0000,56433199885133.5234,144998794364610816972801294604454493979410432.0000,23225261108805356849122352297195822585496192636486541281914861387776.0000,3060435933177500975186747256428806880141894073046943059871076712584869846303114611454163614984994397829075389304127354830848.0000,11010279312166679459585341326022319753122660905194521418485498245934869223041257033667660976060628992.0000,1907430051235209314482833562695854556848487159741999597966179382607112599665619428245797040957021286345103715853486350485483575341744128.0000,56678609777837086478586804503309295436891442350070211348470980694507520.0000,33586856249607391625567306514432.0000,669534969527289223158571464376122340386007205785632757714050422199170490874166344614412288.0000,940787356737652615971485436022959805157102093074432.0000,30847815945866728750840014042567225150312906741816229888.0000,5810.3564,180758814230726808770141567969306769637806751866683392.0000,7073061962799054848.0000,6831839225738058752.0000,738760181756.7916,3663923311832183399809056833955213235716096.0000,2334599757979435538425408963458571381506048.0000,40559892210839.4531,83640.1544,6365920779449715638566649856.0000,289515824277483435094515971983336117423308800.0000,151912329395845571751715012608.0000,739500159795703579741478354510797116276736.0000,190042754339200417415165542137856.0000,33560924052896702464.0000,162443186.6244,9641043548817641472.0000,981924979544107722299101159620608.0000,846391831036043454379202349824810680320.0000,173378962671155609600.0000,43348780687203832.0000
256.5205,7948.0028,22178871.2756,213383.0499,46075239390253312.0000,13190153684372533529372786688.0000,7325157513638538617826516185683491783740227071992441195921932288.0000,93979222965771398521087614008344057136371228866282734031674738907787930747110089560442353727043401056547504128.0000,7964683482593408954437086393392274826746355076860825534034230674194432.0000,109223066039304103898860606511815486580767694839393146012986990711043179314937856.0000,216702945492794762055468272575584574294036238219494868946582483534993443971887381142651037752798058674074419200.0000,1938473777249038.2500,1184410885898692953669509527046897642830349798974662115328.0000,869895369425897773918620275255378531210541968933180747046319392479476973568.0000,5590328116179298011978890477568.0000,165736448307076353901887807561001861120.0000,5115129721056415145000960.0000,119968.0989,1620551397745906946492804964846940454912.0000,237623481766093091785146368.0000,1956914740737275648.0000,2101933156446470771834939164248244224.0000,32757419997474748.0000,234496.7709,229037282060299104.0000,16416626111101030953506609249569896436814839808.0000,394594821185980260780343296.0000,487801228856932137261642757804392448.0000,169137680816078349423821717504.0000,1800513920917812.2500,709.8487,16198924155353502.0000,47596538466029413597184.0000,104898582826916118552503860550596296704.0000,40049338189905493237956608.0000,2070157080976730.2500
904.4878,1210.4880,5709.9816,253869307.7136,1628644895.8851,8587145942097363968.0000,38655886929851466019481809024084934131712.0000,470744671830353760466025361258187183479855699376019824664183887370387456.0000,41560931115626611486777730922309893427785682124800.0000,1412838438156131538319925318532561958560564094213877961504849920.0000,2338878004702179158981541887150071780679964094604771328.0000,143866194596805.9062,14864701879937837307145830620885211104149504.0000,20638087804680515306505466313105735680.0000,342320894946659042016100352.0000,40627440882344.3203,28779984281257838376910848.0000,11845745.3306,160154856705782880.0000,75977592643.5083,2305676133968500736.0000,788406474719948915605504.0000,48332483221.8492,15076.8494,33018288920162.4531,595795742378744858883915776.0000,272670143380831360.0000,349450842177237550104576.0000,14277358274310283264.0000,37729928874.8397,21695.6899,142759568984.6305,48633463957932072.0000,59886401181766758957056.0000,243313519428920.2188,21089846016.2216
439.1365,5228.3211,2090359.4212,77051169.4170,217274269135548.9688,174115749584553707072510704484352.0000,247560427724941217535055303172704657369987376179626137754642225349200042786816.0000,11131040422983367190989001138563439202019937243269182716188038533361165205619782267904219100820795831627558071271002051809640448.0000,7047870387018482896157738007073455234576793439579387472417627517644195628996100096.0000,421697649605135290629669504747029644741454610560436262704633813352243190466893263253363794903040.0000,477031744218020461559231043233402427041343569444073577573084224357393770849648524283479243193959506331566080.0000,129299480138565877760.0000,92942155508242041223008891231774040827286335957730142891250469044224.0000,3964278022354936098325052562168173882692975157222631803334140604902793019392.0000,3460397590366846992857887803785084928.0000,1375403099094364590372812868288512.0000,42280820038799767168969986594834481152.0000,2738157.5181,7782967751353282335041261121044480.0000,167533689082762445717504.0000,3384952118880497041408.0000,2959103688585561610573771327163246575616.0000,56211631847926064.0000,95799.4523,604665334880040704.0000,237927552375572432187244884537937009391506508742656.0000,10803745472548806030943846400.0000,3999144647846490911137332865066084597760.0000,1802419516172936916931827860504576.0000,40189711432502664.0000,12195.5460,1789666156392966144.0000,10624996024998280797618176.0000,63013373932294151532193709265868816384.0000,171153761124206978751528960.0000,89262742118854448.0000
1518.0665,5470.3565,2514834.3197,2774168080481.0854,157438246236417130496.0000,42277459556297673647008971173515251282658272576103807713280.0000,58643155344571305752599046969185411907198016283510351747816904583210289658478867276123562084517692066737684480.0000,425161896236864913277050167784892232892127106873311225187824249505433517841779767462541951927659355485517576491111549085672458275752772728376561354201949086626079047367272693760.0000,589641832934226556583943982613579316591181743555054106539214740086799760246837047595811055900412169134760575509577822034842298904240717824.0000,2473087954140912472666938571408549054670465273617583832458607689892540880830718095594022321516618536594925174603944944272955771696467878086870519205160531240419328.0000,909769499206555514248631873785845749343989438544874400549164187885527798730260199885616131920016394198245670617599727891822428069629526016.0000,340323320289999704412201284274560696320.0000,295245374051991565049716037924134190322472267074978954123020410185398399614322537013789756673443166636645263943401472.0000,10334234026084219808614375182857339702777500661406417731706159258797307591413585198012528100567416832.0000,80455559171122066422607112502883325391355024146643255189515010048.0000,77756702046681793889828864.0000,839422716574828498445656024922772449490727478422414827431395328.0000,1277471345876260608.0000,203802545369056950858122450037333630094671872.0000,1583472833492408928423628404424704.0000,4189643507286434543058764636489176728993792.0000,7398455253974357767542497831548526293030917114045968945250304.0000,1396840987947605760.0000,12944.2336,13243557432619115771933549920256.0000,351839067661455201764891731452939363882084209252841854867452397465607568621568.0000,27594063568706544084648316071734163800064.0000,2929143154365675377121263604020913509359940590627223668523008.0000,97120916012748010384393055713551718275933536256.0000,2931644372724407198933843968.0000,485200.0934,181255835379576124708225024.0000,8248116612724437752654634121377213484892160.0000,25867948011635158512882424429394803154092065456184623104.0000,17012741684766243926527169643151360.0000,860054600228618394140672.0000
824.8542,2138.1828,143145.8879,187644131.0634,4395115592276.1187,64065964379827031212247419587657728.0000,1429660267778007121266860129113961104137206251098211882646368157696.0000,10181917707742024572956294985977129530774132084874772909651400257485688906572663360876809234377378845687808.0000,3384639608272106163699064670503542244554167265940160803067000591299592539078656.0000,7139986348338487215765962452986154394864638491216458182264737601505991670064436903002767360.0000,58501771494063118107304389918594770019646425715138440553484411401177976722409127936.0000,1590233989528507121664.0000,14774769342875438460819923638974463221251744746240678440961310720.0000,1697195360153971434260733398665256654265611196198566315950080.0000,257690187595817536622697590814670848.0000,85668485934534672384.0000,646506135732843453931653239851188224.0000,974967020.4539,197957432321654290103926784.0000,87589854561019625472.0000,57590799577687703683072.0000,21768941490153371859212371174096896.0000,13585893425877.0840,20676.1965,110248474033170848.0000,412939193639126486168754014907695225316048896.0000,440022941574059972886528.0000,188206279991267437302451294095540224.0000,31229860688063499567374532608.0000,5996271322019788.0000,20156.7501,15408579489132078.0000,623349608130012919103488.0000,166197535978673167365911724687360.0000,1705043897641911713792.0000,502356257832285.4375
566.2928,5254.8700,3559301.1191,426160285.1833,3044362920152917.0000,337042047773682679395079945825669873664.0000,129435541253474678097522094070479371837251278493752858560260834385240819841555801047040.0000,3927849482164501001186269065422035606435868511135813209875691891480368142576230887402436504897706108061718106267112833281911335847797364621312.0000,776629703243443128421578079942092033772593356572235001649661815955100144693280274781818209815232512.0000,1041039283483566824420676506680310873118288437221985916154518662127866864669088937379733176966529693203543957176320.0000,79207560251452651045619101714638293192677210619768432400954491575419063137779141674070543068076267477168900305064034304.0000,12102537617410478565228544.0000,12004487622402379410378334573908283735746791044721543903814596339997298531550363648.0000,2098091115987570142914914998203817192995747357401433149553379962318596790824197947392.0000,334800097383889409851238679214286908984131584.0000,42812247470037239548250570096640.0000,79932919732661797453447933675805767318372352.0000,2297936633.4348,122078389809427613774447089542164905984.0000,967292137270600593406164992.0000,729491232504813408567164928.0000,6221552701726024063681180700036705414910312448.0000,106080916891347136.0000,31420.5160,1899906000140783845376.0000,87804054391205928248573784239668051899367346782875171160064.0000,32695953494741040271720884207616.0000,14342296778192417959032810472734291392328630272.0000,27710944238683005425289004490434805760.0000,73732241927209541632.0000,16371.3444,369841831268319100928.0000,1821287467079843209920177504256.0000,12389839550851975337597145570886119839498240.0000,96616134410832563471606874112.0000,12027879124129595392.0000
2766.8810,6516.1800,4331112.8785,4562627777252612096.0000,274921051890675594821632.0000,208008967275148876880764391772115934850727553554245599024393927979433984.0000,186780312620424676894785538225253249879681058413199037725581162577175473798013810598535225085851144374884912722330268146654717262430208.0000,203608781417365001318290188701277224441266851544572508095589052298670870019170688692071430700964491451133560806127272169815605745178104944573167863499176357107528489978252486347202647630446782216356818278190827886870528.0000,51155870580866953248333101014565995720457162621614219175060087610635800601258075727838237839865798748379118131964979913568265604417849769895048278004690989113682165760.0000,81485195012217746886780823256116111550433998946290898665808495693438002464822433175365342975309809216320429961470079522808856434218186714890575940558051700347342437728849185832328296925649157404099608576.0000,251671557138579193330305704300419063567692926743874156489394384297893318058547620558351629246131831062568655541324972368805180907622795134842774760223408128.0000,891663999853441602067664383356614358669019054080.0000,8730014538659873050416409071555472924873094688626527507895474812281409702403036781169792596412212527434033780856085001475926454413929895428096.0000,486424309687596073956697768220819288850788238944661236494496704214294156333844266902360582998908826641998677016576.0000,12927672489129946174694452112234409694164146561828680304022159274648939941330944.0000,193944646538006794663362560.0000,409822477237942858266473215097466239484671441587315968052421471513097285373263872.0000,5929790217880951848960.0000,397591963537110569348685165059065800722219008.0000,25448439477643372397739336643117056.0000,6249109695557312896839450836359006397401459274547200.0000,330903665857602732096827984508919263360051139871815375635990143872008192.0000,2332040328722878562304.0000,83056.4886,450828378788473431615487177538928640.0000,274678967301038678950146244472785386537289858157780256446646116374303024367897320685043712.0000,281498022576430167762657272514965543063146987520.0000,1569019367514948576981526915807566148067884439233326977176718904546820096.0000,952673472982254397389064928309386380221081497903149613056.0000,132941395887323749888285751640064.0000,136986549.7604,58089139387881488020812196741120.0000,267465531632725970376797208140144274015653608816640.0000,90322182747702167917636110641576255695839231020688297993242148864.0000,3001048277579374344515503104505862422528.0000,24238927475700506029948141568.0000
488.1339,5544.1206,13361193.1853,228462.1666,2906351381135556096.0000,1595690838008714824716455978371678138793984.0000,68206428482085021559675947913308578806442666654241950015646983076914363864449024.0000,466771729013727323645118097833823754196879718645105962278724520166777996991589762926166041734631040077084491776.0000,14736549260734445424739185413381696986276649639775546025205611109456256538794960879616.0000,21534172447642971266683334761038648533327197116602308374682759100074947992654388492500992.0000,5634644335671312585188443374971826886047031688438601686630563721744887424281963209871682949378736128.0000,25399083817379762798592.0000,894838352166474204880787650946479892017698186463192072926582013952.0000,22866916623954981480367082417262758741751285435249018006069195364940906496.0000,130256685425033645539526011347009536.0000,468448461193444552389689344.0000,871423884548563180845273144025415680.0000,63798748.9199,3486579827048885228065036842454482944.0000,23037502339368862261098577920.0000,184517203015163772928.0000,109567918774846911715874508329589932032.0000,19064531639293.4492,24552.0658,6017924338854071296.0000,1832889556555501108242718822458792774985468377707839488.0000,72865258795803696127016960.0000,220699707505988710435542798891852234752.0000,6364568407963922916075043291136.0000,77878929587482864.0000,16987.0040,165556233217351648.0000,13505407914211581844520960.0000,34894248950039981485478600039727104.0000,2466901308611957627027456.0000,7174573337809384.0000
762.8795,1721.0490,30688.7838,136117260.3240,7692930257.8240,50978329561922627698688.0000,3266270866985043925082229187444112620281371232846217216.0000,9890085354893768929411314990077441624293522173780884942239622256433101186602319653884582166528.0000,18459995279633376471041084530354510841616053758122785307661172736.0000,1932259113348115955217624939837897290923734033210753241709944516550389674278912.0000,34086530225070687372083224657206396543467881014147937916652015707400175616.0000,190931038526437920.0000,4769521165958366304559398594397611415093773665140998144.0000,8804734808053721711941799926389666503134233912934400.0000,9206407990024753649161976414208.0000,30145098337188401152.0000,2122982466346135862931825360896.0000,23027477.2784,27746988771183245131776.0000,1084732917852169.2500,137067090396027289600.0000,970105167401202943752295940096.0000,1000379932298.1884,6441.5721,4335734130883628.5000,1889787479603838129297316898416885760.0000,2538202461762746318848.0000,1726074835821316780425243262976.0000,6610562981900245991948288.0000,17420403774951.4473,20019.3270,120226154286888.2344,297183705791147999232.0000,56172628370292780116696104960.0000,7224821203507973120.0000,10048351774972.3652
1069.4280,697.6930,699.6527,1166710.0117,1657085.9879,355285929143.7889,10421105666034753536.0000,11018977723922897145167872.0000,610887833063947370496.0000,908825245389674080694018506752.0000,2327199670198728.0000,337071716.1666,2643268243808347136.0000,58645439332.3962,18594939012225.3438,727.0889,8922820470720.6055,1603186.7914,1820724.1850,24807.8445,50058726640.5216,4419810847.8506,242455.9264,2296.2871,23734594.6937,2623253589.8443,25409275.3539,5394457458.8746,77750010.4536,253706.0225,5906.6763,190773.2291,80670803.5795,21473325390.5952,421506.0336,78566.9910
1021.0334,1222.6967,9852.3414,92407894.9130,2012102550.1930,67294331007952869658722304.0000,230822112067484113289930367731786973498646619750400.0000,120029965041404732897335948368098100960078858634966545754788564030422899976718535098368.0000,4892274045873863881051872528736865816772070105808514013661757440.0000,144789068434794127604431183307760348238105087065463944450676091633226559258624.0000,17011362306979397453349818953214513032939402365519204311153770496.0000,1762861616943791616.0000,2382334140729218814425547322309259504589732606354915328.0000,27176067168455559768308247609284141084282191872.0000,4791577731157982603158805807104.0000,77379191506522.3750,4783367385112274156861637263360.0000,893929914.4623,30085381712557907968.0000,368830044849358.0000,269541576209034051584.0000,41510747975061359607746134016.0000,7137877666.8385,2637.4611,1577610288143349.7500,123097164930112813510101979635908608.0000,55166556377769435136.0000,69568852848335551934310121472.0000,112957244414469108400128.0000,21981493336856.6875,19314.7183,27595301593812.7734,190038846369151057920.0000,506899315426377363607257088.0000,73243684627302544.0000,1604366867471.5642
924.3851,1060.3287,9209.0486,826530.1230,34612480967.7131,2837963383591683464626176.0000,389480838904021987950006524504331780096000.0000,7508947621581726337333557525141187421987244323968647168.0000,622557511562222102598089155213447699365888.0000,666405256410946387493687289551767696893330587648.0000,103611491080819319297119589534933700313088.0000,2857464970839925.0000,109231707227753221847190581696004096.0000,10239554268313353027833795969024.0000,81395308734947164160.0000,930491749.4383,3035618895338249650176.0000,26201477.5581,377688750769753.2500,1076048672855.9514,4125691653618.3843,16816863027274403840.0000,6767473.5823,2102.1634,20313952543.5852,7235629394069491931938816.0000,9771892192476.4121,10067548933061228544.0000,2518252475295958.0000,3250444347.5790,5554.6004,1413554815.7594,70547336418878.6719,17102986940670690.0000,234869904940.2308,379271309.1341
504.6030,2676.7761,325343.4386,1206052.4357,14885790678042.1250,20310509054804538685390848.0000,469916129417794328476974488393631843818554993685596995584.0000,419101069308394833264894484504434587202732343293587163686900108633337339825612652544.0000,287808285636503265227268357204381758760349799458799616.0000,2899117546012123603127528429281151475900842186525825252196352.0000,1999028399726801378275420635280358150156616871000561374474170510868480.0000,9398732541469886.0000,48953080842900707140435881453012456742846464.0000,132511463778438355431717666525489946820941866598400.0000,28395210035996060024832.0000,7860412244710326796288.0000,213500955273395321956204544.0000,108284.6236,16418358710499700375552.0000,583504970094465536.0000,671618938579.4633,20896077799538522786365440.0000,89942885244.4457,13115.6055,20826326987.5025,35878664311545697023820028060893184.0000,564239672075703424.0000,111045236687496981638021120.0000,22121790313188242227200.0000,288392161008.5724,6291.6900,3683314142618.8525,7043323939954151.0000,535219657824008730050560.0000,251797017706671040.0000,414555227792.4773
786.8570,1870.4034,61663.7494,76456058.3209,531582357503.8197,3664448554188733790193451008.0000,258416337498273645560045949381973149009456236424383004934144.0000,5578288974268963300882256897481509254249632625466635212116117553383620978854299979889590795239424.0000,10204881617007024290414383239463785565006639052429498623110294798336.0000,41217588601595721679161184615604296420665070982439982935105291820838377194782720.0000,425703998910361861729409378502671818739109966271443438463605012297569796096.0000,18452336085887627264.0000,340864001146595511191451854643553105044245441970257788928.0000,289350018526319751630694594622558012776323945473245184.0000,10317149795862384156956822601728.0000,10406781061421426688.0000,275273506669852351125438024646656.0000,79531555.7522,21684465490460999155712.0000,153969463892654336.0000,14056127097326290944.0000,4432505690316339946696850014208.0000,204026514328.6215,6428.5259,622680538774751.5000,350668431767518373640031695516616097792.0000,1667660239479822090240.0000,13906742090536312572559849684992.0000,36890879252056768461668352.0000,90300223856298.4219,22365.1267,442772289921417.0000,439501625892535664640.0000,44633799210242202637059489792.0000,11123774401976244224.0000,18263783680726.5898
1336.7617,2221.2490,67746.1660,7347715367812.7979,122650584563021.2344,90500667060407417281525211345115414528.0000,14270872453905205115691840059385941838957076644604059853572985516817239314022793216.0000,1541572797450729677066068080877446056909409300227879083460463246876670514743406530336625715543267081187882706646483252197039115718339546054656.0000,115880655711235206945100618800590917000114262753870519414329621979480135988775775341193151497736552448.0000,847107126158811255270286671342548535539797960374844363381372140266457150538711474422791193823334666724194478008902498052472832.0000,3676587620727523705889292745560789685387296843857952228168885486274852083165616262488405134435489415168.0000,45405116725986790698911793152.0000,2695643170308200541193551279658694661340866913444851118615733449695894704787737829965824.0000,18096372122572989014695495545237977203124340032056833185428021826725871616.0000,83167458687872521176452449549541782030161360715776.0000,4262637381283536175104.0000,14153365138479966733923926517065462280033784561664.0000,7331311862748.4590,530784436786169871881572712448.0000,201644572908740902912.0000,2296220599754495700143219922698240.0000,3076541141721373665798153007377234848548651008.0000,6555774319195786.0000,14407.9511,2868589950489396722532352.0000,2518216661065568794309424783176782343505263562156146688.0000,51522310429458559541895512457216.0000,3411959346261412466487161133296073177282117632.0000,3383418554063666799128128942709407744.0000,108648801024756678656.0000,982494.3589,289941813305410224128.0000,77982918993407966064613661868032.0000,2337567571300032734796662570495331765583872.0000,188010390103310190113718272.0000,4777707489367796736.0000
698.6676,3952.9118,1177159.5402,1266640198.1393,1409014761290207.0000,329308834904277653352777972998616383488.0000,106597920500403734576330063100043492910797003511608891909949296135122537078910353408.0000,22764819129113165143004722567691364784784254762034872905485352545757839509940784270792863898980635331281908359009121971261426777456640.0000,1993274358877363521986470390231141914134248044196938579647443436306623798746623361946050625536.0000,9491747624764657402346654626000963069050609059663974471471612084408418129444203780601232880774572424887795712.0000,1377303770510703742700086898909741042708179478270359297168407943036792265399557161969946551834302321352769536.0000,47606878924616566661185536.0000,1809135127981873454660875435260843575992966989719825972572408596414814266327040.0000,125634472578091939626771031128345030096056125702157408079609979549131242209280.0000,11577108763170764987623116302957796533469184.0000,7431152742566635586159902720.0000,1968671817108964118708525092485176552849408.0000,9216782124.9909,11309101392153387172396914584846336.0000,1527690376308938684497920.0000,186203926465909092991893504.0000,13080658005214882930050993916758778745716736.0000,3383074828073286.5000,18087.2341,955799202594586099712.0000,7316414362160768758158768190223468246795986094526562304.0000,798851174781774629734279282688.0000,19756861561675171897997134450285924002562048.0000,105277388974950550875611215066824704.0000,5654338096838146048.0000,32537.1018,18105417069876684800.0000,116220132857776148274653167616.0000,8044913185873123881044553984098917416960.0000,528343192981375464698281984.0000,1012730334792280960.0000
774.4204,1444.4298,22564.1046,2438484.1796,3746075993.2055,188476030488795351613440.0000,3520071330367059252476849519527200854234747633664.0000,2613546729768903980054622670736273858827401824596974178877916777790401280999424.0000,111072403709592621648535899307767079894745907629144408064.0000,567103844249899758161128345480955511109340084912477768735751405568.0000,360603348291665022935907450747100456667208561093151288960483328.0000,11985540980237368.0000,180828648054961565148434989886111889409741684736.0000,1069611827580735109311372461897964484665802752.0000,216150871307231522744958976.0000,8970202924468844.0000,126884786426401303996399616.0000,13762901.4780,110987297203298353152.0000,588808735883365.7500,53262571983643008.0000,103142660315318233155502080.0000,4304280760.5515,2754.3909,17038492752912.5645,604237500547453404788632615649280.0000,1480946118138958336.0000,140275160736056244558626816.0000,1595311644192434290688.0000,918930355666.8695,5260.4749,1482315029391.5916,963782236280028544.0000,1434143388609438780751872.0000,15203615080579698.0000,214923731303.3962
699.8814,1025.7475,4042.6733,12023.1226,1659699.2818,3672784364462.3828,290125710285812892245688320.0000,181454487703059411855018711413490934874112.0000,73389295719585951691690737664.0000,1378704509055682292220493618479104.0000,18034918569721715211096956243804160.0000,613176888.9644,1473802909128008501559296.0000,6675998165598009609420800.0000,43974823273575.6406,18994530606.0374,65040726065856.9219,17626.3249,532055295787.0618,1051326438.1196,429724845.7571,122422016332020.1250,1477088.6109,1379.8286,20346306.5085,722346176046503552.0000,15998388941.1460,172855728119029.6250,815850547265.9271,10250537.9356,1140.9205,18387929.3615,5689646716.8995,19463606812932.0000,3199218433.4074,7020549.5970
