1394.0925,1372.5528,1408.2021,1393.1810,1351.3999,1400.6441,1616.4672,1078.4795,1712.4298,1326.0466,1419.6221,1369.0000,1303.9256,1457.0839,1359.1832,1371.5053,1351.8613
1385.3339,1390.5866,1400.5723,1393.9662,1423.2269,1478.4060,1540.1479,1678.0899,1460.4934,1433.5731,1470.6650,1420.7696,1380.8530,1408.2042,1414.9009,1399.2063,1383.6172
1374.1655,1405.7866,1379.5792,1387.0170,1443.9457,1474.0820,1225.8253,2358.5986,1161.0442,1538.5542,1465.3586,1465.5153,1475.1401,1335.9353,1464.0883,1414.4736,1422.0208
1376.6555,1437.7076,1439.0146,1424.0594,1652.3839,1837.9402,2123.1391,4802.9475,1303.7528,1687.4574,1643.5746,1449.0816,1484.7256,1387.6150,1481.3740,1487.4661,1421.8221
1388.7386,1415.0434,1431.4053,1416.8697,1858.6109,1842.3917,4532.5100,3126.6303,1772.3337,1591.8833,2043.4275,1548.6389,1423.0059,1470.9347,1550.9111,1502.3120,1387.4621
1398.5320,1380.6962,1435.0025,1409.4650,1485.6119,1606.8280,2582.6372,1397.2252,2017.2099,1404.7079,1645.4034,1462.0876,1294.6118,1516.7237,1435.0373,1405.8400,1346.3622
1527.6123,2698.4865,3060.8990,2675.3663,388163.2628,570622.5077,1041413648.3711,62985293.5531,185786.0987,22848.0156,702836.2604,14236.5489,3451.5432,6344.6232,54677.5708,8563.4995,1699.0961
1795.9560,23353.9580,48524.2592,44520.8101,50026818.9482,1987907115.9699,10703219089349.2324,1636510911690178.0000,419928231.5694,7179893.8049,131517134.1011,23650148.4029,23263.7617,63660.3315,82899.0772,335681.1433,3109.0079
7192.9408,234564301.3979,10507427790.5494,719820775.5304,95712670014938144.0000,5935395484302329249792.0000,101983076422482566716588032.0000,2304147657821894861136270541402159448064.0000,257182230093781632.0000,350879684464799.9375,2318687488569897984.0000,41477048002.5320,234514.0876,13274247794.6113,3816592531.6281,467748862109.8563,27299.2850
305647.6223,341962353883352576.0000,15442933583743006277632.0000,55012012489290.2031,12811538495244039862058133646365155265609728.0000,1222710907486343519487662548333553483776495378719012028416.0000,43837950633518054587567913209779030034757300773083317672902623866414091426856960.0000,109004808499945212205171695110179849261674539090163258768919064502052848258261859024665052254483022308442112.0000,1230869815109540702043884455366492160.0000,194881900816494293000552852988691975313212130528552026112.0000,324906185301687458186972046478166409002774307943743488.0000,10191545891786815806219452197565613735936.0000,2286342011427630350336.0000,389231703154040118444032.0000,15416977643463376824064100630588817408.0000,21774922560675356232164311040.0000,10530048547.2075
143593400173.3685,583702631071562041898565632.0000,1855028967268533131018240.0000,2806450687326131712.0000,785175585672877156826774288694081457501616606925031024255158873223288270399797698103518432631650779136.0000,4877533401092419055420908905197334173939705960069607721372890751332168713125459392982248671965586915328.0000,6957646560767841329836703489280303569370303343792976454809459248406999589551749530158869053897692276032418624059064317457768068566291316973675543388295252512475499383410881402273256271116396021265723467194425147392.0000,1087680382336645066364081505434436514488665135529832880567960081111885254758588812742925909533929621875565100554636515639886608334848.0000,6328199619476616107840850198188994932517483637905416940324229605200462913003050762240.0000,1384391751514607362485522255293387209109870245907043697288045133824.0000,134454327556499290306271161022911159219469096237147762125028467686442298419061930061921457929897915029785436300123365479740212508417226440704.0000,63154684405425964628709961924170730449897973987767132409865199125279599220578403553754528246923985822941184.0000,33152643550467971942074597500844516464132096.0000,129677649624908842522884729753782046623428563232096256.0000,12097973167033444102580418711456235599477854280058204186628502614861004090203571224576.0000,793261451946813577845774430484162421036391589740544.0000,134118133452041818734592.0000
244692740717248.6562,8139178319484261092877669471164039168.0000,150503667282531953724446451171328.0000,387686596248735340128370688.0000,3101487662455860377308404789336288200459918253240236670594241195642861169926869312799701588184274432799332435757619970098785768938476470687236096.0000,10687267038825076551768818254293746151436190060543982118633153979016131242541371379982152109820284374934666838266445751410764351845194833221828739072.0000,inf,4921584258264686763667211830667409749059122564365834110599204562956864414366068730262487522659239237026286308669159316633504833770514817445133043350029105769917951048348489418519417721081298944.0000,20708865232478769346707303794933674538204116233064372080408745724955681871054460957344871605651682954152397334868033868207968608235552768.0000,162692955760634878657463748665874788396866282341084110670734514841649870437988693921038241971390722321940480.0000,1158099229755181803117603576089799453189694289980048659359773220262191299456731550535626450658008679336978273679435810140605286912021839046876727695880614663871724175055158353164942702542848.0000,27270959161803068213014550964010599029454516168939106052131987760427722060898902154393519358892575124317322411276833200573614206007333620749531348992.0000,6785979465285989697019839065788965990535363793644491347843336990389784543232.0000,414488950018169033206651814891680703834356624813347366240256.0000,5992810004065638980399671888135251997877549021203426700762591208153505488350219077681152.0000,10163096448415724900085368750827980403700109816108903183325159704212069564665670139904.0000,1207869941748924317584850944.0000
154237864499.9731,46769419248889937920.0000,1535706544221403803025408.0000,1104439487126011117568.0000,7094643735026093163551370127043931423513707471727855619971762618368.0000,763915290862519609345994297983949797035231419918158337300327297798177767408386064850241589618007317259488022871771875570107029651456.0000,2767098882709696619936928814184469575414192027805044392062089547952572288390713833815879059530164702047774468409986367302031305047468546991129765695211059784892872729305284608.0000,1195054039834365500529743302789429208721562849485222438067536135583256501520351363072.0000,762203815693150448387949601069720122656348296536312605354054636510037647930986858088346041616756143762599024387162996673071799203613057587509979119957338047917890185103301484664393721215208232648179712.0000,1425426614541038750465050887411429976430409393660699146562880590947396477276772768046636102846456973334772153098704311454079627785515165495020872478907974025216.0000,29026585752645791079856096038178959957493824484659096763444863479645806128416482595976924032754036249204242502298805679596192874515318442340568171909675400640008647372947515903499413925096506556943539504000227782094846879477745378951741502786693406157494150223626240.0000,59097388112347740170448860643360800209868123688011577347361112482330842786546892627405971944279959052251983624454357220442398608487487145038647208433424191650285467334515117165340453594843473791734013571613865617875497588535156701714517590016.0000,670281641909550607261025915324812562038496690176.0000,3108919523472602913087690942005862082457545832774850103883252242861087154154092143370342545867407360.0000,17971995838867033408215726893430293888111395300889291238350603829290568231341540349114824378045641912638383451967808977647748930782112553264332663219425546912224475372049850413398803729640539851587584.0000,2142380628088930975108916523601937536017938513920.0000,3181756881083700259419625889382204388647575501144064.0000
1323951.0242,1478395690793151.2500,642348455146.9584,77183846940.7699,16414854500749533429950331700124172973159890337645259623073787464506146816.0000,199762849226854256381084740596803240389186619575956770202722254788231168.0000,149074214923824415609669283443148882511574830989045899610207985270477329794711598761613042061165708204333764444160.0000,679056670877018157153651852956901680250888053460134230488489555944713499444587581004577908674592797128818241306624.0000,14476835237007008868846088361137807220057047040.0000,2851348374130027035362500742670660895107297089640916602717208576.0000,15346633734856535204078578173683436691033349180768112011071746536673840550329999620579927600486416384.0000,2459423180396095022324820749854202403746614720760017391190016.0000,13336139820278688858598866419712.0000,2277386413641106560171953356800.0000,767526425160567259516796521735325860964417460338031271513498665773820805120.0000,234377994343928057381487365849088.0000,3040550819914917609472.0000
6668628.0985,69562055816117290532864.0000,8259191723.9945,682474410869270249472.0000,305630794656849053832773515220525805575902287990623049472390758339316642029185536669937303552.0000,2012106682358811374101910973264058986520144596016634165853735284671223856889856.0000,4560857356181668001344995100964301816289336123801378139231173559476407982453322727904024340048582592801515547001842242901487124480.0000,7940463589444650029657219470570574570925585895966946056222795197348985880397663280526830454580858016670714588936110615105557495440898731717104860811485484323385422736728952668160.0000,255028030211152521299226779595097382373501415290975551488.0000,5693393674564868125303394682285368987068464938305582085243204318002860417142248938930176.0000,30584817006537133402702043545156063054177912464092735086865453584924803072.0000,290554195890974109514992004983533765481182518636476510497422593716893226773411333189861462559965577216.0000,350833099809587063216958581583475800405391835996000092160.0000,31361809749.8115,8994067598610577795302329348735864972633405774427033115885148205406066292293632.0000,21084873219811142881788688656868725242082623488.0000,8002968936110640594944.0000
187033425.3550,228385463876.5739,566147599921012277248.0000,137952911781095866368.0000,86279646919508901549492389555931439600088007557162991616.0000,90438354329883003039976268867332502989831685252168488714964540967917722229679597426313969622760927383203036089982910464.0000,2212440140468152652880193539558784871648201923647728426418041825530890291693524455929000493056.0000,214404075227940560524506481341497344.0000,206879602740670827342199088849987824657770586747222970239362498233204490793537976962844795813422721567412328149015728375302125550342530686223500505261504332820295418698984627281006901223120069578069250823784302955724800.0000,20556798300992521405699068945426410881843856443512083744313940949852265200217003932837069242969099692710919599893966428538826598295680989473483161752381744916463616.0000,25033973801371583969650569164012006995044895853343220421157388036890481377011666214175090141838554431433290142037605696027611363950955682199773809566273498052936260987442830340763934597677953959279405523649455501854584014285605833801728.0000,39014537327086341776046309030179565931960518929162928146116543133940374580476636844510849823898593255401217945361473634732007453869002078528944663390253178448474712601733552120233140156284592088761036355430099451904.0000,849307515163393589837154889834537418752.0000,45878659698859276973840087008467916324886636859770451597041056030995576318322268220524855296.0000,20880912919314257951653891759310821634522816884190950416092246622352497599811161049531311467400604731587382114308279801134265531399721463667389747527541072661743744423322318196096462360347148288.0000,26860705468552034402721849784926208.0000,185688703856485883675670618084146145925099683840.0000
3964955.2017,11431576123468263424.0000,1184127765748234.0000,1846861820195007488.0000,19775349513580736798403735147405521475633435115520.0000,2797820866658164577283467730985592041606344359738986381364432693948177891142268610229471019008.0000,708325996033209198215375470301022353479515835948699733687651997858701329825557118976.0000,8150759235620433710842819426477081788035057230478181891461809691956489897059390636295261499718643897446133345007464940330483409046386438513623291658240.0000,15123334169185238059775831668895801682717450590614406846079820884772237603115791149957120.0000,13376258284152968579702706755956196988274140246031276107319241455225532277443610383478422495222532680758423569908308041348806013283948605414047744.0000,14714438159985432304367834938730092467380843974821077869447721260000724325801952035737986531917447146062374278508342029318846576974833692664845369911884906170416672568554687561728.0000,45524988174593797854975081797334983190282384676565775839762778342378747135388274289963716057213220616076258972856382695863996897799625167318832565818343612639088736379783284182020501482673692213248.0000,368810985209955186291852956656520556965513975721162016961855488.0000,186218651636681677124500634317809153453163709100225200128.0000,2261055325164923845119358571514516947342275664112518240139104149392998340540600483302446413239365005413517734531341535487616424520042969217393637975833060573184.0000,919199240372961398501656440528052617438298112.0000,6179128154244376314681240807525558509860615618560.0000
5019887.5441,40253949.5699,882662928345148.8750,3477928448860503.0000,111928207260173492108564600193024.0000,11087780262801101419027178497307859352739455371722014291518291968.0000,6106792713813118136834676103281352033223111151728286004018972159261602379589884970780327936.0000,0.0000,44968526143692327299836301493998859423885477303948665530444159883103235864269046071398827780105840125069075465254502390496378346808961061630374687277056.0000,30590866994750308560465224927661399638591390346408131477051563724612634583612951903140619474698240.0000,1011071329237431889126294847305666742094804280082633845046706777173855835947176893992229624333507836782274128444039493068138135699849216.0000,1330869398357922458618248233830351514258027980410688441859438255883848357408209389432355690408315649755084340116741125460705876639744.0000,9793543775356043516706816.0000,140090488965278370362749479906387518646925074451339935744.0000,822180869012530655135923932762584821650746298749397369510380181804191741937549624388596575795236887642495602655232.0000,4550395371772226986817093632.0000,660420329782282429392748544.0000
12518.5006,1349357935.4977,56446894.5474,20804125.2229,584861337011538821120.0000,68685408151332876863962090091577344.0000,6257256788444737903519755810853443600384.0000,661321048770919617762473314001193097116549163700060849403991162880.0000,354094837008594569296049189421056.0000,503123419543547316193248704416896295100404494052391649280.0000,116812254845515558493620144088793576117015214336633117340301768370079924224.0000,161698272588894931318124225289871965694487275575620314632096928756044788309950464.0000,11732764445393767117011025920.0000,69590372042601603792896.0000,74657004908339551524502808757123740959590034515277608258633728.0000,650119204064866992128.0000,360112889952378880000.0000
46353.3017,55418870.6477,28678737349.5465,16101772079.5139,2722136704451469007145402368.0000,9053096503920673469607564110000549242212798956132924045393920.0000,4511704516822900528326030106319388672.0000,56884468772295352406739249209494470656.0000,21971112208456920960835540818328240156973721412995447005530261410877799185963863395794944.0000,1192619662864119948550994324547912298808296327366757074339161365967529364399954547703808.0000,559517314071151431666268269042158629088748677048819397691422628814398848152576889338916762751200226624650669457408.0000,2333103422929730399801052541347115903288875183643199573244403622466361793896467671297734801689080250761216.0000,291202577374464953032900608.0000,216150122055836493150651300464884531068928.0000,23734348784841165203523133483169079351140796240173651123692449717964401249264633003585531103150080.0000,20001376941546610688.0000,170475161135173421527728128.0000
16719.5113,20348537.0270,132334518.5618,623791739.1975,792651332243914028585496227052781568.0000,32267122162999306595520439844334184942479542845440.0000,3058861048645918004800418376568779350999040.0000,15057120789706026288582014303963716816008256684032.0000,9409556811034112125010294764373159146681344000651652493605011544080384.0000,23560895386139987157427426313592531484265940431117070529554655538577408.0000,613533784149575508860378244060259733701465334560242201315315583351557411436711290590304828406104064.0000,3257984103034772126860136913220894524494227921166851303645450991348140212224.0000,113344390972950888448.0000,92080056287438173836081315079782400.0000,772739631436216391915365974574540688946572822719032164198621442456099717524750336.0000,4761927339518273.0000,1851338507024186736640.0000
8263.3912,450433.0855,2554264.5426,24769024.2154,8438761712239970246482460672.0000,85180047144365539218313485045525905408.0000,774515596773303984746705074911241568256.0000,480864999690562277519149498368.0000,73013896788144315488300963860229649710727494107136.0000,82191349234185955148235756528194991316164149248.0000,8195336959485699589950361322729565646044482500474878236307448922112.0000,341633084498807879453147510814990142512562176000.0000,13645454525567.7422,2266639757593822885838848.0000,3494885595652180236268541234999616704800347258720616448.0000,500913025161.2008,407754513011653.1875
146204.3622,1007509842.8441,16878059900.5075,692887175.1317,22904192455751267630870167552.0000,1433378905926897443218128896.0000,225057015758211278857281385400719542541197483203666670323202461311959040.0000,16104176979857003247396810244751360.0000,385596716904288843463216935923673951458640165845813426126848.0000,42519488318180019776257173744097835781754539999232.0000,805690750909609425425811831945207438386221023232.0000,422901225437739934192390204751724189665042952539688305885523738624.0000,8584106124542451122176.0000,9407199913899606016.0000,219350794845497915519972207916448579817555623936.0000,1430848694646508617728.0000,20255324067395.0117
3946.8501,292313.7683,130374.8896,608116.0996,852196370170239744.0000,4001118751139207.0000,559706450709660738959380985151488.0000,3410673616044445138944.0000,92913008174994722769600512.0000,22432232803081522484609024.0000,156877347370634453347991552.0000,176646627847348851353357123584.0000,2707385226165.9092,2230336942.8074,5781564781342524497199104.0000,307234477395.0417,34132044.5012
4615.2659,52026.0898,324077.0035,479064.6240,2894274854009.0811,1126534713901035.2500,24304815694784488504876335104.0000,209610051674.5828,5239987522435050354901941657534464.0000,5365719149080748908018139136.0000,32912657876235420844547421241344.0000,233332125756568635935919656834957312.0000,90064881451.6148,9819914091456.7773,205112302478831481911339122688.0000,28132984880.6639,615664559.1132
3161.8120,56899.4135,98916.7765,15031.9097,461510280181944.5625,5818549874956528.0000,4096229057583328231426097152.0000,10383282403454436.0000,877360715692.2727,59404926414.0575,115017614325027225600.0000,7695796630806907.0000,21415793.2632,1104404714.3392,22562683171157.3828,127610202.3522,156469.9131
