910.8745,4440.4544,9561.2079,17244.1098,2794.2422,8376.4576,1957.8485,2350.9283,6767.1528,1187.6863
1406.7253,185372339.5111,174563643211050.8438,155853466409.3648,1735262.0334,2451688128.6740,269002.9463,692789472.2985,7319625882.5624,26317.3658
7510.3524,3203843748830195482624.0000,1360155977755605336064.0000,50485648562773040.0000,34379471096.4709,10642013025171.5059,2088146555946.1472,54930696711886.9141,3998385045410.2949,2316682.0937
98943522.4089,6154594015957155646653053574481809550344192.0000,259354800295568464972362149194231552807060043542059403988568254093572324053176026799678685184.0000,77424436674422427099366549124808310758071849642274759738696663040.0000,1475863115813813770375234575825138352128.0000,4398760092541807212774035054794661407865804388123605765837553664.0000,14440317817953374466129377093920751616.0000,3012858614076056027039567276689213230657400009779194613465088.0000,484013863894200891766190388304269589375083851754242048.0000,565488029648351592448.0000
2289316918.2404,79792831363042716066405561133878629231772113129858662400.0000,278147450957192599021953731902587898558935889259215631746630515713009254400.0000,695503669417394528958059651217753921009507449498588543164121122146734345618276220928.0000,2317164932082651416540654664886160371744768.0000,23378804340197805572216749666411880389690783514865733068258279424.0000,3657911951497949586052979097600.0000,266357971730265672269585022738451398656.0000,1380890910957353200265573011280446818155466525383828141244416.0000,26372685643557.9453
762706.8907,2652270233625372097521909760.0000,101879093971719071505199919572672997565566554050902639794280464384.0000,6365503100467504841568642512788819300843520.0000,42233222369701305002229760.0000,4804068657269757822178945673609827977182809423872.0000,1404169548239546.0000,892485782813789128947892259651584.0000,18457104972156030533741564491198966051897344.0000,158624643.2317
8434405308.6752,248875652576095533710654872918562042261649468635140660920320.0000,10015095045956569929836100445194999156437052017608625115199702157301976687420471039867672153546156148172101196488541419065658993837179443788982546028132564992.0000,605496757996054628246359547821969952384775289263883065845221304712075417325232814654225517817944632264311922807447962802716672.0000,1352003201626722762005470466781151543965829348245858817990572638208.0000,5591386622981893385065536574191880953290942453786952342947512871486058553756901742660404971704066671967932268719112192.0000,385464311930182563226099567678193664.0000,270807524452401254719786752259790087091930615629495190511486990967426280089148456960.0000,125941913799642635004128519347528636531946860455826632831602266074135051149003318973639573522305593027248259072000.0000,29799419926193274617856.0000
4985.4682,118606879859920.5781,858527757355014639359776014209122304.0000,475575380843462803813416249291964416.0000,38702234336848088.0000,1156026201646048215040.0000,188795121715981.2812,513014584767425544192.0000,5327387433553434398162944.0000,883836147706.2135
44105041640.8020,100075546173588106507882234437406697699346027609436454262783921678742550508675818800021504.0000,5707811522112177074842937432647865941004005282319279777150351593955603500992995960009461222986965153112293132109611008.0000,4058998912911194849395397511789171331836052285097673830361195877487993463889210101826323096377753600.0000,279211316177281876670354145415416387337191424.0000,3182298242146107168058929613329858542751245620171055102200643584.0000,83726318691046744031698669287087177465856.0000,394470094364219776927939616534695940617575222702570995712.0000,374694406863028563331074572356685174874076113180472007224490733858984973962313728.0000,18764492331712868515840.0000
62446284689556.4922,79162807279217318811386671376403965759768139753550426554220908245622418385616186114048.0000,43117149778118382999018016177877376195902927135490791605193618792976047960307930343182195856907279625010974443685543936.0000,14498216448714123841998023273633272379122604234023656302603243857684469750815098029326963433389672293954135857363602736323000783545920156336128.0000,152130157158831808015847302181840405084272284661409704792928210338635147378688.0000,813037030736683871789123785666533716784546758457679493889613129908174373395127641108363007414371782303227231917309952.0000,208741407665802905884320763370712256586462985140924579840.0000,135823990881516633932950925800686223535152901496906441547579392.0000,29197344113438941873358697629507544517823281765767652757463809789140889283681681092441184015023467632713973109253734400.0000,61655369406070617276416.0000
111035087496.0204,3400160260615763113269755302487653720522752.0000,181251065041574366594529812606117949140041438886414506806507616023014986894395920195264658317172445486991254304083718973271535331705893435831505894069102681879060938752.0000,587259022548240932292194106970472591084068346972615904502338544776319421483412418497337565982748117688539785510445538612672055327811778223570977202110464.0000,151000922129782611513397883856083829150708222364215644864767118747252635467776.0000,78922332312669219419361938189749048822858062172760165219900462966441441583244138019141648634014463515915207408738201214688702758912.0000,41251779621789633237261997247708528640.0000,1407553367596460469784207219429616452105139001438605237933165083856593827423314428035072.0000,1302321435867886065473764984381864608295578455286452856945129883411349439846913692467343958948314075657913951720504004129866909745152.0000,1682148614582247646783946620928.0000
27730964089.8563,904589051967252920545339656047171077518747345183892832256.0000,98475609904195679496221402108348614642839911713661015161831424.0000,50421426888780420052291562898089403061476540808584094191659578576001731622557452337152.0000,64981442580394147321888788195584374097428145504256.0000,10426390916627283484341061866844592412644938913787959202303527711607900258367963136.0000,234884695346816490206658560.0000,17002922275330882117017607783515404416057344.0000,56529784261508232804310379933645713198162437272157520578690831876096.0000,799.6455
536048697675.7996,53674591943847320353426934482033460640629460593983779059531776.0000,25757070766874164666001315911801196841753337789400848612992883793556557300678709459041384394436825990096041456337443803429479242009992528926867456.0000,25204031928709957514795853087509777130522824430627557432049692273193203664269295642927592143442914998500709164384256.0000,218696729053321316022654013246449456015491008899652149335382082715648.0000,476265486706052860744163216045128306716567069941243082483818832704985747274172195214050896513024337980927424593920.0000,606904997532317045461876374838565272080536670568448.0000,691570051114936915905818944690179021209374763908642249925199940800401637376.0000,12090490702815057185092603588559401838306603705844461645641653873470438946956652336097322215131479801856.0000,246448069268722211975331840.0000
299453432.7564,134631927878643705498241597440.0000,10417825910485587823880325613124011222121879407628983536542871665976214960946350259175424.0000,5432510400087645471840298552802237329391473311683001062568668031346420025901627541028864.0000,1009894971973309785161620836895697745950229397504.0000,63075799991743209470451812816387162147461542286308141758923234015312725931982848.0000,17850891153485190185317564416.0000,86219197293201385307691906982363689194602538991616.0000,42703659279441098794815579545753920064950175530853308629520542229531197440.0000,15546453555965504.0000
13731805148.8268,254542277273292172824075625824256.0000,2112802399318170093266513318918444653574388467298698567924415166720692893078026925875892395912130127804720609281480832581632.0000,20926272702350774945881531835679535754293555627738412435302951459484401008243256550180080379453457553386920750312956362752.0000,333150786591361145831854382185570237725328909458345205258256384.0000,166966724074672577609918227393596511965392519979483918355683993123025130006024994018789385283584896532480.0000,1853074904660174317783554031878144.0000,92704526580776791329456286440926767030177627741107247334861018825052127232.0000,2975294237682031025994728427275793847574997830150037355589828329158017786773829856923205749367564664832.0000,546403093852734286200832.0000
8095757152187.5020,9277453863385413088018569856871628884636159531024384.0000,1999993202030382605805694059707140627086121453531826430880504691247278232020576633148733937953962395309696193382798188055156434783938084566920603453140510718660179413131161887622917442208851019364827136.0000,1537694870177047660367457993730973362612896839465647432307182157909471886297933420492876685907941013121643668994124462485749096514834321515821016225572098314551602992380905235939328.0000,778034362277860478386292715905394189266679752174431510855091854165967317557316477705779150848.0000,1945401204622437332476054425841425404101348645110920437025870327898445905329494394333219960172603132117605623471601138280191140992404607359390671609550929378934784.0000,3242636651621038990335047546139157811167232.0000,1655269264372327012924101659241007883886753588465098149799027102291121514680578772797434154742984998912.0000,303886987015457047565924557998506304418539137664122174234989292706792092729895581156196594651705335515650976813534782018374507719791254444209443239628042665984.0000,35513424124134044833103027896320.0000
1007782543702137984.0000,26969866421107778970555926913527122190817708631955715397745901568.0000,121980814594089953630452138254162330401905614807679677552245644379671918312618103061100783253082362437497890445372947756610734997258408342241415217002821483620299790399880348812763267972335862441915569541173791406846535371063296.0000,2477023613753766288822955269354444900249051395843878557483632505705379357802882341643643816309782600441720774793354939005957163157287291493149293584260283083712995483340225000213647453801365510020241342898748199534592.0000,26102783278949844543081210994848002554716508437309907615651207628616814231806669249726449257698632252341491086563213312.0000,276036962692043264201464556225303378224945340914991034719911671517547679782933134610947448938932365047641364622123285038854676015094118451068239836043475021786589845617429023781014552388698146323768016896.0000,17753965406301729136444589537107888684832275229812283911700480.0000,4214053792437292961525899216953699741279413007988867357270865359890413285619068352129614764896354575836806469624135873862475710464.0000,20455265497015484574372545323245752212881197967998180880089855686200846207403470136887943831140701822920950622535874980934653626191406386669181494137736529438389790890342740746788451385344.0000,3913463342119218882246893352517632.0000
13317974220021890.0000,8257198182215359198372606388717924480536026899622085935010261923763585024.0000,132182283885160732076959838404655756267609073298350157428742921694681305608404234306772313075814195372936551050253604496247089528679553261409386028220415363200928149341670866880367915253327993617232230437063469519938692065143678346616976825122816.0000,20208572743447658924117400814339240479748803109626863734979314669855218221023508328309138993726062373164194935263801850636738123968360623973704735317621734847737887602103605841327985145649378569592705895231346382865432576.0000,1231420291515758437279413780026675411912184850474509488814655722160558018637607002134602452351256769056848494985216.0000,491039409760023372142667222518949638367746002239280987220886391517736357415738546225084529446235839372129621624004840631999335851590632109352298716671449285288215038613636979525836303603104300488720384.0000,23276604004150505753848742777276507064102813696.0000,170865619634156671131878081321843850723229591721111461196494730718938108984665304991191911197193071122229714392463255117347791306752.0000,542673464569232686654698504652882746117633198465140078022255303990922546406403960393204490987461975646102946733461443709233561463834382072683494625665995328016927379835846614829600280234908712960.0000,1524900756865226962135814267469824.0000
6481865518496.5918,2925104601441212443009796781198290423302683744941591042824569991188185088.0000,5822469855933603145366526892792670392819963935645396134456922712947161574890700571410432.0000,1225319299167009658795943784289985984148689088416795830154870352485619319777036653568180811482333149623257902242307506176.0000,1238742015878376476099690943888260756573791573256586671884861440.0000,57243341823666336395816321001330869116645967909209179593973214183167143594905856427452245106229248.0000,19285202769105806847873464492778451525173248.0000,72211556814556707726936611815385190153567492235687947665408.0000,75351582073448052372390183407863720071350170812592451738781620257631968979691513044795392.0000,5720532684428309.0000
60011385456.2589,13419660272943170096556887023418460864512.0000,19816451130122863874763973491887150384590619027689761936772425423257488862711035872666051431169220590444322339388653568.0000,19808476086820034528894554585319470897622271716308107435429404906119698193573693410310838543536159014152798012808903000064.0000,491911502024805019678242193096367478787930807702322463535783739392.0000,17438346128141722254941292758037447250059089470222757281069437913132971821491301556139163580399663966060544.0000,26557362994274879465574528167077797167104.0000,6261432914595927580424094258050221584673348689139281786822140624896.0000,1881935858977577895324411989487963318914773381772386240458015679987998819510039087716030091609063292928.0000,204354824476160027525120.0000
398283604124785536.0000,4603422317253631747273488868363911593560788876545948431264375275535418261504.0000,4443283198584548480723724725225535951105681373384535961144036537593181997877600794252227930644682743763822559948916358088734593049935810270456564764365133789742738801952407179117985792.0000,66163084861512368269945326708245502640517310585555790240882404161554333904644465388424089016910452615309958443278688163383870059325230881431061000169169630672857122745014530187094098018724738467723476992.0000,2751199079449885605548380959175810972614401718149962517860001594433086781441000120694887640394753802632167424.0000,696160022513037968385453794997854478203806907412937171158491431218670207993714722847163841672155434745258520720325100953224002064643424092079369645724161622802063946107555968318439424.0000,293151975067519777841225673265867665921263981930601250816.0000,1015567515619370677363668451117546141513576754770886688970712153851959209598764755534899736447680527687904919552.0000,142786298322570001693083822753057330260659213555740319099515364005039645651276352152248330675345938102300690097588169426235357460195895353101206568566395262847520390250496.0000,104188012626025376083083264.0000
10817290111523401728.0000,495739622846690330185549154016145358624341347458690704118780970752016384.0000,6629108494022929759608393651489297233078047142575447180767869960538154303422092267270716583380353768432830553275187950353244332701423396871710202654118424560342683718772728886467172269295636842631711066117709356865519683339315838976.0000,7757644320682612282197992979651037544250343119732575121243066697192087477059042979225118948343452174566572688325373951583397433665886028093590434158686859641290456857767926382780821080289620096772487936583301487630347009842177114112.0000,61762410594659152983057068724536248213444983400776360563585667622949999394339256153189051091002788930595949281925022886133760.0000,545331374992503820539889119080359799389881429547945892740845944630565696887905475936580411920421790115322634957311835542936695628068865411001755679046460207478592071436409190312001303574926684038332143487680512.0000,23764855601792096313018226761189952000410456591672782831703098916864.0000,945372218115771228545658387166615578188686768937456724090839677779687083414824833835820121432438893154798304744822461284443846332121088.0000,134417482284763927586529590305858999018983566536565292045378968545105400977876459130711842366032724239552230131994696530163744455449111209336381051581757694465561062729668456380487077514769606901760.0000,3246128899936341933210193680922574848.0000
340020891.9785,113004848829574678010467572514816.0000,3271556671227692576774594954716622742021287346319762119196092981186901429440669030041180382022336512.0000,16270075224953089883694701800812629449963195946737934726951431322755612740367241636216832.0000,728683531128461498813285990459312156317918953472.0000,274622935205928884736434457956208239634838875345160063206260328615585367984917765423104.0000,865481735806259.8750,518210481583660267610212808875021728934028823615804276736.0000,25232609375947069950652416411687601667682334088301513920595860783412825865322496.0000,235950158.6039
14172.0301,3688235264353786547666944.0000,20722715536691129589561756221440.0000,7338521487299772772515840.0000,27068039767905.3945,43575974147621.7109,2249233623780291772416.0000,4471940093861.5850,700104566826880.5000,137747521605216.0000
422867684315152.8750,3080681934083918235742968391155168687274613182707779239936.0000,163253721596081926189575692621941647359174658491515228580450898555216113014856542275073942761120321879547046331766234216073713414127761850752220168699023439429632.0000,9142396706741694835145491396414886396369080562303765211162614068857342702920055113920709453956264420460394404444125582239630120809663990231591588545921994546778996736.0000,2749606176888370754583283916557845333454496112020871258717897031739483025956217077027045376.0000,132851265815579350225845617880554751253246639594374477629542827307181311609564900013102392525452194207234428335528852556646377442610010672553051425865728.0000,71467620773429542203493504183812770861393496768512.0000,238348100766454825974799854824662185102175413682021725975918492971874685277680168740197817647104.0000,1144949654204316697219542951580671979815134809082721627311422951750363634887140388896672490886296803101130685967298475126219008528785795448832.0000,125889221687331771583037440.0000
449677.9150,41436561334121746594713626982185936355328.0000,48893312360805235995688566784.0000,57680573809.8611,12084539202.3583,10648802220097947648.0000,2705124.5131,29215919887526678528.0000,990998797426.1815,0.0094
7791911183018229.0000,14125098859109919613867357682362804400895509890926301279158272.0000,38011794014211427375304711996168508642086808511151700775247737705371685878044427101288927442582642143085749806786183258041152204202671367089723337814399887484222474434717378236252011610495805332035686342066176.0000,3301069693422742247482371355181087399980843670915399319635207808035476277987255316919042823927395754332785444558811124326603670910757602832487094375248410836848460719296399913715488608230727160416230703104.0000,197012211736499825081639083870888570420797640984391246948545607594067641144425659930574949962081723624718336.0000,270268763762027108036387897965898159903192857745682063648936825027417241388542810442550949232789717043594561165843748435855591178824933807736058625174695108786258624643072.0000,1666907442064792753631734225960542552628825943849875724440793083304409563136.0000,3737376734516184494118643632601761755768134240100879013701379442075695569269669241430674796122103167425928232960.0000,79353688767799894767729930989571423365914862335764348513879219153241598696774949318707876409279722833740053591795279070049489556709721094287131262496358499603984729243648.0000,37645309278366332821507183390054579705500139520.0000
2650838211395257.0000,133115563757062848342891930113828434756687898869760.0000,100190943966939010209413109995821972061882127262263704103522545565999392231169633794472355493514179549691424387050151779701362573080571704843068043111755504785269318942155361432521474463236096.0000,89118265965390202260195941658333111603254318913883660583951859326781594914510463582586386448164144330639022611498142937353227012621576027311909131198150655551309699896776697139167232.0000,1619492911966028319159585502014032202743615886825799912504308082846635046552932139854373895559708672.0000,79980543729302527920846702208168026797777524192763615281858438380034692322827808014288576623891050428022619279218322169681609180992415980269059880172450590600199064302649344.0000,1060367504125872197346644333095538125954992832512.0000,307276483680570024303302741054178489513830338683257193419899379511450154061947268060259764712036198210675182403584.0000,82813272217817357807708153671975019130371820738564184688432574331905876780316744926043037476905057866154968264804814165718292247207462387125610191861311340544.0000,704043890065575159791616.0000
12339662390917.6250,30190213875813451818814940164355133853771791727591424.0000,664816377404681949300149140342215632862527900625860541114645771141640378181722649487507264859161808952042086677558372853972848986850066432.0000,673065764420350649458356610940289455502903575406708658915565678185240107690255898679251291469806977755738680542965507373917747886468561740234752.0000,13804086813603386163721403397238085732292621103183378850383958500254093766819840.0000,2371384728957018037533865678183258419945251008169763585485980989517327731825271875267110450888286357337853698851975445302175598641152.0000,31902112798485163217979704139939332539547648.0000,164157265931830934976533402752773054454614344477728572522927196024222812010425876480.0000,51008925107374434419521646850834504201574609813273131105364717708966371297117084567545046696602501552728183744835438510080.0000,2480988433689263734784.0000
35600131.4039,867472467459039287050240.0000,245795050029710095955121148893124386084773132306066060578009867746741804072960.0000,600835793660916615357088334167566051246351059919274763992523320852480.0000,17616273869954762699153984676687958245376.0000,618166496771730420373478540798343848066093246805709205620338077781196800.0000,13077477058315612160.0000,6591449842275181288237257352854937726059806720.0000,345612654714477984200137495528917263496667157054446878511333376.0000,333566815.3433
17983.3546,197228177054324.3438,66406344466363966733253341085696.0000,53303351808063662607340404736.0000,38209655427848344.0000,2166619288390180131569664.0000,302571031965593.5000,31005509632758704.0000,563630402904718525333504.0000,2749000086.4671
13333.4642,173575667898.9226,18360466910905074974720.0000,719754110567816332574720.0000,88504748576506.4219,234226558013887890849792.0000,4190724.8597,352993898073783.5000,1187784077054282301440.0000,1428.5577
28009202.9182,793323607130151845888.0000,138355983022935139146067006402185191274126426489527208316461788931372728278673681333354496.0000,22719477021216245320572223195760423882422351768508572910847845434846732760942504837120.0000,130373010885046502415191854727525532740616192.0000,2639932154445480374384964259198816018789136761719134228178583312295526400.0000,5539992009925239867703296.0000,6257164933356497986574606749918287262125557547008.0000,4972033221065834272763808909032327494046732454574245945703590305097318400.0000,876682006583131776.0000
1239734058.6737,330068245647689521282678784.0000,5099229898960873571132848173109669063841562295862734040383338489018286462694975331158278156163086261145305088.0000,65340754440059778297515980692482835660126712992411078011531176320970639410129872931739463095525834752.0000,3304362992543212810369973097079336774810561448905801728.0000,1136038472503468787616770467154192058934504331355066852632016590980136274223529973760395313152.0000,242011373340269301523623706624.0000,135083557619676895959274881442009472980870020804237763031334912.0000,2943333987704067508326857399925792755351133705434274721186383708357294084461122199486464.0000,695460982149440000.0000
442425521330.7201,54822036942658308867460743339377916595545309184.0000,1708668941986333462073569386605422056341003163129193323706594009381598607503102337199531044746610439195431624165362526286691073785856.0000,16039160833786343503142693775569490020929646227139852174086301378895333035427369928245785066755958260836686232815161835520.0000,1129032098704012282527696814123207804125927718458991847661118525800448.0000,9762863498191313048065746115952088539248782645638868820849883600771835532308873281205984746867092442783795628426133504.0000,28897032560151945718688797102360202575872.0000,5746246033817443235045530759758021989009219308510620692402780317605108383744.0000,7561127546850526619166478374715231307418749104213125930461057671537122638350479363468963241189134596833280.0000,208198367948620070912.0000
3286155.4223,1278390171605589756477440.0000,1798346201255040049083779908889614921401021550459249890312737345578060801426587648.0000,7488099866640607227424146985950068278774894861706357280904903273742336.0000,10565576827144369899468356456588247040.0000,4464423517025902072091781940199272425235891278040595139399778304.0000,540641143636771667968.0000,101038843938871684938368293198148702119657472.0000,59446600725303226533783275009544208778742472835792416607830016.0000,228650541554507.5938
123556885.1107,9003923539712035771503441611421908992.0000,2169498434448525765647515912890707120785598983474904018502370621967268945373224129881190004674248310784.0000,1903499254034245179403807150712875937003441515022116728169043702790360133298814976.0000,25802365420142772361879299402293720530456412160.0000,711581194189568019340085518932628322515946639386732859048985363100327328215990272.0000,19102922596674145656539971584.0000,719912746462332670298721229944946078444045548463849472.0000,179284012791337024289813553422533536640234563069903046107208103942372196352.0000,65745178492065928.0000
14949.8548,10588205905752310.0000,2988001456309788795005749428224.0000,366361274908342855583924224.0000,83928861778123.4531,745055212877151465373696.0000,768120.7883,649830193276202112.0000,331943366882917198331904.0000,6844.0970
90923.1159,41502548356800128.0000,69816495068248116570623360047679893214855168.0000,1381887814921473131447254191777513472.0000,4709687088330352623616.0000,30395352114493094978964676173558185984.0000,1450945921386.3960,7744068244704015272640512.0000,1602895423153515218938996958691328.0000,1662733.1200
1938448.4038,950337174882495496192.0000,5157140266261673337087209127368791408135577554221745951854842347520.0000,17068780362696311894072528790740644899990415175275981178932953582927872.0000,169314949123045071207453120419332096.0000,24289922514896392438187507810847198190128827677540352.0000,1034512950744728943594569728.0000,158682843135534205567694664798044160.0000,296536632128381189535884589784075147493788760873598189568.0000,98903401666945548288.0000
1531020.2647,11409300411171054.0000,120435673344120684239306667686358054382600192.0000,5194628664818017155938033238575577733005312.0000,1029806696372913996537266176.0000,8407244468168651308179961874397635936986321070850048.0000,344754.5855,3958642023677346109246484250624.0000,43013442427067350009823176532486478888960.0000,0.0356
17359230.0880,92957366515342487060480.0000,7692313061938158097009340898003534437974577971408669534943870289918743317592730860857065472.0000,33832157363168026264357645605861037797086320747786878093432230335726181484605734912.0000,25214213819372960687528336709335964052357120.0000,1206073827519387525951979564515080361408654989489788902104738148909056.0000,6799995118852223358863400763392.0000,341040296850378007102463912306770956673169227776.0000,9308783513815459079883395451159635532033157089776615491389873509629952.0000,4671949789563792654336.0000
282268.9892,3893896045689581.0000,8710341810714126690732387079360416057393152.0000,2440706584048770873246929788142586813218816.0000,11615512206139235908976640.0000,425528429371241474544062298166616020484096.0000,181869070826816.5625,2154075295901216858439680.0000,27405527999218704461388887999152914432.0000,7914996.1776
3356037.7736,2766963051020977152.0000,1795993080954229573555500882607782284007318377498347704449502105567232.0000,66350651762925891311393043425981362745561524121403184818159616.0000,6868429878218021444302992532570112.0000,41043238386920877639623232121982796945258646398588775034781696.0000,163684663515328.4062,3877412581597893775926376010677726505598976.0000,120869267644297145893355132963261356911856830912558792704.0000,448217989.1079
8928890.7000,376677231247370713199190000795648.0000,591622768161941068769146176292876425052098976024038731968750978573795328.0000,147738578351070153363794905297093679918283359207522670001138031831023616.0000,10689567007886683167474078015721308160.0000,1341429681476311881558383567558938188689373462377145851470413824.0000,91869329034858119168.0000,561911292659045518509783927627947442176.0000,799266049166328893529002977350995430461853614590869175158177792.0000,447468560416.4214
19648748.7911,4991232618646133014528.0000,4284023788645331683507640860802005987899340462190431799783317693469105613438976.0000,35686684749775167131132623160272568103661705416680637738455347357927507755008.0000,108665935449907409556658130539637402238976.0000,22522992590214721199729787921351758739077884629782794191431553515520.0000,1605665773717651734921216.0000,231454812057804218179467732283152453987205120.0000,171666763950405008444135532510806079383409696767682711359034753024.0000,2227968559566973.2500
1473180.0063,133707090407788960.0000,982057889655531537644325150328357897614381384938115777429504.0000,88888083950045807162408722803757022329611867412332806144000.0000,86688776683518359708395739545600.0000,25273211450502418567983273584613317846457854990483456.0000,1795639281481564672.0000,42052188988916253329698896381739008.0000,297807248264979193953410682708325122184690219876352.0000,348025449637.5461
87717.1990,15667898796050.4453,2125145723049720551258392408025565495296.0000,309068607261017085771221073262383464448.0000,4292722962506778673152.0000,307729996661048417586053634825650176.0000,5670464245911.3135,209284134817347921772544.0000,1079632678259347006598456933351424.0000,53058568.2217
