2005.3740,1994.2190,4284.1727,16949.7274,2394.4052,2344.6945
2022.8716,1980.6503,124322.5241,10268510.0333,6641.1536,6881.3126
1960.5748,2179.2365,219819447.7957,32219012092157.0000,2266899819.8603,94102268.3043
1870.0814,2408.0316,40638906710659.5391,181552348748342198272.0000,1869345214668.3843,49506168.3009
197776.3784,7537.3419,450675346376022938939067728477357055367408726992896505742403468778524624158466221268221262806571111657198212946324392117004140544.0000,3448538489425665476927063464658791486635996336320461448418406259725659380025408760297121404112587091193195781796137027397344372964779961449792333132037735223739050883831278607766597686098691779250515117389855616582373494936638623554994176.0000,68463114838627256866302759781471407692739591018613186821350905444427743023583020974080.0000,43472164042672869472611596035806951820539497122120073216.0000
102198.2302,9599.4168,184294886977283690346525797546659733027404130817902429922457202085549323016124956521726634819478046247865542700878004224.0000,102335121063065045311817145257468584250671945997636250704583188306873002385198254958090471346676751363539302063125800615148990251727194578532721428424361411770996998342132972967165952.0000,3763775207320733230467403091672652301975621778845102750162861798701401534152055116681721679970304.0000,73859255107845380621631461923560186408075264.0000
653099.2632,4061.6768,1977725042754735515966008455228052647898070314743987314496293026442194080544380710057810463417380628409770239228532562572004553708830432690176.0000,80429025224056793073843090961904039627424878091918515959656887617985395349961407992413025872744026946677177942711842082378563347995002047487442878093221649038973033165443687310829333148576114772347442268946846590173184.0000,241172728981089053465344760996893360902732080768321713162641644379937987031802045061531322461084616491008.0000,76667303640056122597881922161876210795917024413224007299002961101848576.0000
3580114.7959,25076.6828,141871079446170784311521952951103413295210907338657483723678852896286016363604904594368631584941344373190105436954997804946939290476170591994345972403857422124624348494811423905355939216093993958936017895424.0000,inf,1753661651114203422785106558163019463560605355860902849427618604280318237151729612091944274560548864.0000,514296892274245808537372572637759968614479541456110485566675769298606706414137089291013099137227220218850223859564283340045418496.0000
47026528.1949,136695.7500,20479568281133303282144048371945993099701049715522208507672838210068491416225625540079700484449792147942751246880292146283788307857025118860848671125828164206131245035446452401862718432904440528776135272910357138622669866239910275431655121404674634897148327431138557228250238067637368103982561533644402327552.0000,inf,412228772439003050942081475209487545201968995934280802798127895668858379490664334054489100635037078434873344.0000,25613178349317708520799567758056883111988129557790135795201728430456429840324106198746600118852525067362567870509342463510810790082725353095168.0000
34971277.3096,19322.2549,6080003912957430085151427571441075309521398026803693502616731428440652641565699335183989847739614838986001647624294833662438247316987255997812893888919834876660617726579668868686474590116426809344.0000,inf,3447684681009932775349655497740022824779852085069058865687340012634376317167827385708232316602904928987407114802561024.0000,1732604615777357422839258534354396604676919839774298856901067000258153587765253839964340224.0000
34382.3042,508.3038,70006166006563967285355703288383024283657521501060813211266361580951424729088.0000,108094549193462614539719100528289430517725088057301511663688100450162810418314673250788215573973510913987870457856.0000,386178600342658092386968087158156620201984.0000,275843014119574685186081771742111465472.0000
15586.1776,7855.3019,2918313265266020222404740851955491288793876507839702928096163043630020825896848156037325122923659264.0000,206662965239751310944280918817509896816149193413173217985235216312257735146172821704004716549237485586331892083274044521406710769076278003783410783310506526901026254178988210331730451737097402790840746639360.0000,1438757090216543057469735040664469504.0000,160140257973089246280074667401949471008186433536.0000
30697.4411,2712.9819,38351182601322725595003102350638519179495414016903062423127799262108590006629040128.0000,124345526179899628525234707191073013642713496574753230047004146224796859980660636753512144832996446052580017221774744975575322481233374817332567948096247431168.0000,41646137018812765311329463762912140170968956928.0000,22946904380917106224297672704.0000
527521.6933,14163.4360,28959633929786487582575193977608118785144184460083927048759800676490755233861938597889532934916476369315682146620968748716520930933847140827424716253990748160.0000,inf,1853779696791586201036039544747865843189545998838125408385100089917440.0000,510982973645729920863074854394411052609278802706912532020149300993458176.0000
55619.4757,2166.9330,957746971240662155936085503529458314341771068026613575144378496221806121329592052854758280670525730869452204941508608.0000,5288245607162938407958492051227431684861101713997998173258851296518077791121961506396144226368332886624059528173509952139013065479589479165064399659365812922704227712682033385568444890115784697163284480.0000,420541556875806627486779617471243698992840704.0000,15378101825520775227619189216317333588410368.0000
4288069.4997,3352.9866,1194089868244932128012408503322152452531150615606963594901902419023170901498494189406704136265213536382906122382088196324747628916385325258581592386789401081573048883042514177586221742555136.0000,38205151196493087696687575816823661032114264903291696586089258502939196401184139200112568689529474946382248998726289804045425519138081304479148237359076885167406925536249300385261357782320301853707981299372257545369183748920633473463906770237675799743312057914403941593102459736386629104934132861894656.0000,5512146845111377675761319673610889156707701367049548023149526840895565240680672561269317828608.0000,3941606282740185185223869015694338882288783942545496538310862962688.0000
3040796.6242,7230.7944,690745114988705985693853093359359922726152589253913982508579498300801826141942189034895912549100121636740632963916746078520967641102692827768282247973146575302186437684756480.0000,inf,151298244474251312256001545128152813656739344472287465481940558023132885710145214509744128.0000,18904233300095570248150538302855877608266594449627558187926669211070530793732241880245191752639345311350784.0000
11228.0384,8004.5759,18564304615860661742838913022988573383007181132927629097598007087197645408022696393135095808.0000,17390489038460442140176104694480551716994512107865508206170505936081085825565574875524726683449935529528706920509652010974847432440602182985966615131850801152.0000,707262541704014059887749234688.0000,3821066910928156220761767159213557022720.0000
47697.9881,2182.5404,6028578435130005877645808322251666633128426085728380586889860689635807221148200759077086217673637888.0000,469906327375599111487263805075649549253200364487684184693999851400270446941069476914075609870075844051819608799053079501612193310318174261701809797896132084135584392844481503817363340918784.0000,41453244681746668612112069026610413568.0000,3391848041632249306175682146136574809604096.0000
45968.6281,2550.4287,23719843552007162844764996572737714806816223389138218008553816868520663938827917387679429563489714176.0000,223666055764115380215829537655226839342567676670190232992750360790164394503602891757742395829719543310633491718437615891493658050806101302517840315271546557786987549274620526395441081191894089728.0000,114408533036700245886886087033666141436248064.0000,4944664485056201961234818277457945236967448903680.0000
77517.3642,16944.4231,5250456812478725350279680007972886412619866259284069228027587381140197583404990092340253068134668718104292793871701217269311741284581376.0000,292551827373194317752847800789261430181053078123196559849360588769276802651932505657048308445063799928932479818745491804540271882037283835548776077009656375167350550657469118423288595748967569767326990851317182396189207838002648634349465855803219077849799889266516724177304028914384896.0000,17548167337837161369896420977045344392090235737418498048.0000,1653670140878846855401749522874447351272928837157060905795584.0000
1265759.5710,6203.7528,584241513563159994004367414351638152091554892479868007535358267352071083114873290710544544703609758065300696109344631928931338792865515893594078487033764443586560.0000,252783858897521605729856224547252003312199992652319277238880889916422505154064892429271601471643896755069822108519110676959682505393668630279858744154015323979407412136706292603313217811141728633636495878629287667765497559606295645601092065382566617235405182373551935026778492175077572916650442752.0000,2655280889768405407312938853319413737742764226697721146980523545333669660983296.0000,16575842305911838292074283685031800660516745590038110802613895168.0000
