1911.1251,2144.2349,2373083.5871,18633335.7933,72721.8116,8147.8324
2406.1693,2302.5449,338266990021248000.0000,860886579464013348864.0000,30248370647755811547250688.0000,66520836836035.2891
782409.8743,15351.4131,27018238614156892635612430389950867611661987122939653288038380530779551700002618822405222489306432627397878577189334426336267409575968495370240.0000,59630085724769949972520600733565391036944441735817755826582105364643049838591437459771260703003185167454336329836380424461114372364792739770894439801129484672659619840.0000,70916107931471717180181407068410907895874382861758651597283667019231449824346161368302114728282048915824078565624958706066398069653504.0000,4782939251266675032265947267821789573062958054373402711029551464448.0000
13345.0929,5531.5467,2855605236835284996735710130117567158567953172950303464525800618852352.0000,125063991760741359261176312588353929128924305694708969512310767878144.0000,69317148884172398382419160837606478794435333189374624950901157773693576235974656.0000,44312926475627450156479325518200561467392.0000
47419298.6711,93774.3376,691558376589177555892622130702138526349504321845161868351009355100111481579132005171342928472907374463957798175165834238965362832459296055769251712286886937319983745046402686345280906932707702431341891943374807829641248432272628637554942102335408502051176448.0000,inf,37742317701420374383194800540937447515845149592260490611066672333759910972595152778252007433681579295178353962547136898765818678180426521863112810881694531076627304184175247693828652638604716566118400.0000,13446339404832673134654078867865091322303960014352087571346141612382555168510452904839086080.0000
411119386.2322,33335.9405,inf,inf,31591731829648361069864618749490898231962959869209958106019830651330065753874175713682446807793801673834496.0000,274244029574363299275133705702332149648808021110372034132334641125580556470325641697286963933711437934405743398191767143096026131190513664.0000
8162970.7605,82043.1045,651955816429142747195000865730852222829226484789375541544961480802592069798997908926996482189756382757167642097962762858418802452621677169231700862620305776370030056547983757439719394089079271597954591073763328.0000,inf,328675924727181854768191069267941483773477006715786696475884271583493934795808817966743552.0000,784511166868379793072913928945234372263758058953148637138734799622119779037707489314119002095616.0000
2383.5471,12513.7808,4443081208883346354734974425525911552.0000,32845775078878658211404620848705372858006750888003108864.0000,516541550523743262410213996740075875279273013018624.0000,1516651907268987562560959021056.0000
130336.0595,2628.0870,3613623940288209768789751226771084619230946968419770856123274312245748066609530559866487900791090736811264368700839207632644341760.0000,60183500643463789428172907471428469909152921340111940091742462703741241127758117905794213949208786682535416231651543646423207741570214119937407797089638586867758052762372383237470166135591400108122451248494411776.0000,220665419076373603159172763059976822521275530207533801569016296192868352.0000,3000431297106341510999867476662858121478144.0000
613625.2485,4241.0732,27641945184223072331533376334628830931102687122053043317056884014470751559418709716026531116493453525860279239328479113951151733326584846198515844170305387782230542672383172411392.0000,inf,28648565557225023320286251764844319003383995744789540054456797847634313216.0000,1724137385826823217345391342832100645583921755631598839005184.0000
569087.7702,7130.8538,1583486429400567129831799231072392610003293881501238220843398371634642069621223008492321505421894476401121931384042549002151084105863483557439615201229047535435747042525184.0000,inf,5574080504333272161231109328776094650166352595757884075134445786446887236141056.0000,13349159880219047428189205638606437094494060415126217949184.0000
101121849.3567,11879.6026,1324572644090969373720691652997531576571735619398912912980214834814432488671410301585213539124722621446351072263243930028385196855575990543724069542053796984848581818102199419593079304748299130779292496094764778430590490836984652671504195012696613672125963420469013793327885630694988848300032.0000,inf,1286557111319301413258332557355377871730420723087526489757631449842594697713110785876831218307022611107600735770614169600.0000,10250716271866726451630450886270881221844241470394072056079555314010221762543275400978682105629660242639859071951306752.0000
364517.2728,59108.5197,118888539694176587369339146827212607477292138273388943490341693706710048603033321711783973653794422345573242606927106084825424428756168456584270852952569116450731390718034368522445203780315684651160043520.0000,inf,1192912875427446278524308001316384635543535883753936215554346463526912.0000,9533406368507830437900195224936063959750134009435819048465799968545806187703612473344.0000
46506.0821,1260.1711,11732563014780990677531995855914866542449076256041938501344607997446248611100753920.0000,44495438031284005277718482665784644478039900601826548902044013849541050027483540268054552643516955287934080660632337173575791472413036559369360761935626240.0000,51316239648208855388654903778638567990886400.0000,203889436177126582821940230620905794961408.0000
13163.2702,6520.7760,2955292558035259261476399047472218162027379326342456974644384570502093280416628736.0000,204679065820691597497780873286971900703520815131581024767049683099481671192024691351744406356771124262006268084576940956149382305444966306877517802242048.0000,15379972659403845694903757160944637894438420480.0000,125223606772175321912311808.0000
635899.2409,5140.9806,325783176175212947831574436989190723921480809783069682691442497083893322964569531437803712555855103553756839021539046372796494355796754850599981600654108517052973056.0000,1091896939452473680365640224424309541798149449005395554568730830420837757046515712379316575001460026643631226189684324995329524201779611402297405276630785970729483976894186854645612554314942522638354797363460075984059676611516714247712836496389026900125025392606126169795817339948596345277878909876043776.0000,1068919501142853507410128410533008120899147874165605108386301274020747673600.0000,125830327089675288585313720790986575022741588854884574815043190784.0000
36632.0237,1880.1867,2374698829475683757061142524746370060197724155412951007289307009945749266915687506378752.0000,2583534440314399716802344991077003479621502994241351612434210479748783707328298958492514924911436205010977697408023746369271407142159849449610127254632190691806019584.0000,4700372185657449982804504001953679802368.0000,39596744526737893751432564346313506816.0000
