979.8653,967.9418,979.4877,977.6307,970.0944,970.3234,993.8749,993.0416,947.9281
1001.5109,964.6882,992.5663,985.9335,995.4413,968.8262,1042.9898,1033.1506,897.0696
994.4559,980.7794,982.6126,979.9342,1020.0331,978.7827,1008.5262,998.5039,947.6844
964.6540,985.8888,964.8927,968.9001,983.2291,981.8986,941.4942,944.0149,1027.7162
981.5927,1004.9780,966.6388,970.4780,1052.4746,993.5587,955.4865,946.7829,1035.0850
979.3760,1006.9486,964.6836,969.1413,1052.8152,994.8715,947.9310,939.8199,1045.2430
977.6746,987.1453,971.0676,974.2385,1006.8975,982.4329,971.4507,969.4083,1005.2262
978.5896,982.1535,973.3209,977.9441,996.6206,979.6956,985.4518,987.0163,1001.1496
1036.2565,1041.4898,994.7705,1012.2184,1177.0694,1035.3759,1042.0472,1032.3471,1116.3348
2988.0665,1927.0507,1706.6357,3114.0637,4310.0321,2423.7933,8435.0457,12740.1878,19777.3797
6408907.7259,4013845.6811,45393.7973,106758.4095,42840355859.2621,217072.4692,4345479.7501,438868695.3585,13551280.1843
162079836016105.8125,247485913020.1523,7295921694.1293,170575440986986353000448.0000,4953865213828.1426,2439122487117.5801,2312603471370207401271224236230311936.0000,6256807610159944371659802224751274641850368.0000,8151734188629403139187106462925062144.0000
1169255594473619452578996457694056659707213347086428225158569037313520906638938369827876634624.0000,1830625547886775947763311939597947548293180601778698843972962301056110661515975065600.0000,377955537834642948515498659532032710853787648.0000,222661804701897924337624295658560804958077676683264.0000,368591410786224275397517244708011244758758861276972397543038779754411364057408575962924425389753249132327808223332537455800574456282102744918299324186624.0000,18011481531730697256170603107531799950243619299621044185473839764935366175509970944.0000,1078718833019673980111892420559086780263396470366028277659835389033595614626872888898724399597574400902657132518646278044582940770304.0000,658467805614473286153893034180530155555118613569435372181423509336798893404628553531512074534912.0000,610602223481436535633556272932792682870604824576.0000
4155375691176169760937159086764388984660861014342092355272704.0000,73967347433668297093653556137907158125973401016868012032.0000,92098969287242947756032.0000,48379503677457245581298613104211317536887919182850006905710968832.0000,2104211532437231526628865343131925801156471964547072241714409611679842393823925795983780269802459525579683071037265489690624.0000,1073643783389806595959955717498913064092696576.0000,24030220284798356097059676977189085340965136825483310091648271383205336464020641399304949107622509942880823167418368.0000,2216161762638660287645493935321955322678022522581432976179469001441585871400010765336778430073107471992007659419417083641856.0000,9378883387826129963487732068604323555273374290493013226329423456271591552604889920793044315022759742986905730030383191871926930282509690630759326460364351661844463616.0000
4987724827805661473580130691519632765193153654459162166542979812810352133820027754706937831227392.0000,87561503650854846615515011245772156710873427804678639828171772937920852061988061184.0000,8444149574662733505240659362329089015808.0000,38869666320978207721586406154739853036394009539591933353040825764215488775250427541720015925411840.0000,610896269631771564236297441473216847770218011241166724619781878449161308365936388597889226386899561124454807413274931688579792896.0000,72599997034522297640671127152518496423396693762359402244485242493883681603584.0000,16187506635026456103525125047195185818606653109938991612143524748165802340346608347362576810014092762951595295335016842578998154013356367694233408303483055600079030765207888101416673206075392.0000,745992326130755484685855185258887036520797457857121229977990302618364080456968781475584815291547380308203138697311568052206920088869915235359517532949523067830272.0000,173627688405858505264881836806376104443919693009591597922959891683892241418714337269110432727149051904.0000
12959145682771127241004100788078666917784245444995218894961305117412548074989494966070171140096.0000,35226220070704054275067372287122771060608681985036463026167756869118984192.0000,769712636772025302458159762372651525341184.0000,5236044184216121406768820471900287529013478076474681373269976801926776732998982172672.0000,496797749722079363091874063316872216386984027619119711928973935793808402684961371904894811361872864338459948573005116768453862537967645242619662698152829929630116728460382568448.0000,3582931943241029285631577154871997011114533537322605506371033634609232462506337763328.0000,359710026027606867074883235159640887277804388552243328125522094706494511003342612949219522085658522899001719310599608133134464808180083394134741946927973094917616149987328.0000,351911435781030846637037630278415416386570229168909723078552160729944227388426828795272555088965379248362188692694398375941888076832744965302264737375716195713316552704.0000,151542686803789007502176577642551035611566297776004464413587749787973521057915584380047674664500535252034167700537993148878792633676485430809880115726755126258690015185499157133918000233684566391390208.0000
6034883019806288546398069619910299405588711401941106688.0000,216856078890907948728910156763278662367469970190837481472.0000,1221279610304358857178087424.0000,14692880279367212348810978538975190364826793687328203724881889096368128.0000,18903613715039385018488528642264882829860054878978744016655933660104491008.0000,84433151610149894202246687820144207161014091776.0000,1659622235089985172990465204685439791251743927191541098803625857734820055526023625433009101656196439244778514828754944.0000,844569441092074488733254142749379649742810173230390852035997015945489838661086565523741364041330404298166632448.0000,10257818200539622599935625740590059571372184021768192437773670331427932514287616.0000
24787270561931708465923215614007227307177533887560615715504820875263524188079320465408.0000,25042727940355057298110352373838584364683756155780658614950166528.0000,21475334404328406865528543032377344.0000,222071843192021727188804827429185072683377733740521770858403248824318383876333969306724545559793440204456644837376.0000,998948892229229012027267293113308423724140897720449505303467638800996399508686261144253856881552136961806617694147108285710336.0000,76873888074416431934591782431382956056865901570321273641677792543201808089088.0000,3212908877365644943684249200824277899646124959032845542569317559043209065983641319705071392261481102150844267570763059419176600595706802017669081798077894733736728143831873944942050711432066891602037044074774528.0000,582187853902190516699817098247663600425502421104793683478792648205377944592587699720827392940177214889943278358893151367961578313671590653895129676639617371597855990208008787143899080744441054555181064617069789682107154432.0000,17962615813379854869470160630270383274182074930894351188307554124772363377711137945421857952529591182402037866012735164170924459263538268529727222553060824154344161748184529551502336122012940867751421384788936258100142327208083456.0000
129028196601014163996508816513803250212222484201037138471973376571211776.0000,105582936013981910018571451536271718058295296.0000,3030111956676852370421546663319345037312.0000,7940695907185451435235999744.0000,131915867593092122510500354716793705715489649162855603632070983287662514499588950794289889935041232896.0000,11655673981795505147536579139420764910911488.0000,3247111458580021468850460505051165284898898297348991779506045417684992.0000,1081455801140941157381513652255104111214592.0000,71894023776329063527213044147569326280409088.0000
1068637979475956100249678348817465295199171948530924527810669264997956819353600.0000,24224076842057976481129383534876108720769017624200475800229795725141330980874142447828992.0000,71046892592369035231884391103856640.0000,1127983043824215928427730284280653857095225977774453895145610724005129243703121399326111034832759981981238951449981227819465857038037127596983153075161506519187456.0000,34966924817049994130815859222014922647938288796715679875792284881145291550213799936.0000,16426723497991193336606226737646823626089461784323652180884919000868979277975498260480.0000,54716988798839083134965224697198747564154285900396878801584054335842359698977467834515543113743019975393427448149665712053007568944577755074955811059807551237830555899428814833613235692701166504006693580794394425126364518594719051813771182221032697563709440.0000,18301391015010139165106043001084710901570748771778413448904901584115913099945070692975168100543352289948690619921343094651892093567741015710320501794589291817249047753324236263321499068121944030911572165485975450300408859340295091580075012281256875651168182187016684017009426075959582851031648015602417664.0000,12675495999403235461421146683132810256644623243315817163322043966031940081817623028497589886190944186187853115916973995218171685429818836848291160170311485877015974450504518082650206344779069263923013902988882113856072069907845346054330466192745799981024021528020647444981888269156352.0000
3790578141809016410630771170410619683155128107263748930136727388419474212378868995369003531244750766080.0000,16501808882659173729491360037526629852668625770701004944490272017254187008.0000,437164926719345671802412234620627696222208.0000,23992889876517313712761912986666941999442992415777599043457894934485488983551183893018972443327046332702549240074808603128382953120038008127488.0000,975226496598371841250250516627475078305695134588171674764476348050657303858991998826197091094182983030085803779375883921570238773031623649656832.0000,9215878292554026592713136186031900897849922606841047210242160221989430624256.0000,34229520178604581200401357323548842684453695816409351809325819448533082717688051210701086830658760310627370784546435278471996922903661724123156551281086759726427679447915154107576373278711633409515149887535116450894207106847484816989585243102381080576.0000,29971765213849287400830804907166350762185852998299580678270536573675491364401058484772771015502781226767376555442620745059240565027385490995474062096537809984434429110315265763204232175109809546353458228972515746917853360570421064311655861734148396680894058364499623064641464172544.0000,449785039285230676906917330011449471197547669587040894111856034412203524123803291294068192169874315338102330252782615869715878199107735493131351997089950209985439027359060631940084236334660465131629993064004571086912774319518100126752658874196901888389995669954436434150943708700758699195937924841472.0000
139358086103455170571091166711485969179889374553705904874862226630345839096102912.0000,1105318837992683223697871864804118634229321352615620497180196864.0000,340600259636242469417042051072.0000,39947456451024956605205705068096880206414254691729294899765126646740759877001027327938299065563211723245183695245453985295405940736.0000,1005003200612466252049687052550009176763060006922345612579003602437590633716055598432256.0000,263562641341195320549949205413788803630532272602513570575115354112.0000,2344578960776929294715800007336643359831244749181577963118740310667133160377947617686366217698801470743007182424134890136256940332420236824188739886080457452484876666523880351288555252033481684262458784611403350577670454899998691696836608.0000,529234959741034356542851295151868878642738736980368684925670395600907598658332870638155880301324394506632899274600623635587453653094962125265737497675905502494311936819770539969349510520414767475326861066314346136419365398093260677282589686570294791978192686022656.0000,28292419117646943322867703623809402344530443464036658766334372066591702671990361941070294481011150929056404173548080136746483898047510079045312865334232091101814433924756017526781488699370478795561774956261396185088.0000
5878297501740687843808772096.0000,1410475475834587574173696.0000,149340213197521682432.0000,176369748736580388234188000591872.0000,2539206055965107096768545016367617377052376191467520.0000,3211303667293753429765762102329344.0000,90140356019663575599332911809061990694912.0000,205041458255353851665659644437725628899623919814582986511643488020332544.0000,15401006333603815491972879910536709959832886907495496177156096.0000
487235325580029287430825785029735614485542339608576.0000,15767727578184338950549444238096990208.0000,58219723960481677312.0000,49332907025546415025399200701084683555122713719840590161479475943411023872.0000,195238426762320377871552421728146912387531708701602951987200.0000,6885400608745131582928708540650221452918784.0000,72415463527534778246576969491281148454193405435174980098791715529515046222546338811185409188366528607033394097523064531979086069760.0000,587791677769071148704959362400550719112774296681140699127917255325171767998198623114503087534799779594424892097127056874635421767029541351783923712.0000,42817012667620054461330778114214094357145035923058459347237813847999566886859170420605473279925626947100047856660762047903470097624530553929728.0000
575826319607844107827702954992021020214296576.0000,20264448379526460032792446698071785472.0000,652673557530209792.0000,314721245170916567305063360676956563583588705278510301171309176946688.0000,699630777435387269300295362611192279269568212183919099904.0000,14426158078131815957895507363450620739584.0000,173679903144376651461199532635743739243542746671614735097453497289112292794114772190177670564814397191679847112014711134093312.0000,4910494189610569706983325563968341786561137586447341838662746316512186456235235010972122205505355414260473030370005104742262950462488576.0000,1210508759963628874233081074637617485513127241025184253559530447131293351040165272841798938515701350620345604900445604544512.0000
547835311027432480741379024601487065158022772823825580032.0000,117834950796520510253948522873794500493312.0000,1017799769864705715208192.0000,5155635478360592364254993967466847304638113184464772784800666364181068636516234821632.0000,12066949669637717105264737169344488021247317194287201462557861564940156114305024.0000,46539257100235477844799964527683843672674140160.0000,127436915006130767117626144009620280444830861100449169241573920063880888622678838453014140557713761746768919938278406239214598438002942317783046767283011584.0000,253823794921767883582222866356276794137083006642190302749452313567783832802049600913808243420631654947852456967452545420776771392819626152865931317299951755357546837180416.0000,2066132902238051962251762018121032654866258552646489710847335321936903667059589993787492901616801847067430560340224317278852198283396083788887004841437141401600.0000
2137807127249539178500065736414857190594052096.0000,1780341839993282738778975778415289827328.0000,34705534541841960009728.0000,1353619452396207592042401397478429694896032025225543505987759981068937886389323157209088.0000,1604623724546894943127392677100190148530573508870144.0000,339607419222403030793418434459046100540063744.0000,32513145486061075131652836114099423149499049969618761656579924420195594545776501951961748719904725632932829949210742532125192799308721211362508800.0000,16430790205192715653006718962733753485960790462223788275252893079510603333711862917878574060198465183510707851471883878933333280049208174007123341345282023938240302494263541760.0000,1116031502322917351755639819481835147454127710773688136781724615004688392093391317909793059628243751820879340640862078955381152539831210193381119796516313648100016128.0000
10839330028240506120651318816006705164384724934305355429954191360.0000,18704680926721816152000696798805997268014057102770176.0000,97396824232087898682294272.0000,16991239668172750583548072438170665817945480050109048335731315209692033263575345837595744357869758651207516160.0000,74332548035933568805542870645009740534905669082463583094371480484072609492454121330966528.0000,1225375961562702070190138663550343937736449571707420672.0000,4386877154461436081051727474681914945390114114356136166904709360040300413630748521452545607531975215903516110770345752790651221665434725215442877268068680210096880932243745024494691081795928064.0000,19549038491638312943916951254205754903358118481426856039444051589468466113456889559149558216310029013968808784642955903016762403033066854918784763039905169270809928738693565479609017772145698545055044130554191169651212288.0000,73284173595471641343470694926099600693654394141212341596382067385577540758990652972053072469992877695139029414135725271800111819267531791516986156115102388645813212708593022983535662862665238439270239076171326160896.0000
6043632512252201708552192.0000,213160582823838201618096065609728.0000,1908223717484.5168,33688385541344342371867337145101078130327552.0000,6003004416956461917644141887488.0000,643404805160331231887360.0000,34208763670086717408719245406629801878880931945759309159994029506560.0000,10903481294513746825922995819082163637306271359117331962598358803979195832598528.0000,15751208649301948895113629420682246324037753678889238947632196354048.0000
86761258077811424.0000,6821087723500309504.0000,3579699410.7830,156734691122552099385770651186125340672.0000,122658742078928201193619456.0000,29687848362138820.0000,2618173531580151270388710316097470687498922383635055116288.0000,202652064417387348483821216937622928868209850697579005317777146033024794624.0000,93443962488772121471334303179030014697791085335318510286766073708544.0000
324948779600505.2500,6544463626380681.0000,15052801.4718,43026030672218775552.0000,136388574455174414336.0000,17269986315791384.0000,5155336763508770472234500227072.0000,72323208569785320123370328555520.0000,69636423674513389129792474153222144.0000
52334995025516064.0000,13180958383205308.0000,4227873.4195,10026076444609093330458902528.0000,16747142824186685440.0000,44537934358215936.0000,6180590984387507995505321917125357889864597504.0000,96246238793318674948355175361641480128178842197032960.0000,4878072573754025665573944673425187327913098362123976704.0000
31346335943459399874094563328.0000,159432460836966807659085824.0000,99739927068799.5781,64727766594359840275490744984183565275816962664452587520.0000,536953532254649015068016372059471872.0000,2065562376347475291278409728.0000,25462704555143436336852057074879399187209695614691085372132666823389250507797088120206748811264.0000,51238204867364430442716083605743098371900853841639358709992989921030557161285906873987140098286255874209979826176.0000,50153455913593387744758508137509616486878844352833123415583470085313300446933313176416082134856943787835392.0000
9056624834665508765696.0000,264815070254845329932288.0000,798029105515.5332,39944665628181534849768563122532276764672.0000,6150801198527166808064.0000,179497775840327532544.0000,1731925633137887384477436757110789666187926232920919989754941939908608.0000,1156383493198574486529450855299382356936549158322472091294056909645079013110415622144.0000,39388760377773771193760032058327539097273407434099547781336207923871744.0000
83159373639160168448000.0000,60962947846047916032.0000,16774027729.8991,4815517936210917948545837335314432.0000,239961693466181625506881863680.0000,760036245271737472.0000,33240777123821984107599526149028804567683191739127604677967872.0000,743092882679555166074710164806803936706659275256148955123154944.0000,11829960694340084323912733304596259117783662192492544.0000
20376489908586686709760.0000,35757026218444431818752.0000,191111945.4279,1274348809488682219012494324662272.0000,1324454437828764987131309326336.0000,49246834993851719680.0000,32514494084397001420276468104668866443863649652477368729600.0000,42099584174148824572925513256263079569670363417677214976573440.0000,288469831551044904496325717368883553075512093260498652213805056.0000
4840606468204296192.0000,1308396292072920320.0000,9602869.5057,466792998453649949010690048.0000,40923887554485263794176.0000,262334485230027936.0000,2910002360142254285795249578018464334490391019520.0000,4557997627305812355427560833025040494814660852187136.0000,30111833701640192695748773941021428915634176.0000
10060926.5835,33840505.9856,74312.0555,104752264756.8502,5115260914464.1650,5249342.5990,24598706930796.5938,79369315809956888576.0000,3595222943885645597114368.0000
33624475981.0486,15379625977.2339,157605.4796,634631380046482944.0000,386009535754.6901,12316791961.7803,169418132946914967270914523136.0000,8060313861758236849044645761515520.0000,125882865236754199640861073997824.0000
26680184310.0398,2078314922.1366,255967.7927,160137748375971744.0000,270681559743.6609,2947503716.7920,89576560505418864370114363392.0000,1977507826229894840204163121414144.0000,745171644035103103070960091136.0000
145389507.7604,26142612.3861,80341.1201,84762224159161.9219,1871178602.0115,33580376.3058,32855015082033395269632.0000,388711395587260393451421696.0000,878371130329248510771200.0000
