1051.5118,1055.0446,1048.0848,1053.6163,1050.8063,1052.1595,1052.5930,1054.5338,1053.0035,1051.3384,1049.9954,1052.9900,1051.6614,1051.3485,1054.9453,1049.6797,1051.0834,1054.3107,1050.5141,1054.8892,1053.4754,1045.2356,1054.1219,1055.0231,1052.4977,1050.3551,1050.6614,1052.8471,1053.9783,1050.2904,1051.9607
1051.6422,1054.2041,1049.1177,1053.1387,1050.8902,1051.9104,1052.3434,1053.8476,1052.7146,1051.5005,1050.5235,1052.7271,1051.7206,1051.5140,1054.1530,1050.2999,1051.3097,1053.6718,1050.9179,1054.0221,1053.0577,1046.9872,1053.4912,1054.2009,1052.3612,1050.7756,1050.9981,1052.5909,1053.4495,1050.7386,1051.9676
1051.8974,1053.1225,1052.3647,1053.0139,1052.3679,1052.3841,1052.6779,1052.6111,1052.3416,1051.9895,1051.5700,1052.2324,1051.9828,1052.0714,1052.7585,1051.5243,1051.8516,1052.6813,1051.7626,1052.8033,1052.4417,1050.6509,1052.5586,1052.7307,1052.2498,1051.7246,1051.7414,1052.2389,1052.4934,1051.6320,1051.9989
1052.1752,1055.2935,1064.6573,1057.4592,1058.9010,1056.2179,1057.5362,1051.8354,1052.9109,1053.5241,1052.6644,1051.8415,1052.7630,1054.1068,1052.2097,1052.9610,1052.7683,1053.0881,1053.2000,1053.2372,1052.7106,1055.4870,1052.6051,1051.8371,1053.0771,1053.2793,1052.7972,1052.4163,1051.9618,1052.6025,1052.1008
1050.7148,1076.3573,1076.1710,1078.2326,1090.6204,1083.4161,1078.8324,1061.7368,1060.3608,1055.2241,1047.2316,1055.0972,1055.7652,1056.6360,1063.9812,1046.1182,1052.6723,1065.6828,1049.3506,1074.6796,1061.9252,1041.4938,1067.3146,1064.0346,1057.5502,1051.5096,1051.2602,1059.0096,1059.3146,1048.1247,1052.4637
1047.8672,1093.3713,1047.6303,1087.1564,1083.7500,1084.7796,1080.6332,1076.5688,1065.9538,1050.9097,1035.6993,1060.8480,1053.8297,1052.3951,1081.1038,1032.6361,1047.3455,1078.8295,1040.4084,1092.1204,1070.3964,1003.0043,1079.9696,1081.8022,1060.0843,1041.8376,1043.4987,1063.9770,1070.8022,1038.2538,1052.2286
1061.6776,1000.7865,1149.0579,1031.2213,1096.2047,1063.8194,1051.8188,1004.6239,1035.0533,1067.5241,1092.5990,1032.8890,1060.9882,1068.0626,997.4591,1098.9421,1071.7834,1010.8263,1082.3494,1003.5241,1026.1086,1198.7789,1015.4863,995.9199,1044.2602,1086.9003,1080.1373,1037.6826,1014.6800,1086.6117,1053.0491
1046.0645,1094.1199,1014.3289,1078.1597,1045.2096,1059.1275,1064.7392,1084.0618,1065.5609,1045.1386,1027.8291,1064.3218,1048.6504,1045.8959,1089.7007,1024.1509,1041.4279,1082.3411,1034.5595,1090.4879,1071.4621,973.5383,1079.7858,1090.3957,1059.3038,1032.8803,1036.1923,1063.1929,1077.0222,1031.3628,1051.6165
1054.1992,1044.1051,1085.1095,1052.7841,1062.9264,1053.9049,1055.6211,1041.5864,1048.9599,1056.5063,1060.8879,1047.8696,1053.9305,1057.4871,1040.5633,1062.6753,1056.5034,1043.9636,1059.7410,1040.7314,1046.8153,1083.5233,1043.3715,1039.5797,1051.5470,1060.1398,1058.1468,1048.7069,1044.1134,1059.5522,1052.2369
1044.9044,1148.2977,1086.3196,1156.7194,1179.4335,1168.4264,1139.6372,1099.7679,1085.4766,1058.2698,1025.1669,1067.9933,1063.9143,1063.5030,1109.8745,1019.2785,1049.6287,1110.6753,1033.8070,1152.2255,1094.0336,981.7513,1118.9195,1110.7428,1072.9313,1041.2138,1042.4626,1081.3775,1087.7720,1029.7591,1053.4220
1058.4979,1057.3323,1204.1222,1097.7779,1210.6429,1157.1756,1120.3634,1027.9020,1056.2297,1075.9486,1081.0875,1040.1838,1072.5244,1079.6677,1025.4333,1083.7756,1074.8004,1043.7929,1074.7714,1063.7888,1051.1766,1173.2769,1056.2784,1024.7031,1057.6932,1086.8517,1079.7351,1056.6405,1031.7794,1077.4399,1054.4231
1046.6980,1158.9028,1142.9241,1182.7254,1258.7416,1225.4172,1175.9637,1094.6079,1090.4754,1067.8451,1033.6137,1064.7861,1073.4449,1074.4599,1104.1484,1027.7647,1058.3698,1112.8726,1040.0950,1168.0338,1097.9259,1017.5562,1128.2196,1105.3102,1076.7380,1053.4784,1052.4187,1086.5038,1082.8783,1037.3265,1054.5445
1059.9396,1029.4754,1174.2555,1064.5857,1149.8170,1107.3916,1085.1414,1016.7721,1045.5279,1071.2378,1086.0892,1036.8371,1066.1881,1073.6711,1012.0441,1090.6429,1072.6651,1027.5749,1078.2132,1032.8314,1038.5436,1183.0941,1035.4180,1010.8319,1050.9153,1085.9889,1079.1943,1046.9543,1023.7584,1081.3798,1053.6711
1054.1310,1099.9899,1198.0313,1133.1311,1244.8621,1193.2476,1151.4801,1053.0626,1070.9215,1074.7483,1063.5518,1049.3110,1074.4809,1079.4700,1055.0407,1062.8108,1069.8159,1071.6353,1062.1898,1106.0229,1070.4307,1115.8613,1085.8122,1055.1604,1066.0401,1075.8343,1070.6683,1069.3102,1051.0028,1062.7309,1054.6746
1053.7114,1072.0794,1128.0657,1093.6909,1150.0309,1123.8724,1100.3731,1049.3916,1060.3632,1064.5295,1060.4598,1049.4007,1064.0619,1067.2658,1050.0534,1060.5174,1062.3579,1059.0126,1059.1666,1076.5600,1059.5635,1093.4123,1066.7127,1049.8464,1058.7182,1066.3378,1063.2549,1059.8226,1049.0330,1059.6658,1053.4272
1046.9970,1119.2282,1079.0672,1118.8841,1142.4374,1133.1050,1115.3583,1085.3046,1075.5922,1056.2118,1033.1438,1063.1178,1060.3563,1058.9731,1091.7947,1028.7422,1050.3385,1093.0853,1038.7880,1120.9711,1081.4857,1001.9924,1098.9745,1092.9631,1066.2075,1044.3847,1045.4623,1072.7356,1076.8397,1036.3868,1053.0122
1047.7441,1088.2663,1035.7759,1079.4924,1068.6937,1074.4005,1072.3114,1076.1862,1064.3087,1049.1525,1035.0393,1060.9171,1052.2065,1049.9660,1080.4190,1031.9958,1046.0821,1076.8803,1039.6084,1087.8004,1068.7316,999.0779,1077.3060,1081.2104,1058.7614,1040.1656,1042.2744,1062.6198,1070.5542,1037.6505,1052.0350
1049.2807,1158.0921,1197.8214,1196.5767,1319.0352,1263.7126,1200.7809,1083.8068,1091.0028,1076.2939,1044.8563,1059.8611,1080.7168,1084.2893,1091.7863,1040.0179,1066.7546,1107.8529,1048.7573,1169.0383,1096.1802,1061.4470,1127.7184,1092.8289,1077.9817,1066.3829,1062.8420,1087.3931,1074.0636,1047.1724,1055.3980
1057.2598,1055.8266,1171.9543,1089.6851,1178.5370,1136.6374,1106.1503,1032.3993,1055.3160,1071.2872,1075.4937,1042.4193,1068.5911,1074.3931,1030.4405,1077.6662,1070.4273,1045.1697,1070.3921,1061.6932,1051.2502,1149.1710,1055.4126,1029.7870,1056.6034,1080.1132,1074.3753,1055.7079,1035.5647,1072.5504,1053.9564
