877.9999,877.9998,877.9999,878.0001,878.0002,878.0002,878.0001,878.0000,878.0002,878.0011,878.0005,877.9891,877.9455,878.1436,877.8654,878.1208,877.9615,878.0643,878.0144,878.0566,878.1162,877.8960,878.0113,878.0085,877.9882,877.9894,878.0045,878.0312,878.0016,877.9996,878.0251,878.0188,878.0052,877.9838,877.9731,878.0176,877.9882,878.0230,878.0019,877.9947,877.9961
878.0028,878.0082,878.0028,877.9949,877.9943,877.9933,877.9976,877.9989,877.9940,877.9576,877.9887,878.4428,882.5005,873.7997,884.9163,875.6229,880.1781,877.0385,878.2886,877.9908,875.8012,883.3204,877.7932,878.1723,878.8626,879.0840,878.4606,877.9286,878.1240,878.1260,877.1092,877.3604,878.0653,878.7477,879.1069,877.4478,878.5102,877.1527,877.9506,878.2188,878.1586
878.0039,878.0116,878.0040,877.9929,877.9920,877.9906,877.9967,877.9985,877.9915,877.9408,878.0079,878.6962,891.2320,874.8664,892.8745,879.8811,882.9486,879.6426,880.5889,882.5351,879.2346,888.4440,878.2062,879.2394,880.1000,880.9431,879.9285,880.1111,878.6089,878.4129,876.8595,877.2281,878.6180,879.3578,879.7801,877.4501,878.8786,876.8314,877.9769,878.3505,878.2487
877.9884,877.9656,877.9882,878.0213,878.0240,878.0282,878.0100,878.0044,878.0256,878.1805,878.1505,876.3375,889.3155,907.0738,869.7846,909.2661,876.5655,891.2755,886.5547,890.3606,899.8024,863.6514,880.8150,879.8547,876.8153,877.3034,879.1534,883.9490,878.9858,878.0802,882.1867,881.0227,878.9910,875.7040,874.0476,881.0095,876.3828,881.6420,878.3243,877.1864,877.3951
877.9932,877.9799,877.9931,878.0125,878.0141,878.0165,878.0059,878.0026,878.0150,878.1062,878.1166,876.9989,893.4058,896.8006,878.2219,899.7361,878.9586,885.2152,885.7356,884.4767,889.0862,868.5937,879.9991,878.6251,877.0469,877.0536,877.9938,880.3357,878.7542,877.9576,880.5291,879.7154,878.2842,876.5881,875.6858,879.7481,877.0859,880.1321,878.1685,877.5021,877.6315
878.0215,878.0639,878.0222,877.9606,877.9559,877.9480,877.9816,877.9918,877.9533,877.6721,878.0665,881.5963,963.7650,860.2194,966.5643,887.8149,907.0877,880.3418,895.1834,893.2320,872.3940,929.1983,878.9435,881.8374,887.4238,890.3766,884.4892,882.7040,881.0673,879.6124,871.7120,873.3701,879.6826,884.7894,887.4874,874.5261,882.6763,871.5178,877.7324,879.8065,879.2925
878.0142,878.0423,878.0146,877.9739,877.9707,877.9655,877.9878,877.9946,877.9690,877.7887,877.9914,883.9193,908.5034,905.4774,962.7546,953.4019,910.2967,1010.4853,884.1392,1095.6583,1092.1634,1065.7970,886.3307,932.5635,925.8786,956.1728,951.9057,1001.4940,890.3099,890.3226,875.5381,881.2960,907.6670,895.8309,892.3605,884.4710,885.8774,874.5543,880.1703,881.3883,880.2087
877.9807,877.9427,877.9802,878.0354,878.0397,878.0468,878.0166,878.0074,878.0423,878.2993,878.1421,875.7731,863.7350,924.8135,850.0622,924.9596,871.1295,917.7116,882.1785,928.1993,946.5897,875.4783,882.5135,889.1754,882.0838,887.1355,891.0668,906.6577,880.3471,879.8782,884.9272,884.0399,884.2918,876.1137,872.4300,884.1741,875.7968,884.1748,878.9124,876.9978,877.2143
878.0094,878.0281,878.0097,877.9826,877.9805,877.9770,877.9919,877.9964,877.9793,877.8542,877.9427,879.4805,887.9229,861.7372,898.1273,866.1955,884.0357,873.0852,877.1432,875.6856,868.3189,894.9159,876.9117,878.1260,880.5212,881.0330,879.0167,876.7601,878.1493,878.3218,874.8710,875.7514,877.9980,880.4105,881.6728,875.9863,879.6546,875.0870,877.8100,878.7313,878.5328
877.9892,877.9679,877.9889,878.0198,878.0222,878.0262,878.0093,878.0041,878.0237,878.1674,878.0785,876.6766,869.8357,902.9728,861.2447,902.4572,873.6873,897.3429,880.2569,901.1801,911.4945,873.4832,880.3302,883.1375,879.3877,881.6626,883.8202,891.4622,879.0602,878.8062,881.8253,881.2360,880.9051,876.6487,874.6991,881.2539,876.6551,881.4318,878.4596,877.3915,877.5309
878.0167,878.0498,878.0172,877.9692,877.9654,877.9593,877.9856,877.9936,877.9633,877.7444,877.9160,882.0901,897.3964,868.9758,932.0083,892.1590,896.7564,922.7544,878.1239,957.2554,947.8022,970.2582,879.8585,899.5305,899.6796,912.1613,908.2303,924.4351,882.9054,883.2746,873.2997,876.6595,889.7402,887.8752,887.9740,878.1476,883.0259,873.2099,878.6384,880.2061,879.5050
877.9955,877.9865,877.9954,878.0083,878.0093,878.0110,878.0039,878.0017,878.0100,878.0715,878.0430,878.0360,876.1427,896.9801,878.4293,903.3904,879.5961,908.1131,879.9010,921.4783,927.9906,900.1493,880.5604,888.7964,885.5328,891.1376,891.9133,903.3792,880.3543,880.2470,879.9576,880.4367,883.9792,879.6941,878.0102,880.8888,878.2885,879.5906,878.5892,878.1129,878.0300
877.9987,877.9962,877.9987,878.0023,878.0026,878.0031,878.0011,878.0005,878.0028,878.0207,878.0200,878.2359,879.2537,887.0382,881.4934,891.7796,879.9680,894.7541,879.3065,902.7267,905.5561,893.1894,879.4017,884.2879,882.7350,886.0905,886.2429,892.5325,879.4209,879.3633,878.6972,879.0939,881.4807,879.3415,878.5419,879.3949,878.4138,878.5061,878.3161,878.1716,878.0946
877.9894,877.9685,877.9891,878.0195,878.0219,878.0258,878.0091,878.0041,878.0233,878.1655,878.0880,877.1696,872.1292,909.4347,868.0765,914.0885,876.7291,914.4550,881.2175,928.6272,939.4557,892.6988,881.5817,889.9211,884.9085,890.7614,892.8731,906.9141,880.6102,880.3148,882.0528,882.0430,884.6456,878.4851,875.8718,882.4208,877.3682,881.4944,878.7674,877.6950,877.7194
877.9926,877.9781,877.9924,878.0135,878.0152,878.0179,878.0063,878.0028,878.0162,878.1152,878.0586,877.4085,873.0621,899.5914,870.2143,902.7401,876.7846,902.7407,880.0140,911.5834,919.8308,887.4155,880.4397,886.0644,882.5948,886.6059,888.0473,897.5948,879.7291,879.5639,880.7997,880.7828,882.5045,878.2705,876.4752,881.0262,877.5281,880.4258,878.5238,877.7786,877.7993
878.0122,878.0363,878.0125,877.9776,877.9748,877.9703,877.9895,877.9953,877.9732,877.8130,877.9334,880.6132,891.2774,866.6554,912.1803,879.9425,889.4775,897.2076,877.6223,913.7446,907.1217,928.7998,878.4111,888.3080,889.4178,895.6311,892.8112,899.5252,880.3791,880.6600,874.3561,876.3566,883.5941,883.7720,884.3896,877.1687,881.1282,874.4138,878.2199,879.3788,878.9559
877.9775,877.9330,877.9769,878.0414,878.0465,878.0548,878.0194,878.0086,878.0495,878.3501,878.1668,875.2892,861.8012,931.6849,844.6077,930.9573,869.5221,920.8974,882.9770,930.5465,952.3705,870.9078,883.0299,889.5528,881.5641,886.6785,891.2057,908.0758,880.4168,879.8495,886.0543,884.8755,884.4997,875.3867,871.2471,884.9615,875.2764,885.2019,878.9961,876.7611,877.0396
878.0330,878.0982,878.0339,877.9394,877.9319,877.9198,877.9716,877.9874,877.9276,877.4923,877.8090,883.9691,913.9444,832.3754,960.2205,854.8635,903.6269,888.5447,875.8202,914.5437,888.9168,972.5285,876.2322,889.7617,896.0331,903.9214,896.7598,899.2872,881.0224,881.6464,867.5666,871.5783,884.2657,889.4667,892.7480,872.9601,884.9144,868.0632,877.8580,881.0436,880.1623
877.9934,877.9803,877.9932,878.0122,878.0137,878.0161,878.0057,878.0025,878.0145,878.1033,878.0520,877.4832,873.4093,897.4082,871.1707,900.2618,876.9707,900.7233,879.7406,909.0943,916.3094,887.1551,880.2035,885.4582,882.3104,886.0103,887.3051,896.0769,879.5961,879.4491,880.5181,880.5240,882.1626,878.2999,876.6662,880.7534,877.5977,880.1796,878.4801,877.8107,877.8257
