1199.9998,1199.9980,1200.0058,1199.9769,1199.9990,1200.0269,1199.9604,1200.0142,1200.0463,1199.9413,1200.0306,1199.9640,1199.9732,1200.0348,1199.9899,1200.0240,1200.0164,1200.0070,1200.0012,1199.9667
1200.0005,1200.0056,1199.9840,1200.0641,1200.0029,1199.9255,1200.1103,1199.9607,1199.8715,1200.1631,1199.9152,1200.0999,1200.0745,1199.9035,1200.0280,1199.9334,1199.9545,1199.9806,1199.9968,1200.0924
1199.9997,1199.9965,1200.0104,1199.9601,1200.0021,1200.0505,1199.9303,1200.0270,1200.0822,1199.8963,1200.0547,1199.9369,1199.9528,1200.0618,1199.9828,1200.0426,1200.0293,1200.0125,1200.0021,1199.9414
1200.0038,1200.0447,1199.8789,1200.5294,1200.1279,1199.5668,1200.9852,1199.7644,1199.0185,1201.2983,1199.4010,1200.8190,1200.6723,1199.3250,1200.2606,1199.5162,1199.6650,1199.8507,1199.9812,1200.7391
1200.0302,1200.3138,1199.3356,1204.0614,1204.0805,1200.4225,1208.4106,1200.0924,1194.1028,1208.8283,1197.3478,1206.0898,1205.7588,1196.8955,1202.5308,1197.4643,1198.2583,1199.0919,1199.9818,1205.0949
1199.9651,1199.3346,1202.6405,1193.5952,1210.4057,1227.4291,1198.1480,1213.0264,1220.9062,1179.6996,1219.6409,1190.1572,1199.6469,1223.1259,1200.6542,1213.6813,1208.8553,1203.0212,1201.2102,1188.7812
1200.2147,1200.1563,1201.7784,1209.9380,1250.1106,1430.2044,1502.7849,1294.7312,1270.1311,1224.2758,1357.3954,1252.0502,1432.7338,1437.4942,1270.6325,1307.8255,1249.0425,1205.8269,1217.1629,1215.1167
1200.0219,1198.7466,1204.7601,1190.7741,1226.5059,1388.2526,1361.2332,1268.8984,1277.7449,1178.2569,1329.3800,1211.3042,1329.2124,1379.7657,1241.5336,1286.8111,1244.5773,1208.4588,1212.2011,1188.2481
1200.2404,1202.8408,1192.0490,1233.5836,1204.6918,1171.2152,1267.3734,1183.9186,1138.8074,1286.5783,1162.7722,1253.7603,1245.9751,1159.0664,1216.9273,1170.0183,1178.8288,1190.3926,1198.9240,1248.3976
1199.9102,1198.8294,1203.4851,1186.9307,1201.7177,1223.4682,1185.1313,1211.4860,1229.7302,1166.6284,1222.8945,1180.6038,1190.7466,1227.4546,1196.2818,1217.3704,1211.2228,1204.3187,1201.1966,1181.0225
1200.0948,1201.1031,1196.9791,1213.0722,1202.9885,1190.0615,1226.0069,1194.3303,1176.1736,1232.7587,1185.9412,1220.7061,1217.8492,1184.4075,1206.7770,1188.5210,1191.9403,1196.3122,1199.6141,1218.5201
1199.9353,1199.0529,1203.0311,1189.9295,1205.3430,1228.2578,1196.6891,1213.3234,1226.8221,1173.2225,1224.1331,1185.8970,1199.2710,1229.8982,1199.4504,1217.7085,1210.9528,1203.7815,1201.5309,1184.8860
1199.9861,1199.6938,1201.0305,1197.0038,1203.0829,1218.0178,1209.5505,1207.6071,1211.2684,1192.1581,1213.7522,1197.3491,1208.1032,1218.2913,1202.4930,1209.7226,1205.4260,1201.4440,1201.1501,1195.6235
1200.0477,1200.3443,1199.1842,1204.7754,1204.4343,1219.1599,1236.4857,1206.9984,1199.3882,1212.4681,1210.8188,1211.4077,1227.6441,1217.5389,1209.0368,1206.8228,1202.3451,1199.4200,1201.5849,1207.1375
1200.0296,1200.2689,1199.3671,1203.5040,1202.8415,1205.1697,1215.1722,1201.8486,1196.5262,1208.4637,1201.4987,1206.5577,1211.1662,1203.2853,1203.9180,1200.5374,1199.6651,1199.3180,1200.4454,1204.8495
1199.9594,1199.4978,1201.4554,1194.2644,1199.9685,1207.4608,1190.7993,1203.8488,1211.8717,1185.4055,1208.1211,1191.1420,1193.8471,1209.3567,1197.6694,1206.3174,1204.2610,1201.7769,1200.3381,1191.7116
1199.9811,1199.5426,1201.4525,1195.4766,1203.3661,1229.3777,1219.5456,1212.2922,1217.7760,1188.9871,1222.7515,1196.8379,1216.2025,1231.0946,1204.7898,1216.2001,1208.7733,1202.1912,1202.0098,1193.8143
1200.0374,1200.0762,1200.0659,1202.1630,1206.9695,1237.0943,1248.5788,1214.5195,1209.9787,1205.8862,1224.6140,1209.6380,1237.6395,1236.4519,1211.9739,1216.6242,1207.6159,1200.7328,1202.7994,1203.4807
1200.0350,1200.1554,1199.7085,1202.6578,1204.2347,1225.7249,1237.8122,1209.6497,1204.8920,1207.4301,1216.4701,1208.9170,1229.1336,1224.9121,1209.3340,1210.9416,1204.7416,1200.1617,1202.0066,1204.2859
1200.0273,1200.0886,1199.9152,1201.8430,1204.1917,1223.5101,1232.4803,1209.1860,1205.5771,1205.0333,1215.2668,1206.9405,1225.0285,1222.8102,1208.0401,1210.2569,1204.6303,1200.3313,1201.8003,1202.9258
1200.0304,1200.2708,1199.2803,1203.4415,1201.6606,1206.6062,1217.9999,1202.0030,1196.8492,1209.0127,1202.7584,1207.1191,1213.4710,1205.3300,1204.5019,1201.4183,1199.9887,1199.3125,1200.6084,1205.1291
1200.0095,1200.0828,1199.7836,1201.0615,1200.5842,1202.2139,1205.6861,1200.6949,1199.0947,1202.7595,1200.9685,1202.2111,1204.2659,1201.8053,1201.4293,1200.5166,1200.0370,1199.7955,1200.1988,1201.5741
1200.0014,1199.9796,1200.0812,1199.8858,1200.5797,1204.0536,1204.2570,1201.6121,1201.6270,1199.7853,1202.8655,1200.4607,1203.3640,1204.0853,1201.0571,1201.9787,1200.9847,1200.1677,1200.2960,1199.8897
1200.0101,1200.1062,1199.7315,1201.3136,1200.7243,1200.2600,1203.7181,1199.9601,1198.0484,1203.1772,1199.3881,1202.2049,1202.6630,1199.5251,1200.9886,1199.3810,1199.4712,1199.6804,1200.0406,1201.8153
1200.0079,1200.0819,1199.7873,1201.0053,1200.4588,1200.2490,1203.0473,1199.9812,1198.5176,1202.4779,1199.5899,1201.7244,1202.1948,1199.7510,1200.7941,1199.5737,1199.6099,1199.7532,1200.0410,1201.4132
1200.0020,1200.0217,1199.9392,1200.2572,1200.0473,1199.9406,1200.7128,1199.9365,1199.5697,1200.6587,1199.8250,1200.4399,1200.5112,1199.8505,1200.1799,1199.8458,1199.8725,1199.9302,1200.0047,1200.3741
1200.0037,1200.0440,1199.8771,1200.5126,1200.0763,1199.4836,1200.9143,1199.7250,1199.0064,1201.2846,1199.3654,1200.7979,1200.6199,1199.2790,1200.2374,1199.4948,1199.6538,1199.8492,1199.9774,1200.7293
1200.0076,1200.0910,1199.7405,1201.0544,1200.0849,1198.9418,1201.9908,1199.4211,1197.9484,1202.6833,1198.7177,1201.6688,1201.3632,1198.5711,1200.5061,1198.9807,1199.2899,1199.6864,1199.9584,1201.5208
1199.9953,1199.9391,1200.1782,1199.3115,1200.0391,1201.1829,1199.2222,1200.5743,1201.5192,1198.2480,1201.1710,1198.9829,1199.5192,1201.4061,1199.8026,1200.8924,1200.5765,1200.2226,1200.0620,1199.0082
1200.0060,1200.0665,1199.8147,1200.7900,1200.1647,1199.7861,1202.1264,1199.7969,1198.6704,1202.0130,1199.4342,1201.3387,1201.5189,1199.4934,1200.5394,1199.5058,1199.6010,1199.7854,1200.0106,1201.1430
1199.9962,1199.9418,1200.1745,1199.3706,1200.1647,1202.0636,1200.4188,1200.9052,1201.7352,1198.4258,1201.7533,1199.2355,1200.4491,1202.2724,1200.0995,1201.2835,1200.7528,1200.2359,1200.1300,1199.1114
