973.9999,973.9999,973.9998,974.0002,974.0000,974.0001,973.9999,974.0002,974.0002,974.0002,974.0000,974.0002,973.9999,974.0001,974.0000,973.9984,974.0074,973.9959,973.9977,974.0053,973.9786,973.9908,974.0392,973.9426,973.9944,973.9224,974.0771,973.9487,974.1806,973.9971,973.9659,973.8504,974.0416,974.1130,974.0757,973.7888,974.0830,973.9857,974.0992,973.8537,974.1323,973.8795,974.0847,974.0045,973.9531,974.0290,973.9957,974.0120,973.9612,974.0138,974.0368,973.9700,974.0029,974.0116,973.9849,974.0022
973.9999,973.9999,973.9999,974.0001,974.0000,974.0001,973.9999,974.0001,974.0001,974.0001,974.0000,974.0001,974.0000,974.0000,974.0000,973.9988,974.0056,973.9970,973.9983,974.0041,973.9845,973.9940,974.0309,973.9590,973.9982,973.9445,974.0577,973.9623,974.1357,973.9995,973.9768,973.8907,974.0336,974.0848,974.0576,973.8425,974.0631,973.9900,974.0742,973.8911,974.0989,973.9103,974.0633,974.0035,973.9651,974.0217,973.9968,974.0090,973.9711,974.0104,974.0276,973.9777,974.0022,974.0087,973.9887,974.0016
973.9899,973.9931,973.9839,974.0141,973.9970,974.0110,973.9938,974.0156,974.0156,974.0168,973.9962,974.0145,973.9942,974.0049,974.0002,973.8554,974.6809,973.6426,973.7942,974.6023,972.2972,973.5444,977.9590,969.2501,974.0635,967.5422,981.0515,969.6203,990.7488,974.1160,971.4772,961.1770,978.6469,984.3912,981.2103,955.1004,981.9743,972.9304,983.0778,960.9282,986.0841,963.2073,981.7324,974.4316,969.7900,976.6385,973.6181,975.0943,970.5089,975.2936,977.3686,971.3016,974.2713,975.0594,972.6349,974.2016
973.9856,973.9902,973.9772,974.0201,973.9959,974.0156,973.9912,974.0222,974.0222,974.0240,973.9946,974.0206,973.9925,974.0094,974.0011,973.8012,975.0233,973.8232,973.8344,979.3796,977.2335,982.2583,981.5928,969.4341,976.4914,966.4761,984.7932,973.8871,1001.1079,975.3183,973.9116,961.2171,995.4133,989.4550,988.7868,948.0642,993.5641,975.6415,987.7151,956.2083,991.3436,959.1681,985.2368,974.7611,968.1532,977.7699,973.5013,975.6330,969.2980,976.2948,979.2421,970.2362,974.4795,975.5363,972.0818,974.3321
974.0281,974.0193,974.0450,973.9611,974.0088,973.9698,974.0174,973.9567,973.9572,973.9535,974.0107,973.9599,974.0178,973.9919,974.0016,974.4160,972.2698,975.7634,974.8569,982.3252,991.8646,995.5457,970.1006,995.0851,983.1242,1000.0567,956.4840,1000.8726,936.9169,979.1310,992.4406,1027.2829,996.9828,947.7328,965.3968,1030.5605,971.0611,985.1217,951.1049,1013.5380,941.6929,1006.1523,953.5106,973.2539,986.2707,966.8030,975.1976,971.1710,984.3924,971.6787,965.7919,981.7806,973.4950,971.1693,977.8600,973.5668
973.9165,973.9428,973.8672,974.1164,973.9755,974.0903,973.9488,974.1288,974.1283,974.1391,973.9688,974.1200,973.9540,974.0444,974.0115,972.8544,980.6393,972.8023,972.6672,984.9877,986.5418,1013.0790,1101.4704,1031.2659,1109.2840,1048.7593,1038.9827,967.3732,1164.8722,1064.8362,1073.5661,1001.5396,1138.0407,1082.8902,1095.5474,838.1702,1099.1073,1006.0362,1057.8801,891.0420,1082.3085,904.2382,1043.6628,981.5779,946.6098,996.9492,972.2212,983.9665,948.6182,993.4891,1005.4949,955.5716,977.6181,983.7371,963.5666,976.4892
974.0761,974.0522,974.1216,973.8942,974.0229,973.9178,974.0471,973.8827,973.8833,973.8739,974.0290,973.8918,974.0453,973.9657,974.0084,975.1287,969.8648,978.2144,975.8381,972.9550,1010.3614,1016.3094,1029.2171,1110.9279,1101.6172,1160.8393,926.8514,1037.1463,890.5040,1062.7147,1113.3092,1221.2083,1061.3130,915.7425,969.0752,1140.6693,966.1202,1020.4713,913.7451,1101.2647,891.1988,1076.9790,921.3229,974.6867,1013.2858,955.3383,978.2036,966.6596,1003.6037,972.5682,952.0569,998.1704,973.2641,967.0158,985.0703,973.2759
973.9887,973.9923,973.9821,974.0157,973.9967,974.0122,973.9931,974.0174,974.0173,974.0188,973.9959,974.0163,973.9941,974.0062,974.0042,973.8561,975.1615,974.2089,973.8786,975.5678,981.6819,989.5438,1015.6663,1010.0202,1028.0553,1020.7711,983.6590,980.1900,1008.2285,1011.3369,1021.8195,1012.4268,1029.6948,993.2327,1003.1011,957.2249,1004.2160,988.0994,986.4204,968.1491,989.0163,968.9031,984.1457,976.1374,972.2045,977.3365,974.1369,975.5672,971.3181,978.8826,978.9877,972.5202,974.8447,975.5768,972.7991,974.5544
973.9771,973.9843,973.9640,974.0320,973.9935,974.0248,973.9863,974.0353,974.0352,974.0385,973.9920,974.0338,973.9893,974.0138,974.0184,973.7499,977.4124,975.9097,973.9999,978.2973,1011.8183,1043.9809,1159.5404,1157.3349,1233.6279,1219.9694,998.2122,1015.6517,1088.5400,1154.6858,1206.5987,1197.1812,1232.4300,1033.4567,1087.9921,951.1856,1093.5836,1043.8090,1005.3773,984.5780,1008.8820,981.4729,998.7925,982.6855,977.8999,981.8385,975.7332,978.0824,971.6195,993.0187,987.3450,974.9555,977.1112,978.2451,972.3884,975.9816
974.0277,974.0190,974.0444,973.9616,974.0085,973.9701,974.0173,973.9573,973.9576,973.9543,974.0108,973.9611,974.0174,973.9886,974.0104,974.4412,973.2494,976.6231,974.8529,974.6932,1004.1701,1018.3676,1063.7451,1102.4243,1123.1748,1146.6421,959.7722,1017.7495,971.0176,1078.1189,1120.5452,1165.0789,1103.1690,966.2150,1010.0777,1040.1690,1010.6421,1019.7419,955.8010,1035.6767,945.8566,1023.7882,957.3241,977.3679,993.6378,967.9209,976.5797,971.9714,986.9146,979.9307,968.2346,985.6108,974.7411,972.2011,978.6093,974.3533
973.9878,973.9916,973.9806,974.0170,973.9964,974.0132,973.9925,974.0188,974.0187,974.0203,973.9955,974.0176,973.9934,974.0063,974.0029,973.8375,975.1060,973.9851,973.8231,975.1672,978.3327,984.2242,1004.8082,997.0904,1011.8450,1004.3084,983.7393,976.5247,1005.4289,1000.7049,1006.0104,995.5567,1015.5254,991.9224,997.2281,954.2859,998.6689,983.5396,986.5606,964.4127,989.6804,965.8940,984.4122,975.6964,970.9845,977.4627,973.9375,975.5632,970.6397,978.0016,978.9257,971.8313,974.7083,975.5584,972.5818,974.4759
973.9874,973.9914,973.9801,974.0175,973.9964,974.0136,973.9924,974.0194,974.0193,974.0210,973.9955,974.0183,973.9936,974.0069,974.0061,973.8457,975.4594,974.4446,973.8932,975.5308,985.5136,996.2800,1035.7610,1030.8498,1056.8844,1049.2252,985.4133,984.9507,1018.7643,1031.7389,1047.4438,1039.3066,1055.9201,998.5432,1014.6765,957.0541,1015.7232,996.0786,988.7182,971.0866,991.3927,971.1813,985.9427,977.0644,973.2106,977.8860,974.3832,975.8840,971.4864,980.8662,980.0279,972.9851,975.1578,975.9216,972.7935,974.7517
974.0159,974.0109,974.0254,973.9780,974.0048,973.9829,974.0099,973.9755,973.9757,973.9738,974.0061,973.9776,974.0097,973.9930,974.0037,974.2435,973.3467,975.1710,974.4287,973.8594,986.1455,990.5105,1005.1898,1023.7456,1028.7624,1040.3035,964.8469,992.2933,963.6877,1011.9831,1029.2506,1050.3799,1017.4867,965.5098,983.7134,1008.8955,982.8161,991.4311,962.2470,1004.0089,956.9270,998.3880,963.5604,975.0134,983.6108,970.2912,975.1709,972.6440,980.7218,975.4893,969.9971,979.8027,974.1272,972.7492,976.4655,974.0208
974.0232,974.0159,974.0370,973.9678,974.0070,973.9750,974.0144,973.9643,973.9645,973.9617,974.0089,973.9672,974.0140,973.9899,974.0043,974.3505,972.9241,975.5578,974.6064,974.0586,989.5060,994.0888,1008.3244,1034.0668,1037.6411,1054.0097,960.2148,997.6031,954.2460,1017.4532,1039.6452,1070.1044,1021.5640,959.3584,982.4518,1023.9300,980.5535,994.9037,956.2565,1015.2719,948.7265,1007.5544,958.3475,974.9584,987.1248,968.4700,975.5343,971.9207,983.4658,975.1167,967.8180,981.9923,974.0240,972.0518,977.4986,973.9301
973.9972,973.9981,973.9955,974.0039,973.9992,974.0030,973.9983,974.0043,974.0043,974.0047,973.9989,974.0040,973.9985,974.0016,974.0001,973.9606,974.1965,973.9356,973.9556,974.6064,974.1184,974.8090,975.4697,973.0971,974.5104,972.6308,976.0355,973.4360,979.0129,974.3358,973.8910,971.1949,977.0067,976.9770,976.5249,968.8148,977.1153,974.0809,976.6010,970.4665,977.3619,971.0707,976.1717,974.1428,972.8561,974.7360,973.9010,974.3131,973.0598,974.4204,974.9844,973.2641,974.0872,974.2992,973.6243,974.0621
974.0214,974.0147,974.0343,973.9704,974.0066,973.9770,974.0134,973.9671,973.9673,973.9648,974.0083,973.9700,974.0136,973.9917,974.0079,974.3406,973.4019,976.0575,974.6798,975.4817,998.8077,1010.6352,1042.0923,1071.9010,1085.9910,1102.3599,963.0162,1008.0871,970.8006,1051.0603,1086.8108,1114.6638,1074.7962,967.8837,1001.5026,1024.4261,1002.9940,1007.9101,959.9175,1020.7783,952.1338,1011.8650,961.0242,976.5213,988.9517,969.2797,975.9659,972.4238,983.9285,978.3601,969.5440,982.8714,974.5543,972.5911,977.5408,974.2586
973.9804,973.9866,973.9690,974.0273,973.9943,974.0212,973.9881,974.0302,974.0301,974.0327,973.9929,974.0284,973.9897,974.0104,974.0075,973.7508,976.0584,974.3765,973.7797,976.0556,987.0909,1000.7304,1050.6120,1040.4961,1074.3411,1061.8665,990.8957,985.2216,1035.8931,1043.9175,1061.6694,1046.6241,1075.5876,1008.3372,1026.4319,945.4631,1028.1817,1000.1481,995.8172,964.7501,1000.3948,965.8717,991.8459,977.8881,971.2055,979.8473,974.2951,976.7522,969.4436,982.8566,982.7579,971.5967,975.5152,976.7826,971.9488,974.9950
974.0067,974.0046,974.0108,973.9908,974.0021,973.9928,974.0043,973.9897,973.9898,973.9891,974.0028,973.9910,974.0049,973.9980,974.0081,974.1300,974.3979,975.4779,974.3487,975.0229,994.5802,1006.9267,1049.5902,1065.1893,1088.7070,1094.8874,973.0350,1000.1075,995.1621,1053.3334,1083.1382,1097.1537,1077.5755,983.0077,1012.5366,995.8261,1012.8416,1006.8935,972.7906,1001.4055,969.3438,995.9776,972.1294,977.1970,982.9106,973.1063,975.4312,974.0070,978.8249,980.3629,974.3440,978.9985,974.9540,974.1384,975.5688,974.5583
973.9958,973.9972,973.9934,974.0058,973.9988,974.0045,973.9975,974.0064,974.0064,974.0070,973.9985,974.0061,973.9979,974.0023,974.0022,973.9499,974.5016,974.1774,973.9706,974.5840,978.2625,982.1606,995.8374,994.5098,1003.4521,1001.1035,977.8534,978.2006,989.3814,994.6399,1000.2409,998.0031,1003.1908,982.4027,988.3064,968.5731,988.7572,982.0375,978.9654,973.4478,979.7927,973.3889,978.0091,975.0906,973.8719,975.3025,974.1526,974.6399,973.2244,976.4325,976.0534,973.7336,974.4087,974.6539,973.6152,974.2642
973.9986,973.9990,973.9978,974.0020,973.9996,974.0015,973.9991,974.0022,974.0022,974.0024,973.9995,974.0021,973.9993,974.0008,974.0009,973.9834,974.1882,974.0848,973.9942,974.2341,975.8400,977.4220,982.9286,982.6646,986.1807,985.4203,975.3889,975.8993,979.8786,982.5503,984.9779,984.2842,986.0454,977.1802,979.6976,972.3066,979.9057,977.3527,975.7902,974.1620,976.0454,974.0699,975.4345,974.4405,974.0726,974.4626,974.0748,974.2332,973.7819,974.9705,974.7528,973.9699,974.1617,974.2402,973.8808,974.1038
974.0195,974.0133,974.0311,973.9729,974.0058,973.9790,974.0120,973.9700,973.9701,973.9677,974.0074,973.9722,974.0114,973.9910,974.0011,974.2841,972.8310,974.9119,974.4401,973.4490,980.8481,980.8008,978.7181,997.1643,991.8206,1004.8220,961.2299,986.6548,947.7667,986.2044,995.8854,1017.6363,982.7445,956.8479,967.4083,1012.9322,966.3642,981.3885,957.5960,1002.6805,951.7037,997.4873,959.8289,973.7333,983.1249,969.0835,974.9247,972.0220,981.1659,972.6943,967.9993,979.7223,973.6661,972.1018,976.7362,973.7258
973.9614,973.9735,973.9386,974.0538,973.9886,974.0418,973.9763,974.0596,974.0593,974.0643,973.9856,974.0555,973.9784,974.0195,974.0050,973.4678,977.0541,973.3144,973.3364,977.3103,977.7392,989.5554,1030.6045,1000.7522,1033.9038,1008.9302,1003.2064,970.1210,1058.3880,1016.6851,1019.0518,983.1712,1050.7108,1022.9498,1025.3658,908.4842,1029.7005,987.3491,1011.7327,934.5007,1022.6835,940.9919,1005.5838,977.5150,961.2593,984.5479,973.1731,978.5710,962.0927,982.8526,988.3185,965.4478,975.6428,978.4929,969.1624,975.1397
973.9825,973.9880,973.9722,974.0244,973.9949,974.0189,973.9893,974.0270,974.0269,974.0292,973.9936,974.0253,973.9906,974.0095,974.0050,973.7701,975.6507,974.1033,973.7758,976.3241,981.9096,991.2706,1023.5882,1012.5339,1036.2747,1025.2749,988.3886,979.7551,1022.0374,1017.7895,1026.5379,1013.9434,1041.5048,1000.8677,1011.1540,946.5342,1013.1780,990.5279,992.5010,961.5813,996.8095,963.3878,989.2230,976.6767,970.0851,979.0314,973.9918,976.3034,969.3787,980.3018,981.3041,971.1015,975.1040,976.2952,972.0102,974.7346
974.0275,974.0189,974.0440,973.9617,974.0083,973.9703,974.0171,973.9576,973.9578,973.9544,974.0105,973.9609,974.0165,973.9876,974.0043,974.4130,972.6334,975.6980,974.6884,973.4959,989.9154,993.9103,1006.7733,1036.5697,1038.0038,1057.7586,957.1990,999.4693,947.4600,1018.0876,1040.9567,1076.5687,1020.0993,955.0220,979.1470,1032.6898,977.1855,995.4618,952.4273,1021.3067,943.6979,1012.4924,955.0901,974.7932,989.0163,967.3426,975.7057,971.4494,984.9950,974.5920,966.3704,983.1915,973.9091,971.5998,978.0957,973.8455
974.0070,974.0048,974.0112,973.9902,974.0021,973.9924,974.0043,973.9892,973.9892,973.9884,974.0027,973.9900,974.0042,973.9970,974.0006,974.1038,973.5967,974.3782,974.1730,974.2098,977.2574,977.7403,977.1298,983.8708,982.4671,987.0279,969.5063,979.4130,965.2151,979.7455,983.8143,992.0040,979.9095,968.0791,972.7619,988.0974,972.6164,977.4934,968.1992,984.6255,965.9582,982.6923,968.9351,973.9726,977.3926,972.2386,974.3565,973.3049,976.6430,973.6888,971.9124,976.1183,973.9066,973.3309,974.9989,973.9164
973.9778,973.9848,973.9646,974.0310,973.9934,974.0240,973.9863,974.0343,974.0341,974.0370,973.9917,974.0319,973.9874,974.0109,974.0018,973.6887,975.6474,973.4304,973.5829,975.4297,973.5056,978.4352,996.6998,978.8797,994.3711,980.1387,990.1958,968.3644,1017.1469,988.4608,987.0523,965.6869,1002.7229,999.8551,997.7056,934.5645,999.3721,977.4209,994.8837,948.7878,1001.3155,953.0580,991.6354,975.5752,965.8812,979.9528,973.3745,976.5332,966.8002,978.1469,981.8621,968.6655,974.7983,976.4776,971.1273,974.5667
974.0099,974.0068,974.0159,973.9862,974.0030,973.9893,974.0061,973.9847,973.9848,973.9835,974.0038,973.9859,974.0059,973.9955,974.0010,974.1468,973.4534,974.5344,974.2353,973.7504,978.5221,979.1781,980.8905,990.7505,989.6410,996.3332,967.6788,981.7082,962.3808,984.8144,991.1451,1002.7466,984.2338,966.1255,973.1358,994.1917,972.5245,979.6577,965.8719,989.6163,962.7580,986.7712,966.9365,974.0667,979.0004,971.5403,974.5401,973.0334,977.7919,973.7572,971.0823,977.1009,973.8956,973.0808,975.4328,973.9005
974.0192,974.0132,974.0306,973.9733,974.0057,973.9793,974.0118,973.9704,973.9705,973.9681,974.0073,973.9726,974.0111,973.9910,974.0001,974.2760,972.7449,974.7499,974.4087,973.3082,978.4009,976.7558,969.3347,986.2270,977.9347,990.4344,960.9689,983.6915,944.3677,976.5537,982.7034,1003.2249,970.0440,955.1950,962.3483,1011.2472,961.2451,977.4225,957.2569,999.9806,951.6247,995.3420,959.6420,973.3150,982.2510,969.0499,974.7686,971.9615,980.7602,971.8417,967.7753,979.2509,973.5335,972.0269,976.6169,973.6459
973.9922,973.9947,973.9876,974.0108,973.9977,974.0084,973.9952,974.0120,974.0119,974.0129,973.9971,974.0111,973.9956,974.0038,974.0004,973.8901,974.5557,973.7680,973.8477,974.4226,973.3381,974.7451,980.0797,973.7189,978.4612,973.4963,979.5437,971.4202,988.0779,977.1851,976.1433,968.4091,981.4153,982.5958,981.1690,959.7891,981.7045,974.3922,981.1396,964.6591,983.3972,966.2702,980.0583,974.4676,971.0052,976.0594,973.7528,974.8680,971.4120,975.2730,976.6797,972.0532,974.2517,974.8465,972.9775,974.1815
973.9840,973.9890,973.9745,974.0223,973.9953,974.0173,973.9902,974.0247,974.0246,974.0266,973.9940,974.0229,973.9909,974.0078,974.0012,973.7754,975.1733,973.5693,973.6955,974.9611,973.3387,976.7017,989.2237,976.3619,987.0770,976.8695,985.5717,969.5665,1004.3771,983.3051,981.9826,966.4032,993.1109,992.3204,990.3497,945.3178,991.5386,975.9694,988.9156,955.5255,993.5401,958.6754,986.6156,975.0846,968.0639,978.2696,973.5331,975.8120,968.7747,976.8778,979.6133,970.1125,974.5580,975.7711,971.9219,974.3979
974.0120,974.0082,974.0192,973.9833,974.0036,973.9870,974.0074,973.9815,973.9816,973.9801,974.0045,973.9829,974.0070,973.9944,974.0004,974.1738,973.2481,974.5119,974.2614,973.5234,977.3988,976.8159,974.1394,985.0740,980.9411,988.8415,965.9616,980.8525,956.5825,978.7463,983.5865,996.6475,975.3891,962.8171,968.3321,997.4853,967.5799,977.3776,963.6693,990.9123,960.0748,987.8838,965.1210,973.7096,979.3978,970.9354,974.5275,972.7526,978.3185,972.9330,970.1965,977.4094,973.7522,972.7990,975.6623,973.8056
974.0060,974.0041,974.0096,973.9916,974.0018,973.9935,974.0037,973.9907,973.9908,973.9900,974.0023,973.9914,974.0035,973.9971,974.0000,974.0864,973.6056,974.2308,974.1265,973.7281,975.3058,974.7508,972.4998,977.7784,975.1853,979.0870,969.8859,976.9525,964.5723,974.7775,976.6627,982.9805,972.5797,968.0558,970.2691,985.5149,969.8826,975.0281,968.7099,982.0593,966.9278,980.6328,969.4729,973.7830,976.5767,972.4452,974.2402,973.3595,976.1107,973.3164,972.0386,975.6418,973.8524,973.3806,974.8193,973.8883
