874.0052,873.9838,874.0197,873.9769,874.2113,872.3842,876.3245,871.9457,877.1117,874.8055,874.3303,873.5822,872.6079,874.9824,870.5398,877.0560,875.0491,874.1102,874.6278,875.1975,874.6159,874.5733,872.8301,873.7918,873.4777,873.3715,874.2160
873.9936,874.0201,873.9756,874.0287,873.7409,876.2273,872.7508,877.1806,870.7679,874.3696,873.7635,875.8456,876.4044,874.3606,879.5784,870.9160,872.8452,874.2151,873.5574,873.1823,873.6557,874.0146,875.5530,874.3445,874.6710,874.8044,873.7750
874.0025,873.9922,874.0096,873.9892,874.1130,874.2591,884.4323,875.7536,878.7204,878.4448,874.9169,877.3391,876.6512,878.5613,875.7638,877.3071,874.9051,874.9759,875.2054,876.3365,875.2990,876.0867,873.7476,874.1204,873.8590,873.7577,874.2047
874.0080,873.9750,874.0306,873.9649,874.3461,873.7821,899.1341,875.8891,885.9350,878.0691,875.8603,874.2353,878.5308,876.5901,869.5544,879.3565,875.8289,874.4621,875.2965,876.3561,874.8105,874.9690,872.4445,873.6953,873.4079,873.0231,874.3122
873.9726,874.0859,873.8956,874.1234,872.9043,884.6166,877.1543,891.3079,863.3618,883.6154,873.9928,890.1904,888.0692,885.7556,906.3181,865.1305,869.9363,877.1180,874.1980,874.6026,875.2379,878.6259,881.3137,876.0368,877.0111,877.6145,873.3119
873.9990,874.0033,873.9963,874.0067,874.0245,878.1732,892.1869,892.5350,883.1243,949.2310,879.6468,955.1391,889.9027,975.0458,951.7770,915.6039,881.9445,895.3004,894.0808,914.3637,901.4180,920.1509,879.7768,879.4854,874.7685,875.7863,876.7407
874.0028,873.9914,874.0109,873.9896,874.1735,877.9868,912.4348,888.8774,890.0194,921.1229,878.8406,920.0565,890.8194,929.0313,915.6676,899.6112,879.3369,886.1193,885.8716,897.9252,888.9709,899.9857,876.6095,876.8331,874.3486,874.5532,875.5952
874.0392,873.8772,874.1497,873.8262,875.6587,864.6723,902.2228,874.0239,905.2668,953.4390,881.2162,949.5015,876.9336,971.4913,921.4678,936.8555,889.6574,894.4765,897.5588,921.6477,904.4355,922.2016,870.1575,877.5515,870.5977,870.7973,878.2644
873.9465,874.1681,873.7957,874.2416,871.8618,895.0559,877.7163,910.0988,853.2929,902.8318,874.4795,917.6865,902.5026,909.9594,950.2944,861.9554,867.1388,882.9435,877.0431,880.5464,880.2994,889.4315,889.1227,878.7875,879.9477,881.3281,873.0564
874.0644,873.7982,874.2461,873.7143,876.7248,859.4137,932.7016,872.4483,928.4273,982.8832,885.9097,972.8743,877.5403,1022.6789,926.4466,970.7599,897.9705,903.3202,908.4976,942.8122,917.9621,941.8269,866.7096,878.4664,868.4101,868.3429,880.3242
873.8725,874.4005,873.5131,874.5751,868.8978,923.3270,867.7019,958.6315,819.9904,936.8323,873.9798,975.6467,938.0746,954.3375,1061.1280,842.7576,857.1908,894.1085,879.9049,886.8878,887.6985,908.3699,910.0202,885.1823,888.0635,891.4849,871.6303
874.1090,873.6581,874.4167,873.5145,878.5729,844.9982,938.5939,859.7833,954.6219,1036.6645,889.9243,1020.2758,868.7588,1078.0496,942.1969,1022.1863,911.6269,914.9240,924.5571,976.7880,938.5686,973.5624,859.2337,879.6923,864.0487,863.8544,883.7612
874.0188,873.9411,874.0719,873.9178,874.8306,872.0584,894.3662,884.9658,893.7934,954.4023,880.5818,956.8992,883.2596,979.3536,941.5790,927.9187,886.1891,896.0323,896.7313,919.7273,904.6268,923.5020,875.3875,878.9011,872.7142,873.4299,877.6682
873.9891,874.0343,873.9584,874.0511,873.6314,881.1387,881.6402,900.2417,876.7101,977.9080,880.2120,989.8750,895.2903,1009.8432,991.4695,925.1592,882.9540,903.0732,900.4616,927.8421,910.8291,937.4096,883.9514,881.9774,875.8955,877.6366,877.4073
873.9586,874.1299,873.8421,874.1865,872.3428,889.5659,872.2255,900.0098,856.2841,897.1163,874.1088,908.3197,894.4779,903.9044,932.5009,865.6427,868.7960,881.2996,876.7243,879.8583,879.3058,886.7964,885.6507,877.7321,878.5489,879.6797,873.3097
874.0269,873.9157,874.1029,873.8816,875.1772,869.1472,895.5679,884.9535,898.7502,984.0274,882.5432,987.1402,884.0297,1018.8362,964.3392,949.1344,890.7992,904.0400,905.2831,937.2513,915.9745,942.2283,875.4070,880.5546,872.0447,873.0549,879.0472
873.9960,874.0128,873.9846,874.0216,873.9593,880.9818,888.8461,910.9960,885.6382,1053.4473,884.8671,1070.8980,904.7489,1105.0846,1064.1849,967.9318,891.7313,922.5858,919.7504,967.7643,937.2367,982.3121,887.2458,886.7153,875.6801,878.3240,880.2588
873.9987,874.0043,873.9950,874.0080,874.0153,878.5543,891.6582,895.0740,883.2998,954.8727,880.0580,962.9155,891.0614,984.3055,960.3129,918.8302,882.6111,897.1740,895.7307,917.5974,904.0747,924.1850,880.4101,880.0695,874.8460,875.9907,877.0039
874.0044,873.9863,874.0168,873.9816,874.2196,874.7617,882.8816,884.1500,881.7040,927.6545,877.8449,931.6418,882.4327,943.1667,926.6362,905.5266,880.5787,888.8501,888.5322,903.3400,893.8956,906.9854,876.8420,877.7008,873.9673,874.6455,876.1598
873.9546,874.1428,873.8264,874.2075,872.2764,894.8054,872.2421,931.6410,862.1395,1057.4423,882.8799,1088.9847,918.9748,1107.7079,1113.2383,946.0399,884.2423,924.2780,916.9729,962.5402,935.6827,983.5580,897.5963,889.2086,879.9765,883.6332,878.8980
874.0082,873.9743,874.0315,873.9655,874.4223,875.4268,890.3309,895.3410,889.0020,993.3140,882.0455,1002.6321,892.1555,1025.7483,991.9466,942.2503,888.0220,906.2451,905.5382,938.2435,917.2808,946.4910,880.3870,882.0941,874.0311,875.5542,878.6426
873.9918,874.0258,873.9687,874.0380,873.7080,878.7152,877.7470,889.9050,874.3996,930.4000,877.2980,937.9412,886.7283,945.8005,940.6631,900.1887,878.4634,889.7514,888.1365,902.7594,893.9229,908.3059,880.0031,878.5252,875.2740,876.2750,875.7932
874.0175,873.9450,874.0671,873.9220,874.7406,869.5290,884.8594,873.3987,887.1564,907.6605,877.1136,906.2522,874.5344,916.6884,894.1986,901.3997,880.8852,882.9501,884.3108,894.6707,887.3750,894.9350,872.2288,875.5444,872.4531,872.5509,875.8875
