897.0000,896.9999,897.0000,897.0001,897.0001,897.0001,897.0000,897.0000,897.0001,897.0007,897.0003,896.9929,896.9590,897.0831,896.9080,897.0636,896.9726,897.0273,897.0065,897.0160,897.0522,896.9213,897.0058,897.0004,896.9887,896.9867,896.9964,897.0084,896.9997,896.9987,897.0154,897.0111,897.0006,896.9886,896.9823,897.0101,896.9921,897.0143,897.0010,896.9965,896.9974
897.0001,897.0004,897.0001,896.9998,896.9997,896.9997,896.9999,896.9999,896.9997,896.9979,896.9991,897.0210,897.1203,896.7562,897.2701,896.8134,897.0803,896.9199,896.9809,896.9531,896.8469,897.2309,896.9828,896.9987,897.0333,897.0390,897.0107,896.9754,897.0008,897.0039,896.9547,896.9674,896.9984,897.0336,897.0518,896.9704,897.0232,896.9581,896.9971,897.0103,897.0076
896.9997,896.9993,896.9997,897.0005,897.0005,897.0006,897.0002,897.0001,897.0006,897.0039,897.0017,896.9611,896.7859,897.4558,896.5051,897.3517,896.8533,897.1502,897.0387,897.0893,897.2860,896.5725,897.0325,897.0027,896.9385,896.9281,896.9805,897.0462,896.9989,896.9928,897.0841,897.0606,897.0031,896.9378,896.9040,897.0550,896.9571,897.0777,897.0053,896.9808,896.9860
897.0026,897.0076,897.0026,896.9953,896.9947,896.9938,896.9978,896.9990,896.9944,896.9604,896.9847,897.4032,899.6945,892.5432,902.4381,893.7576,898.6361,895.6316,896.7736,896.3308,894.3102,901.5361,896.7053,897.0229,897.6753,897.8079,897.2622,896.6354,897.0382,897.0851,896.1477,896.3864,896.9930,897.6522,897.9957,896.4499,897.4485,896.2066,896.9478,897.1983,897.1446
897.0028,897.0083,897.0029,896.9949,896.9943,896.9932,896.9976,896.9989,896.9939,896.9572,897.0023,897.4402,905.8518,893.8245,906.5325,896.7227,900.1329,896.1662,898.6028,897.0347,894.6185,902.2599,896.9593,897.0875,897.8613,898.0396,897.3045,896.7057,897.2433,897.1148,896.1402,896.3428,896.9986,897.7587,898.1456,896.4590,897.5483,896.1441,896.9461,897.2175,897.1576
896.9996,896.9987,896.9996,897.0008,897.0010,897.0011,897.0004,897.0002,897.0011,897.0077,897.0535,896.9375,912.2930,902.2985,905.6649,906.2923,900.3246,899.0000,901.9881,899.2274,898.9454,897.0934,897.8145,897.1720,897.2245,897.2945,897.0255,897.3503,897.5324,897.0472,897.3300,897.1356,897.0227,897.0213,896.9947,897.2504,897.0831,897.1577,897.0170,896.9705,896.9760
896.9483,896.8463,896.9470,897.0949,897.1067,897.1257,897.0445,897.0198,897.1138,897.8057,897.4671,891.4482,883.1093,1041.1073,839.6905,1051.5695,885.9838,1019.8776,916.5987,1065.8623,1112.6738,903.5859,911.6906,932.6025,912.3975,928.5213,940.1535,987.3692,905.5041,903.4683,916.2277,914.0491,917.1110,893.6891,883.1852,914.8192,891.8817,913.7965,899.7210,894.5603,895.0440
897.0209,897.0623,897.0215,896.9615,896.9568,896.9491,896.9820,896.9920,896.9542,896.6845,896.9402,904.0215,929.8112,915.8678,990.0254,971.1411,931.5749,1026.4928,901.7293,1105.2909,1107.9633,1095.0833,904.8033,951.9207,946.5033,978.3971,972.3168,1020.6608,909.2334,909.7608,892.2672,898.7368,926.9976,916.6216,914.0091,902.0145,906.0219,891.4987,899.0617,900.9387,899.6094
897.0101,897.0302,897.0104,896.9814,896.9791,896.9753,896.9913,896.9961,896.9778,896.8480,896.9825,900.7325,915.7141,909.8651,947.2822,938.1454,916.4138,969.5175,900.2309,1019.7848,1014.1740,1004.9240,901.7287,928.2074,924.7705,942.0387,939.8402,966.7137,904.1859,904.2709,894.9357,898.4620,914.1873,907.8374,906.0021,900.3032,901.8807,894.4181,898.2236,899.1146,898.3910
897.0129,897.0384,897.0133,896.9763,896.9734,896.9686,896.9889,896.9951,896.9717,896.8014,896.9210,899.2948,909.6128,878.1561,927.0644,886.6566,906.4476,899.8798,895.7782,908.8315,899.4468,931.2707,896.1740,901.0667,903.5673,906.3636,903.6015,904.1441,898.0168,898.3028,892.8714,894.4157,899.1559,901.3147,902.6413,894.9233,899.6318,893.0903,896.9197,898.1660,897.8309
896.9799,896.9402,896.9794,897.0369,897.0415,897.0489,897.0173,897.0077,897.0442,897.3130,897.1640,894.7884,886.4048,949.1030,870.9455,952.0535,891.2509,942.5995,902.9509,955.7738,975.6254,898.2435,902.2804,910.2278,902.5079,908.6804,912.8006,930.4939,899.9377,899.3462,904.3445,903.5099,904.4537,895.4832,891.4717,903.7514,894.8917,903.4798,898.0276,896.0234,896.2226
897.0040,897.0118,897.0041,896.9927,896.9918,896.9904,896.9966,896.9985,896.9914,896.9429,897.0114,899.4734,906.9852,917.4904,928.7927,941.0137,910.2262,963.4260,900.0458,1001.8424,1005.8494,980.0320,901.6396,924.0214,919.6985,934.6538,933.4849,958.3342,903.0540,903.1333,896.7994,899.4207,911.8966,905.1026,902.9062,900.8947,900.3601,896.2541,898.1584,898.4584,897.9333
896.9963,896.9890,896.9962,897.0068,897.0076,897.0090,897.0032,897.0014,897.0082,897.0601,897.0493,897.8319,897.7491,924.0155,907.4551,938.0490,902.9611,951.1561,899.8890,979.3633,986.6149,947.9222,901.2665,917.5033,912.5394,923.3830,924.0032,944.4999,901.5311,901.4293,899.0794,900.4505,908.3385,901.4615,898.8945,901.4167,898.3921,898.5037,898.0175,897.5911,897.3320
897.0108,897.0321,897.0111,896.9802,896.9777,896.9738,896.9907,896.9959,896.9763,896.8351,896.9467,899.5568,909.8027,890.4424,930.4098,904.8898,908.6494,922.6711,897.1656,943.0305,937.0219,951.9633,898.0496,909.6643,909.9559,917.3334,914.9066,924.1031,899.9281,900.1578,893.9264,895.9937,903.9307,903.0613,903.2297,896.8933,900.1263,893.8901,897.3596,898.3733,897.9404
897.0118,897.0351,897.0121,896.9783,896.9757,896.9713,896.9899,896.9955,896.9741,896.8180,896.9249,898.8950,908.1659,877.0479,921.9399,882.7630,904.4989,892.4492,895.5833,896.6171,887.6100,920.0461,895.7038,897.8373,900.6784,901.6854,899.1921,897.0053,897.2955,897.5520,893.1098,894.2795,897.3815,900.1819,901.6844,894.5971,899.1207,893.3768,896.7944,897.9422,897.6833
896.9984,896.9953,896.9984,897.0029,897.0033,897.0039,897.0014,897.0006,897.0035,897.0247,897.0131,896.7985,896.2724,900.6925,894.7294,900.6778,896.4404,899.6512,897.4806,900.1035,901.5390,896.1092,897.3515,897.6692,897.1409,897.4290,897.7367,898.7740,897.1530,897.1002,897.5653,897.4659,897.3774,896.7805,896.5024,897.4678,896.7973,897.5044,897.0637,896.9064,896.9284
897.0012,897.0035,897.0012,896.9978,896.9976,896.9971,896.9990,896.9995,896.9974,896.9819,896.9935,897.2405,898.2997,895.7225,900.1351,896.8817,898.0503,898.3963,896.9571,899.8006,899.0667,901.3296,897.0089,897.8182,897.9596,898.4558,898.1960,898.6689,897.1943,897.2188,896.6398,896.8188,897.4440,897.5124,897.5886,896.8888,897.2858,896.6489,897.0132,897.1259,897.0879
897.0033,897.0098,897.0034,896.9939,896.9932,896.9920,896.9972,896.9987,896.9928,896.9491,896.9794,897.5383,900.1996,891.5147,904.0551,893.2476,899.1552,896.0384,896.6412,897.3586,894.8680,903.7272,896.6642,897.3552,898.1255,898.4723,897.7724,897.2760,897.1113,897.1812,895.9157,896.2532,897.1729,897.9211,898.3284,896.3489,897.6053,895.9871,896.9480,897.2686,897.1943
896.9935,896.9807,896.9933,897.0119,897.0134,897.0158,897.0056,897.0025,897.0143,897.1005,897.0450,896.0289,891.8299,909.4431,884.8610,907.1993,893.4657,902.2011,898.1321,901.2627,906.5386,887.3990,897.9424,897.5738,895.8196,895.8260,897.1618,899.3467,897.0904,896.9274,899.2012,898.6326,897.3586,895.5280,894.6040,898.5155,895.9430,899.0214,897.1610,896.5257,896.6510
896.9985,896.9956,896.9985,897.0027,897.0031,897.0036,897.0013,897.0006,897.0033,897.0230,897.0103,896.7879,895.7935,899.9733,894.3067,899.5681,896.2383,898.5671,897.2619,898.5563,899.7969,895.2099,897.2421,897.2829,896.8506,896.9336,897.2390,897.8817,897.0529,897.0170,897.5095,897.3927,897.1661,896.7022,896.4747,897.3734,896.7723,897.4653,897.0439,896.8978,896.9240
897.0021,897.0061,897.0021,896.9962,896.9958,896.9950,896.9982,896.9992,896.9955,896.9683,896.9873,897.3499,899.0035,893.7690,901.5570,895.0010,898.4190,896.9187,896.7885,898.0295,896.5141,901.7707,896.8268,897.4293,897.8690,898.1964,897.7586,897.6444,897.1149,897.1592,896.3318,896.5602,897.2230,897.6291,897.8618,896.6304,897.3979,896.3718,896.9772,897.1765,897.1267
897.0030,897.0089,897.0031,896.9945,896.9938,896.9927,896.9974,896.9989,896.9935,896.9539,896.9806,897.4768,899.6985,891.8465,903.1532,893.2608,898.8540,895.7557,896.6040,896.7620,894.4757,902.6807,896.6605,897.1783,897.9010,898.1371,897.5101,896.9264,897.0637,897.1318,896.0116,896.3066,897.0783,897.7944,898.1765,896.3847,897.5318,896.0812,896.9464,897.2368,897.1720
897.0032,897.0094,897.0033,896.9942,896.9935,896.9923,896.9973,896.9988,896.9930,896.9510,896.9798,897.5318,899.9230,891.8640,903.8487,893.6362,899.1098,896.5672,896.6150,898.1076,895.7628,904.0339,896.7042,897.5436,898.2435,898.6855,898.0131,897.7256,897.1458,897.2189,895.9627,896.3065,897.2787,897.9383,898.3093,896.4077,897.6007,896.0286,896.9593,897.2672,897.1923
896.9979,896.9938,896.9979,897.0038,897.0043,897.0050,897.0018,897.0008,897.0045,897.0322,897.0175,896.7808,896.0981,902.4156,894.5395,902.8783,896.4993,902.0281,897.6722,903.4145,905.4899,897.5568,897.5680,898.4936,897.6830,898.3963,898.7856,900.7289,897.3343,897.2686,897.7598,897.6839,897.8353,896.8776,896.4535,897.7179,896.7975,897.6669,897.1116,896.9050,896.9233
896.9969,896.9909,896.9968,897.0056,897.0063,897.0075,897.0026,897.0012,897.0067,897.0476,897.0209,896.5595,894.3794,903.0751,891.3436,902.1696,895.3859,900.1334,897.4960,900.0713,902.6212,893.2059,897.4864,897.5476,896.6609,896.8113,897.4463,898.7385,897.0972,897.0267,898.0496,897.8065,897.3234,896.3749,895.9086,897.7638,896.5252,897.9603,897.0889,896.7874,896.8422
896.9979,896.9937,896.9978,897.0039,897.0043,897.0051,897.0018,897.0008,897.0046,897.0326,897.0148,896.7162,895.3196,901.4281,893.3816,901.0267,896.0096,899.7910,897.3898,900.0802,901.8956,895.1039,897.3835,897.6286,896.9727,897.2132,897.6423,898.7666,897.1249,897.0749,897.7290,897.5835,897.3613,896.6395,896.2950,897.5678,896.7009,897.6614,897.0725,896.8655,896.8988
897.0018,897.0054,897.0019,896.9966,896.9962,896.9955,896.9984,896.9993,896.9960,896.9717,896.9882,897.2942,898.6871,893.8605,900.8080,894.7544,898.1524,896.2915,896.7676,896.9371,895.5376,900.5436,896.7967,897.1307,897.5706,897.7270,897.3410,897.0028,897.0447,897.0857,896.3941,896.5768,897.0596,897.4935,897.7260,896.6260,897.3289,896.4361,896.9681,897.1463,897.1061
896.9982,896.9945,896.9981,897.0034,897.0038,897.0045,897.0016,897.0007,897.0040,897.0284,897.0126,896.7270,895.5008,900.5087,893.5485,899.8842,896.0000,898.5172,897.3097,898.2902,899.7709,894.3376,897.2685,897.1842,896.6836,896.6968,897.0760,897.7128,897.0294,896.9844,897.6220,897.4639,897.1139,896.5895,896.3254,897.4317,896.7030,897.5712,897.0465,896.8669,896.9019
897.0009,897.0027,897.0009,896.9983,896.9981,896.9978,896.9992,896.9997,896.9980,896.9859,896.9943,897.1550,897.8668,895.5503,899.0038,896.0885,897.6228,896.9463,896.8985,897.4291,896.7572,899.0984,896.9208,897.1842,897.3806,897.5225,897.3284,897.2717,897.0488,897.0692,896.7025,896.8037,897.0955,897.2776,897.3816,896.8344,897.1760,896.7206,896.9896,897.0781,897.0561
