1030.9453,1031.0441,1030.9693,1031.0350,1030.9626,1030.9904,1031.0628,1031.0329,1030.9288,1030.9996,1031.0364,1030.9661,1031.0104,1031.0053,1031.0065,1030.9993,1030.9895,1031.0050
1030.9030,1031.0782,1030.9456,1031.0622,1030.9337,1030.9829,1031.1115,1031.0584,1030.8737,1030.9993,1031.0646,1030.9399,1031.0185,1031.0094,1031.0115,1030.9987,1030.9813,1031.0089
1031.0551,1030.9556,1031.0309,1030.9647,1031.0377,1031.0097,1030.9367,1030.9668,1031.0718,1031.0004,1030.9633,1031.0342,1030.9895,1030.9947,1030.9935,1031.0007,1031.0106,1030.9950
1031.1092,1030.9120,1031.0613,1030.9300,1031.0747,1031.0193,1030.8745,1030.9343,1031.1423,1031.0008,1030.9273,1031.0677,1030.9792,1030.9894,1030.9871,1031.0014,1031.0211,1030.9900
1031.1116,1030.9101,1031.0626,1030.9285,1031.0763,1031.0197,1030.8718,1030.9329,1031.1454,1031.0008,1030.9257,1031.0692,1030.9787,1030.9892,1030.9868,1031.0015,1031.0215,1030.9898
1031.0336,1030.9729,1031.0189,1030.9785,1031.0230,1031.0059,1030.9614,1030.9798,1031.0438,1031.0003,1030.9776,1031.0208,1030.9936,1030.9967,1030.9960,1031.0004,1031.0065,1030.9969
1030.9898,1031.0084,1030.9943,1031.0066,1030.9931,1030.9982,1031.0118,1031.0062,1030.9868,1031.0000,1031.0068,1030.9937,1031.0020,1031.0010,1031.0012,1030.9999,1030.9980,1031.0009
1030.8914,1031.0878,1030.9391,1031.0697,1030.9260,1030.9809,1031.1249,1031.0654,1030.8586,1030.9993,1031.0724,1030.9327,1031.0207,1031.0105,1031.0128,1030.9986,1030.9791,1031.0100
1030.9838,1031.0133,1030.9909,1031.0105,1030.9891,1030.9973,1031.0188,1031.0099,1030.9790,1031.0000,1031.0109,1030.9900,1031.0031,1031.0016,1031.0019,1030.9998,1030.9969,1031.0015
1030.8838,1031.0938,1030.9348,1031.0745,1030.9206,1030.9796,1031.1336,1031.0700,1030.8487,1030.9992,1031.0775,1030.9280,1031.0221,1031.0113,1031.0137,1030.9985,1030.9776,1031.0107
1031.0874,1030.9305,1031.0490,1030.9444,1031.0603,1031.0159,1030.9002,1030.9478,1031.1143,1031.0010,1030.9421,1031.0542,1030.9835,1030.9916,1030.9897,1031.0012,1031.0169,1030.9921
1031.4123,1030.6757,1031.2309,1030.7384,1031.2870,1031.0728,1030.5301,1030.7536,1031.5360,1031.0044,1030.7279,1031.2547,1030.9220,1030.9603,1030.9517,1031.0056,1031.0794,1030.9628
1030.7458,1031.2380,1030.8557,1031.1739,1030.8475,1030.9551,1031.3074,1031.1597,1030.6621,1031.0034,1031.1803,1030.8387,1031.0505,1031.0257,1031.0314,1030.9977,1030.9507,1031.0253
1029.6013,1032.2634,1030.2076,1031.9496,1030.1334,1030.7905,1032.6847,1031.8806,1029.2097,1031.0259,1031.9751,1030.1296,1031.2795,1031.1413,1031.1713,1030.9861,1030.7318,1031.1390
1030.3338,1031.7492,1030.6127,1031.5139,1030.6849,1030.9679,1031.8972,1031.4713,1030.2152,1031.0621,1031.5134,1030.5871,1031.1505,1031.0747,1031.0885,1030.9984,1030.8750,1031.0804
1036.3926,1055.5899,1031.8572,1044.5095,1055.0331,1066.6407,1050.8956,1044.1306,1083.5164,1048.6392,1035.8958,1041.2294,1035.9417,1032.7475,1031.8605,1032.2442,1034.0344,1034.8262
1048.6971,1054.6335,1038.6626,1035.6732,1068.4264,1052.6365,1034.6054,1033.7396,1075.2199,1044.0495,1031.1164,1043.4051,1032.3055,1031.2357,1030.6944,1032.5751,1035.3200,1033.0430
1035.0637,1036.0797,1032.8018,1031.4366,1039.3038,1033.7084,1030.8697,1030.8225,1037.7415,1033.1271,1030.9221,1033.2167,1030.9999,1030.9520,1030.8905,1031.3265,1031.8593,1031.2766
1040.2426,1050.3517,1034.0711,1041.8512,1056.8506,1069.7274,1046.4152,1042.0572,1092.6748,1049.4092,1032.6403,1044.4459,1035.3207,1032.3876,1031.3276,1032.2324,1034.9249,1034.5398
1038.9427,1107.2829,1030.3233,1075.1470,1096.5408,1136.6211,1097.0169,1074.8972,1193.5898,1086.4105,1049.5343,1059.0143,1047.0114,1036.7009,1034.2815,1034.6865,1038.7146,1043.1234
1054.4155,1122.1133,1038.6431,1051.4190,1119.9727,1045.7264,1056.8357,1041.5803,1059.3652,1052.8972,1049.4105,1037.8302,1034.7019,1032.5687,1032.8799,1034.8154,1035.6348,1036.1138
1028.0357,1099.7597,1024.3471,1079.2649,1075.8111,1142.3723,1106.1377,1080.8567,1184.0368,1084.0410,1052.0144,1054.7392,1049.0195,1037.6397,1035.0276,1034.0273,1036.9660,1043.5759
1073.3082,1009.3027,1053.7419,1011.0618,1068.2090,1050.8213,993.8079,1012.3282,1104.4389,1038.0980,1007.0419,1059.6092,1025.3414,1027.8307,1026.6940,1032.0142,1039.7653,1028.8463
1024.4843,1119.0316,1021.5976,1089.2790,1087.1299,1151.9948,1121.8948,1088.5434,1198.4191,1093.1010,1057.8466,1054.8961,1051.7976,1038.7297,1036.0031,1034.4963,1037.1210,1045.6034
1057.3703,1077.2036,1040.3892,1061.8701,1101.3184,1153.0363,1073.9870,1063.4798,1237.9500,1088.0943,1031.7132,1074.8509,1043.9501,1034.9588,1031.5478,1034.3896,1043.1217,1041.3191
1057.2792,1052.5995,1042.4117,1043.3215,1081.4507,1104.0799,1045.3005,1044.5175,1166.2675,1065.1372,1025.5886,1063.2691,1036.8399,1032.4138,1030.2297,1033.2703,1040.1599,1036.3239
1053.4072,1075.2765,1039.1195,1057.3573,1092.5795,1127.8896,1067.1111,1058.4017,1197.8444,1077.9483,1033.8493,1066.4071,1041.7074,1034.3054,1031.6963,1034.1110,1040.8569,1039.6849
1073.5793,1041.3210,1051.1131,1035.0237,1094.7554,1113.6119,1030.2331,1036.9033,1198.1118,1067.9285,1015.3406,1074.8813,1034.6150,1031.1664,1028.4560,1033.5304,1043.6331,1035.4121
972.9719,1122.6290,995.1787,1096.2357,1019.7769,1074.5380,1143.3858,1092.8939,1027.3588,1058.8708,1083.1181,1006.2677,1051.5445,1040.1453,1040.1403,1031.9013,1022.8322,1043.0213
1091.0082,1010.5584,1062.0414,1011.1230,1092.1093,1081.0741,991.3977,1013.1004,1167.3194,1050.8888,1000.0018,1076.6471,1026.2312,1027.7041,1025.5247,1032.8780,1044.6799,1030.1832
1029.4127,1043.6894,1029.2573,1039.3148,1038.3692,1046.7474,1044.0040,1039.0951,1051.2061,1039.1609,1035.2401,1033.5777,1033.9364,1032.1273,1031.7804,1031.4638,1031.6669,1033.0412
1067.3767,1030.2718,1048.9560,1028.3674,1077.6947,1087.6480,1021.0419,1030.1932,1152.9885,1055.4564,1015.0223,1065.4475,1031.9091,1030.3359,1028.3379,1032.7727,1040.9763,1033.1852
1028.0696,1097.2556,1024.1880,1079.5797,1076.1009,1147.3325,1107.1977,1080.9659,1190.0998,1085.7693,1050.2850,1056.0944,1049.2920,1037.7014,1034.8569,1033.8652,1037.3739,1043.7037
1036.9495,1046.9008,1032.6367,1042.3747,1050.6799,1069.7199,1047.5255,1043.0764,1092.3925,1049.0405,1032.7696,1043.6039,1035.6696,1032.5256,1031.4573,1032.0421,1034.4231,1034.5449
1059.5696,1044.3677,1043.9087,1039.5896,1078.4597,1103.5563,1039.5472,1041.5163,1166.8654,1063.1778,1022.1747,1064.7100,1035.8745,1031.9779,1029.7000,1033.0618,1040.5244,1035.6330
1013.8111,1140.4628,1014.2290,1111.5229,1087.8810,1199.1487,1159.7130,1113.1117,1250.3426,1112.3587,1068.3698,1060.0347,1060.3129,1042.0019,1038.1854,1035.1250,1037.8122,1050.8468
1062.6042,1032.7384,1046.4159,1029.3449,1072.4267,1080.0751,1023.3940,1030.9251,1134.2604,1052.0572,1018.1501,1060.3368,1031.9500,1030.5233,1028.8200,1032.6171,1039.5819,1033.0327
1038.7710,1041.5641,1034.0210,1037.7713,1049.0867,1060.4464,1040.0994,1038.1948,1081.1873,1044.8168,1030.4430,1042.3886,1033.9340,1031.8549,1030.9970,1031.8600,1034.2088,1033.4199
1018.7663,1043.6230,1023.9415,1040.2006,1024.4100,1030.7451,1047.2026,1039.5709,1017.4037,1032.0897,1040.0695,1023.6622,1033.7416,1032.3512,1032.5819,1030.9345,1028.7316,1032.4347
1025.1171,1049.7288,1026.5718,1044.9333,1037.4188,1054.7923,1053.4718,1044.9575,1058.2620,1042.9116,1038.7459,1033.2183,1035.9787,1032.9671,1032.4666,1031.5645,1031.3783,1034.2554
1026.3724,1041.2065,1027.8965,1038.3458,1032.4958,1040.2692,1043.0720,1038.2232,1038.8856,1035.9067,1035.9580,1030.4074,1033.5059,1032.0465,1031.9008,1031.2266,1030.7083,1032.5809
1055.0586,1024.8854,1043.4332,1024.5189,1057.1479,1055.4927,1017.1263,1025.5226,1091.8090,1041.1881,1018.9316,1050.5624,1029.7275,1029.8912,1028.9029,1031.9019,1036.8211,1031.1436
1037.4186,1042.7282,1033.2544,1038.9712,1048.1370,1061.5595,1042.1627,1039.5024,1081.4700,1045.2933,1031.3935,1041.9490,1034.3672,1032.0439,1031.1775,1031.8659,1034.0270,1033.6557
1024.0234,1076.4128,1024.0339,1063.3593,1055.8602,1096.3263,1082.1699,1063.4051,1116.0177,1063.5629,1046.4102,1042.1852,1042.7292,1035.4425,1033.9491,1032.6854,1033.6996,1039.0043
1048.7714,1048.9677,1038.2849,1043.4093,1067.8063,1093.8207,1047.1603,1044.8572,1140.4138,1059.4922,1028.0883,1056.1933,1036.7424,1032.5841,1030.7218,1032.7410,1038.0135,1035.7944
1035.6937,1038.3044,1032.7189,1036.1464,1042.6110,1052.0863,1038.1509,1036.5766,1065.8857,1040.7126,1030.9143,1038.7303,1033.2321,1031.6776,1031.0670,1031.5787,1033.1383,1032.7698
1036.6426,1029.3600,1033.9237,1029.5054,1037.0441,1037.1922,1027.7849,1029.7842,1045.7289,1033.5341,1028.0525,1035.7295,1030.7356,1030.7478,1030.4974,1031.2081,1032.4026,1031.0534
