0.3703,0.7158,0.6205,0.3806,0.5346,0.3969,0.4663,0.2810,0.6002,0.3600,0.1088,0.1489,0.3401,0.3945,0.5450,0.1231,0.4463,0.7495,0.6026,0.5015,0.6766,0.2496,0.5811,0.6397,0.5156,0.4738,0.4588,0.5612,0.6088,0.2676,0.5757
0.3034,0.3811,0.3479,0.2605,0.1945,0.1085,0.1824,0.0973,0.2189,0.1735,0.0259,0.1119,0.0764,0.2454,0.2691,0.1457,0.1562,0.2621,0.4128,0.1639,0.2762,0.0730,0.0764,0.1944,0.3097,0.2023,0.1360,0.1108,0.3186,0.0393,0.1270
0.3830,0.4980,0.4085,0.4144,0.3776,0.1964,0.2805,0.1032,0.2797,0.1881,0.1086,0.0908,0.2581,0.3862,0.1996,0.1499,0.3208,0.3405,0.3536,0.2871,0.2701,0.2985,0.2371,0.2276,0.3036,0.1677,0.2168,0.2607,0.3760,0.2139,0.2756
0.4708,0.5231,0.5674,0.3715,0.4004,0.2475,0.3685,0.1748,0.4362,0.2770,0.1044,0.1063,0.2118,0.3973,0.3705,0.1976,0.3270,0.5271,0.6177,0.2253,0.4532,0.3121,0.3020,0.3886,0.4122,0.3934,0.3338,0.3468,0.4392,0.2680,0.4045
0.3738,0.6917,0.6043,0.4200,0.6114,0.4645,0.4557,0.2402,0.5537,0.3467,0.1836,0.1051,0.4030,0.4222,0.4229,0.1479,0.4664,0.6880,0.5357,0.5364,0.6431,0.3804,0.5809,0.5556,0.4236,0.4908,0.5196,0.5755,0.5415,0.3900,0.5982
0.2283,0.7498,0.5287,0.5237,0.7056,0.5269,0.4816,0.2559,0.5913,0.2865,0.1761,0.1485,0.4597,0.4644,0.3959,0.0653,0.4114,0.7084,0.3742,0.6849,0.6248,0.3642,0.6626,0.6022,0.3906,0.3687,0.4910,0.6660,0.6224,0.3704,0.6217
0.5087,0.2293,0.4302,0.2930,0.5459,0.3475,0.2749,0.0207,0.2766,0.2356,0.3847,0.0146,0.3988,0.3932,0.0579,0.3539,0.5062,0.2076,0.5196,0.2699,0.2729,0.7648,0.2856,0.0108,0.2736,0.5441,0.4825,0.3147,0.0891,0.6390,0.4151
0.2337,0.4863,0.2535,0.4324,0.4183,0.3145,0.2959,0.1460,0.2532,0.1556,0.0505,0.1509,0.2709,0.3346,0.3836,0.0770,0.2444,0.4323,0.3513,0.4594,0.3565,0.1267,0.3823,0.3574,0.2552,0.2130,0.1810,0.3840,0.4431,0.1265,0.3195
0.4715,0.2521,0.3078,0.2803,0.1642,0.1289,0.1635,0.0762,0.2653,0.1436,0.1116,0.0743,0.1265,0.2820,0.1740,0.2109,0.1765,0.2994,0.4823,0.0945,0.1697,0.1967,0.0796,0.1645,0.3102,0.2015,0.1274,0.1097,0.2099,0.1350,0.1843
0.2387,0.6170,0.3698,0.6567,0.6876,0.5835,0.4006,0.2554,0.4997,0.2958,0.2049,0.2064,0.5677,0.5531,0.6173,0.1616,0.5617,0.5907,0.3230,0.8402,0.6223,0.3901,0.7600,0.5914,0.5227,0.4995,0.4722,0.6766,0.5202,0.3874,0.5951
0.4282,0.6600,0.6974,0.5852,0.7974,0.6596,0.5203,0.2398,0.6285,0.3964,0.3831,0.1195,0.6496,0.5741,0.4224,0.2450,0.7108,0.6885,0.6127,0.7630,0.6762,0.7160,0.7653,0.5361,0.5365,0.6860,0.7368,0.7399,0.4713,0.7016,0.7783
0.2186,0.6923,0.4858,0.6880,0.7847,0.6688,0.4814,0.2994,0.6147,0.3494,0.2617,0.2038,0.6433,0.5789,0.6276,0.1593,0.6388,0.7315,0.3645,0.9090,0.7100,0.4780,0.8623,0.6831,0.5566,0.5843,0.6037,0.7790,0.5725,0.4969,0.7336
0.4081,0.6640,0.6580,0.5826,0.7941,0.5992,0.4984,0.1764,0.5392,0.3200,0.3828,0.0945,0.5914,0.6191,0.2330,0.3032,0.5987,0.5991,0.6208,0.6433,0.5192,0.7938,0.6318,0.3746,0.3796,0.5649,0.6830,0.6742,0.4080,0.7047,0.7111
0.4278,0.7595,0.7174,0.5815,0.8350,0.6760,0.5690,0.2883,0.7081,0.4148,0.3340,0.1478,0.6482,0.5514,0.5184,0.1696,0.7105,0.7975,0.6097,0.8300,0.7532,0.6190,0.8336,0.6685,0.5823,0.6619,0.7378,0.8011,0.5941,0.6285,0.8170
0.3912,0.5945,0.5682,0.6835,0.7648,0.6689,0.4640,0.2524,0.5864,0.3833,0.3296,0.1774,0.6655,0.6152,0.5415,0.2488,0.7363,0.6337,0.4798,0.8636,0.6833,0.6220,0.8087,0.5816,0.5740,0.6373,0.6830,0.7460,0.4495,0.6031,0.7223
0.2952,0.8177,0.6398,0.5889,0.7900,0.6529,0.5678,0.3387,0.7177,0.3769,0.2396,0.1795,0.6105,0.5115,0.5873,0.0586,0.6349,0.8626,0.4823,0.8752,0.7849,0.4252,0.8730,0.7805,0.5678,0.5566,0.6455,0.8140,0.7045,0.4766,0.7925
0.2036,0.8438,0.6082,0.5810,0.7365,0.6191,0.5463,0.3354,0.6944,0.3617,0.1734,0.1590,0.5652,0.5169,0.5849,0.0174,0.5671,0.8689,0.4739,0.8379,0.7869,0.3406,0.8478,0.7751,0.5211,0.4944,0.5897,0.7876,0.7022,0.3932,0.7446
0.2615,0.7349,0.5712,0.6853,0.8133,0.6931,0.5246,0.2869,0.6517,0.3628,0.2937,0.1879,0.6676,0.6007,0.5703,0.1608,0.6727,0.7658,0.4099,0.9102,0.7278,0.5494,0.8748,0.6785,0.5511,0.5926,0.6725,0.8102,0.5863,0.5622,0.7831
0.4260,0.6228,0.6522,0.6369,0.8115,0.6796,0.5040,0.2268,0.6076,0.3875,0.3813,0.1411,0.6725,0.6080,0.4549,0.2643,0.7378,0.6548,0.5418,0.8129,0.6765,0.7195,0.7836,0.5378,0.5423,0.6785,0.7425,0.7524,0.4433,0.6942,0.7678
