999.9924,999.9404,1000.3624,999.6228,1000.2246,1000.1035,999.8061,999.8808,1000.1878,999.9841,999.9952,1000.0153,999.8596,999.9360,1000.0758,1000.0105
1000.0213,1000.1659,998.9965,1001.0569,999.3781,999.7210,1000.5433,1000.3316,999.4792,1000.0453,1000.0143,999.9586,1000.3908,1000.1797,999.7909,999.9713
999.9864,999.9000,1000.6825,999.3399,1000.4149,1000.1901,999.6827,999.7924,1000.3378,999.9724,999.9924,1000.0281,999.7503,999.8865,1000.1367,1000.0190
1000.1773,1001.7414,994.4543,1012.3563,996.5077,1001.5782,1006.7336,1002.9310,996.2026,1000.9163,1000.5297,1000.1698,1003.4704,1002.3232,999.0340,1000.0022
1001.1627,1016.8533,992.1026,1152.1028,995.0739,1070.1418,1088.0951,1025.6334,980.9276,1014.2564,1010.1409,1008.7503,1028.7642,1029.5374,1004.1991,1003.5010
997.3443,1004.9793,1377.8442,1317.2195,1220.1146,1543.2150,1193.2370,986.2793,1115.1483,1058.5695,1047.9045,1064.8772,986.7642,1084.4676,1111.2304,1030.9391
1000.5816,1235.5254,5343.5665,80836.7632,3227.0085,103044.1890,14247.0880,1517.9323,1937.0544,3088.9458,2288.1452,2717.9819,2195.8784,4938.7235,3936.1641,1706.5790
995.2996,1120.8099,4132.0696,22879.6477,3115.4621,33635.8525,6212.6278,1233.3467,1831.5367,2214.5110,1846.4652,2093.8105,1520.5132,3249.8506,2742.4797,1461.6686
1010.8069,1097.7234,666.0615,2242.9918,777.7764,1176.6669,1566.1327,1201.0434,789.9771,1072.5584,1042.5444,1021.8980,1254.2559,1180.0458,955.8766,1005.4966
995.5181,973.1194,1338.1761,1044.2059,1201.3733,1408.4797,1022.9924,945.5527,1143.6070,1033.5096,1027.8900,1047.6067,945.5098,1029.9933,1103.1228,1024.3371
1004.1892,1039.1140,859.0916,1406.2531,914.0823,1084.5226,1198.8509,1076.3937,914.0212,1029.8942,1018.4784,1010.5433,1093.3618,1071.6684,984.8798,1003.0505
996.3225,987.8630,1378.5156,1361.2809,1228.7276,1749.7635,1162.5909,971.6067,1144.9319,1073.9398,1055.9120,1080.2797,982.8366,1098.3959,1146.1749,1039.4034
998.8076,1004.3265,1207.7748,1545.7253,1139.9800,1693.3722,1226.8084,1007.5460,1077.0693,1080.9295,1058.8079,1076.1757,1028.1262,1125.5458,1118.4499,1036.3607
1001.3338,1032.7841,1200.6308,2410.3864,1137.7293,2339.5186,1601.7964,1067.5402,1050.7839,1160.8777,1111.9095,1135.8999,1122.5453,1271.3477,1186.1157,1062.7624
1001.0093,1016.9611,1052.3691,1414.1072,1033.1813,1365.3161,1219.5727,1032.2394,1003.8386,1053.3171,1037.2458,1043.4990,1050.6721,1091.0043,1055.2296,1019.9143
998.0718,985.7758,1103.6883,930.9704,1063.5429,1052.6068,964.4575,971.5657,1050.7538,999.6826,1001.4792,1007.1910,967.3618,989.8969,1024.0816,1004.2130
998.2765,1007.3031,1379.7492,2026.8442,1242.8149,2384.7921,1473.3391,1016.0342,1131.0063,1150.0048,1107.8137,1140.1678,1058.3814,1234.4623,1217.6199,1065.8243
1000.3045,1038.0440,1434.8912,3399.4495,1283.2663,3569.1508,1933.4712,1078.8089,1129.0146,1257.2809,1178.9123,1223.9564,1161.0102,1427.0456,1325.9227,1103.3987
1000.6191,1030.1799,1286.6855,2609.4226,1199.0944,2659.6733,1680.0760,1063.1412,1085.0756,1188.5961,1132.6823,1163.7210,1124.2628,1315.4904,1231.3148,1075.5826
1000.3565,1025.2852,1283.7998,2307.2588,1184.6803,2409.8619,1619.1566,1051.7955,1080.7232,1164.9449,1116.6148,1144.9064,1105.2222,1272.4089,1206.6160,1066.8341
1001.0401,1017.5465,1059.4750,1545.8575,1047.6261,1483.1791,1251.6165,1035.9248,1010.6702,1068.8539,1048.4053,1056.8828,1059.8359,1118.3446,1072.9294,1026.1992
1000.3214,1005.5845,1019.8926,1160.0999,1015.6325,1146.2056,1076.1555,1011.3280,1003.7898,1021.8583,1015.4040,1018.1337,1018.7815,1037.0828,1023.4006,1008.4143
999.9261,1002.8610,1045.2063,1157.9709,1031.0419,1176.0393,1077.0020,1005.9519,1015.3384,1024.2180,1017.3980,1021.7837,1013.3741,1038.6896,1031.5662,1010.2958
1000.3950,1004.9709,998.1278,1078.6493,999.9203,1054.3776,1039.1790,1009.2491,995.2105,1009.3100,1006.4511,1006.7811,1012.5227,1017.1601,1006.7690,1003.0197
1000.3104,1003.8171,1000.0827,1063.9832,1000.7488,1047.1948,1034.5131,1007.2699,996.6784,1008.1053,1005.6354,1006.0700,1010.2410,1014.6948,1006.3728,1002.7043
1000.0825,1000.8556,998.6100,1013.6742,999.3404,1009.1109,1006.8303,1001.7210,998.8011,1001.6505,1001.1141,1001.1489,1002.4084,1003.0737,1001.0453,1000.5071
1000.1656,1001.3937,992.9353,1009.7971,995.6039,999.3898,1005.2777,1002.7063,996.1015,1000.5790,1000.2863,999.8862,1003.1897,1001.7715,998.6657,999.8723
1000.3482,1002.8781,985.3649,1023.7945,991.0329,1002.0570,1012.0967,1005.7458,992.0370,1001.7028,1000.9275,1000.1762,1007.0075,1004.5009,997.7875,999.9328
999.7676,998.5318,1015.0059,1002.9123,1009.6046,1018.6587,1001.3298,997.0566,1006.9832,1001.7535,1001.4669,1002.4572,997.0886,1001.6667,1005.1321,1001.2586
1000.2530,1002.6123,995.4467,1039.9738,997.7177,1025.6524,1020.4097,1005.2129,996.1575,1004.7409,1003.1994,1003.2489,1007.2100,1008.9302,1002.8072,1001.4201
999.7781,999.4345,1024.5131,1042.1399,1016.3628,1060.5364,1020.4064,998.9452,1010.0437,1007.7426,1005.7530,1007.7361,1000.8716,1011.3754,1012.5614,1003.7459
