874.0007,873.9979,874.0026,873.9970,874.0275,873.7871,874.2854,873.7268,874.3986,874.0977,874.0416,873.9396,873.8125,874.1203,873.5428,874.3941,874.1358,874.0126,874.0801,874.1528,874.0785,874.0715,873.8470,873.9725,873.9317,873.9180,874.0280
874.0024,873.9926,874.0090,873.9895,874.0964,873.2734,875.1146,873.1193,875.4469,874.6056,874.1680,874.0669,873.4160,874.7514,872.6679,875.5217,874.5035,874.1167,874.3495,874.6732,874.3670,874.4067,873.4842,873.9225,873.7641,873.7189,874.1072
873.9844,874.0490,873.9404,874.0704,873.3704,879.7117,873.4096,882.7143,867.0855,876.7699,873.6807,880.3486,880.8877,877.0949,889.5038,867.4230,871.3754,875.0023,873.3822,872.9110,873.7432,875.0309,877.9461,874.9652,875.6764,876.0027,873.5095
873.9635,874.1147,873.8604,874.1647,872.5206,886.7630,866.4766,892.7387,856.1374,878.0097,872.7215,886.6500,887.9829,878.0892,908.3896,857.4060,867.6017,875.6940,871.9272,870.2802,872.6665,875.1795,883.0325,876.1006,877.8515,878.6488,872.7803
874.1024,873.6803,874.3960,873.5807,879.5077,927.1840,1784.8294,1139.7550,1266.5082,2881.1229,997.4436,2706.6392,1234.0371,3702.0596,2304.2262,1930.8540,1045.1609,1286.7409,1282.9890,1785.2257,1392.4747,1861.0154,940.6142,954.7037,877.5838,887.8495,923.0441
874.0038,873.9892,874.0208,874.0179,875.2240,958.5708,1849.8741,1135.5184,1201.4311,1927.4132,955.8055,1795.1496,1252.5190,1914.2831,1679.2043,1313.5512,953.0628,1076.1638,1072.3872,1307.0393,1103.5420,1335.7053,921.3768,916.5819,885.0778,886.6516,895.9884
874.1687,873.4723,874.6486,873.2829,882.0857,896.5286,1563.8406,1142.9966,1262.4011,2675.3312,971.8524,2675.7977,1189.5809,2564.1472,2338.6106,1665.5112,1031.5065,1179.1339,1194.8149,1612.9849,1312.1787,1685.2814,912.3073,947.8765,868.4033,876.5071,920.7941
873.9615,874.1263,873.8575,874.2837,876.0534,1170.4852,2018.7408,2520.1979,1337.1094,11124.7044,1295.3698,14019.2976,1693.5095,33818.3412,13595.0425,5776.7252,1397.0140,2685.6632,2497.0292,5004.0145,3503.0975,6133.3850,1279.7442,1232.7720,915.3350,981.8588,1046.2226
873.6099,875.2342,872.5098,875.9109,863.5173,1378.3910,1409.0569,4130.0073,1159.0749,38757.3935,1442.8702,59632.6731,2702.9350,114278.8090,70316.4242,10411.1339,1711.8261,4653.8474,4060.6085,10884.4945,6476.0554,15229.2477,1697.0263,1543.9346,972.7744,1108.6710,1156.1083
873.9709,874.0953,873.8904,874.2064,875.4462,1005.4220,1547.6736,1806.2156,1299.9062,10727.2827,1086.9190,11991.4769,1890.0063,11830.0316,11491.5567,3658.3010,1268.5547,2037.2330,1994.5522,3905.5956,2514.0034,4573.2078,1127.1438,1138.1064,904.3511,953.0957,1000.9592
874.3863,872.7892,875.4777,872.2782,890.2102,775.2104,1156.8679,801.4311,1190.5846,1241.1186,922.9827,1154.1021,829.5629,1408.9453,883.8722,1346.9993,990.4073,965.8039,1004.0446,1139.9505,1037.2300,1106.6914,811.0533,880.0271,838.2883,834.4262,901.4883
873.8030,874.6197,873.2478,874.9030,866.6297,976.7503,944.1865,1166.9626,842.8244,1821.6133,923.1885,2011.7973,1097.8120,2331.6223,2203.7568,1241.9146,923.2647,1124.6917,1084.2181,1313.0022,1175.0988,1426.5030,984.9887,942.9358,901.2429,917.3231,896.5013
874.0365,873.8861,874.1399,873.8487,875.9249,883.7419,1005.0935,969.7660,962.8647,1562.2239,913.5131,1579.5946,979.9909,1705.6918,1492.1560,1231.5124,942.0623,1033.9123,1031.8608,1211.3729,1084.7465,1251.1390,903.7974,911.4811,874.7966,881.4368,895.6032
873.7877,874.6693,873.1885,874.9995,866.9767,1023.5963,999.5496,1533.3053,928.7570,5042.2659,1008.9474,5968.0553,1414.0860,6916.2802,6464.2822,2288.5359,1082.3330,1626.2169,1547.4510,2471.8459,1866.4060,2883.4890,1102.0840,1057.7411,913.1212,953.1135,951.2145
874.1016,873.6823,874.3887,873.5634,878.8078,874.2823,1078.0172,1005.9681,1029.1012,1932.4327,940.6011,1958.1296,999.6714,2414.7749,1748.1233,1511.9252,989.4562,1130.7707,1129.1048,1421.2115,1219.4719,1479.6482,910.2362,929.5291,870.3965,879.8367,909.2526
874.1914,873.4019,874.7322,873.1868,883.3342,879.0886,1305.0580,1207.6322,1242.3326,4559.4743,1010.9982,4688.6621,1253.2449,5444.9876,3874.5477,2570.3095,1145.9232,1499.0203,1503.5391,2403.7543,1745.6604,2600.5117,961.8375,1008.4245,869.6386,892.5325,954.8452
874.1098,873.6591,874.4225,873.5846,880.9641,1016.9965,1577.7793,1751.5099,1291.8319,6216.8967,1145.6185,7337.6071,1357.2277,14353.6098,6622.6644,3797.3993,1253.5105,1959.6364,1885.9494,3285.8518,2454.9562,3803.9744,1097.8723,1107.1471,887.3619,928.9990,996.3960
873.8733,874.3983,873.5171,874.5833,869.2617,948.5852,978.0192,1061.6898,877.9878,1321.8097,904.2742,1402.6946,1018.3277,1590.8036,1494.3488,1056.0251,897.1637,1005.3219,981.5933,1089.9526,1027.9912,1145.4886,938.9533,911.6341,891.4197,899.6293,885.1119
874.0747,873.7665,874.2855,873.6814,877.6210,875.9997,991.6732,1000.6799,988.0581,1843.5407,930.5859,1901.5041,985.2455,2228.4988,1748.5592,1427.2334,976.1701,1107.6303,1104.7388,1368.7377,1192.2008,1430.5281,912.4744,927.7394,872.1845,882.0878,906.3435
874.0413,873.8712,874.1579,873.8316,876.2633,889.7199,970.1311,1033.2991,965.2692,1802.7102,929.2684,1908.9433,994.4683,2214.6245,1813.6914,1384.5946,967.9173,1104.2407,1095.9256,1346.0047,1188.9675,1417.6103,921.7351,930.3541,875.5819,886.3507,905.1567
873.6742,875.0251,872.7552,875.4952,861.9051,1042.1751,878.2924,1427.9412,807.9483,3233.5534,956.9826,3875.4833,1298.4226,4204.5617,4578.5735,1607.7875,978.1040,1372.9065,1295.9135,1817.5771,1497.8596,2098.2326,1079.6233,1009.6834,919.9748,952.2987,920.3631
874.0087,873.9748,874.0336,874.0021,875.7775,934.5904,1147.7170,1291.8191,1077.6753,4380.4132,998.2485,4734.8348,1293.8247,5380.7732,4422.4161,2285.0675,1097.2541,1493.4614,1467.3066,2288.0210,1711.3161,2541.2665,1009.8114,1017.2358,887.8624,915.6773,946.7888
