877.9876,878.0567,878.0436,877.9931,877.8738,878.0342,878.0328,878.1446,877.9141,877.8501,878.0856,878.1535,878.0004,877.9420,877.9792
877.9630,878.1689,878.1305,877.9805,877.6267,878.1018,878.0977,878.4306,877.7447,877.5542,878.2546,878.4569,878.0012,877.8275,877.9381
877.9872,878.0586,878.0459,877.9943,877.8738,878.0353,878.0339,878.1489,877.9124,877.8464,878.0880,878.1579,878.0006,877.9405,877.9787
878.0228,877.8959,877.9200,878.0127,878.2323,877.9373,877.9398,877.7344,878.1581,878.2756,877.8430,877.7182,877.9995,878.1066,878.0383
878.0257,877.8835,877.9116,878.0161,878.2657,877.9297,877.9328,877.7021,878.1785,878.3101,877.8237,877.6838,877.9997,878.1198,878.0430
878.0302,877.8627,877.8956,878.0186,878.3120,877.9172,877.9207,877.6490,878.2100,878.3652,877.7922,877.6274,877.9995,878.1411,878.0506
878.0107,877.9515,877.9633,878.0068,878.1109,877.9710,877.9720,877.8761,878.0746,878.1292,877.9269,877.8686,878.0004,878.0500,878.0180
878.0048,877.9785,877.9840,878.0034,878.0503,877.9876,877.9876,877.9453,878.0338,878.0576,877.9683,877.9422,878.0013,878.0225,878.0083
878.0273,877.8774,877.9098,878.0209,878.2941,877.9287,877.9294,877.6860,878.1939,878.3312,877.8167,877.6675,878.0055,878.1289,878.0471
878.1925,877.1465,877.4224,878.1912,880.2173,877.6313,877.5145,875.8970,879.4892,880.3488,876.9166,875.8304,878.3007,878.9732,878.3979
878.0898,878.2166,879.9487,880.6509,885.8295,879.1609,878.3300,878.5159,880.7184,879.7638,879.2994,878.7945,880.5810,879.0273,878.7401
876.1433,888.7899,913.3094,899.9497,928.4539,955.1071,889.0111,960.6218,932.2766,861.5655,1009.3429,999.4565,1027.2145,904.7633,911.1557
869.1666,1125.6008,1779.3066,1849.7769,3325.1861,1160.2013,1078.1695,1361.4437,1451.8237,948.6957,1288.8575,1527.3687,1385.4866,917.7272,959.0953
902.2373,847.3800,1307.4851,1631.2601,7108.6203,2348.0783,926.5407,1433.7125,2603.9596,1437.9638,2766.0738,1819.5280,4012.0197,1684.7104,1530.1884
855.5468,1150.4636,2244.2207,1922.1726,2489.5766,2147.6250,1139.6002,2449.8762,2467.4778,757.8077,3541.5107,4105.1710,4106.4819,1175.0825,1354.0162
898.0774,934.7356,1832.1863,2665.1250,17240.4706,4378.4905,1022.1204,2386.4765,4420.0263,1533.2483,5833.1103,3433.6505,8508.2622,2303.6465,2105.2377
871.4894,963.9215,1286.7243,1202.9112,1501.1963,1331.4145,970.6836,1405.8876,1437.1327,865.2893,1750.1255,1780.3483,2027.5335,1044.2373,1087.3347
888.0007,921.1381,2333.9614,2430.8876,8601.0252,6418.6485,1084.3231,3739.3114,6842.7981,1261.6331,12011.7532,7956.0163,19545.6767,2814.8767,2849.1213
880.5246,928.6766,1084.6225,1176.5598,1807.5250,1024.8838,924.8950,987.0769,1111.8782,978.4080,1041.2658,1012.1017,1104.3364,949.2115,939.1335
886.2525,962.0597,3805.5991,2612.7084,9116.3255,10913.7373,1282.5707,8895.9413,12631.5356,1365.0939,32476.3118,22068.4755,71532.8259,4398.8984,4486.4049
896.2769,921.8429,3298.2252,3633.0678,23586.9649,14454.6907,1192.0834,7037.4870,14982.4991,1610.5020,33057.3099,17913.1862,64590.3017,5007.8783,4908.0150
859.7042,1055.9213,2972.4718,2182.2847,4401.5310,7390.2288,1227.3028,6695.6679,6315.8782,852.3544,18916.9666,15688.1162,27380.1534,2647.1066,2981.3063
879.8652,885.0928,966.4912,970.5770,1250.9491,1079.0076,895.4693,1034.3846,1072.0308,927.5056,1192.1201,1110.8293,1305.8323,988.4006,978.8620
879.0758,900.7939,1346.9685,1274.5581,2223.6783,2249.0116,964.7181,1887.2028,2225.7351,974.4610,3423.6228,2809.3764,4489.4422,1471.9818,1489.4866
875.7362,913.1811,1289.9009,1202.8327,1771.5517,1926.0593,959.7967,1720.9917,1901.8986,914.9853,2824.9878,2464.3436,3513.6984,1316.5432,1349.7864
875.7264,929.2230,1550.4605,1473.6249,3004.2881,2990.1076,1005.2399,2419.6346,2794.2316,961.7598,4945.1670,3935.8001,6546.4091,1681.7183,1727.8017
878.2688,911.2602,1503.2379,1357.9896,2747.9740,2844.9063,996.9673,2439.6440,2700.1083,993.5960,4875.7971,3853.8713,6804.1932,1706.3241,1723.2817
882.4246,919.4691,2069.1176,1922.2653,5581.1204,5312.8889,1070.6831,3779.1848,5256.9113,1135.8607,10611.2960,7442.8781,16657.5134,2526.5799,2558.9405
878.2024,888.5421,996.0055,969.5304,1139.5453,1107.6878,902.7705,1087.9894,1125.3615,904.4420,1284.7121,1222.3362,1433.0873,996.3426,998.4201
877.8564,884.8331,969.4161,950.9944,1126.8053,1117.5273,898.0947,1083.9916,1097.8532,895.7919,1284.8126,1206.1942,1409.2299,996.1312,997.2390
882.2310,862.0842,886.8402,901.6675,980.0148,907.8400,872.1823,865.2775,954.4291,936.0274,915.9968,883.0802,967.4719,919.4169,906.8751
881.1257,867.2529,919.3637,922.4095,1041.3062,999.4541,880.8567,947.0679,1030.4098,927.3559,1069.4477,1011.5317,1159.2331,959.1358,950.4669
878.6667,888.8373,1112.6193,1068.1912,1522.3316,1531.2749,924.5773,1399.8986,1506.2063,932.2427,2038.8540,1785.1430,2461.2288,1189.4985,1193.0020
875.1846,899.0202,1006.8519,965.5001,1114.9777,1170.0510,910.3342,1164.0991,1130.1273,866.7267,1399.8998,1333.7068,1530.5769,1003.2230,1015.6560
873.4244,905.5361,971.8318,940.8899,1005.5709,1068.0165,906.0920,1081.0030,1017.7610,838.2759,1206.1436,1188.1119,1245.1401,939.1838,957.0266
880.9079,871.0009,949.1371,948.8435,1105.5151,1057.9098,887.1210,991.6267,1095.3648,930.0242,1164.2973,1091.6344,1282.6250,984.9903,978.6823
875.9845,891.5054,934.2278,916.8353,962.5636,986.7446,893.6698,990.9624,968.8354,863.3164,1065.2768,1051.1878,1099.7514,919.2421,927.2640
881.8750,861.1838,871.9372,886.6247,939.4720,885.2564,869.5203,848.7088,922.6772,927.6812,880.0599,854.1101,914.8901,905.5516,893.7571
878.3069,877.8172,895.8201,893.5855,927.6900,924.3775,881.2286,913.6456,925.5929,885.5712,952.8739,937.3587,976.4504,903.2899,902.7855
877.0906,883.2740,898.7283,891.7731,911.5632,924.6321,884.1425,925.6162,913.5072,870.6075,956.4488,948.8575,969.2938,895.8110,898.9945
877.3309,881.7218,890.9619,886.2934,897.6748,906.8947,882.0441,908.4830,898.8397,872.1274,926.6674,922.5327,933.6879,888.4751,890.7164
