826.0000,825.9995,826.0040,826.0088,826.1069,827.5591,831.3043,828.1395,826.2591,826.9413,832.1221,824.6869,826.8817,828.2448,826.7599,829.9191,828.8877,829.0873,831.8317,829.9136,827.4633,826.4039,827.1648,827.3471,826.6140,828.5995,828.7514,826.7961,826.2030,825.9485,825.6364,826.4804,825.7856,826.2290,826.2023,826.3998,826.2510,825.8060,826.1597,825.8683,826.2287,825.9817,825.9023,826.1288,826.0173
826.0001,825.9910,826.0662,826.1579,827.9771,864.1907,909.6382,830.3765,837.2821,830.7000,923.2651,789.0238,838.1234,854.9080,819.0152,876.7180,842.1313,832.5705,878.5516,866.2046,840.3907,828.2914,840.8268,836.8262,826.8590,848.3615,849.7724,834.3652,826.5044,824.4909,819.1534,832.7176,822.0169,827.8208,828.0168,832.0258,830.0761,822.6382,828.4185,822.9215,828.9527,825.6080,824.3101,828.0465,826.2697
825.9999,826.0171,825.8867,826.1615,827.9245,1284.0795,1521.9030,1159.9411,1224.2588,1069.8401,797.3760,1089.2329,839.7843,954.5556,1068.7697,880.2408,1124.3842,1274.7549,1213.6105,990.1788,923.9157,865.2772,839.1929,911.0067,915.9205,973.0969,988.5356,867.7483,851.6145,835.3589,848.3513,825.2436,838.1365,840.6047,835.2539,820.5207,819.3654,833.9752,824.4503,840.2223,828.2994,828.0755,830.0019,822.9822,825.6393
826.0002,825.9826,826.1372,826.4250,830.1781,1464.0189,7247.3744,5887.5341,1382.0377,2158.4096,2181.9506,2611.7664,1099.7709,2256.9833,3168.4809,2927.7447,5860.2268,10174.5140,11289.6401,4579.5425,1915.4598,1235.2060,1258.6413,2059.2666,1730.1137,3637.4169,3796.3140,1300.5077,1070.2711,877.1010,889.2766,939.1395,857.1677,991.0638,941.1092,883.8827,838.7951,834.3051,849.7223,894.3065,898.2192,833.7112,829.9054,835.6865,827.6523
825.9999,826.0179,825.8898,826.2602,831.7853,1790.5205,2395.7305,1202.0553,1463.9112,1018.7472,815.7125,1075.8185,844.1796,1045.9930,1024.2963,864.3289,1046.4246,1241.9241,1159.7853,932.9544,902.3176,861.6018,831.7591,892.7641,898.1916,945.5575,939.0537,860.5010,846.8281,834.2025,847.6488,823.1456,837.5424,836.8739,833.5654,819.4943,819.2819,833.7655,824.5297,838.5517,826.8072,828.1040,829.9268,822.8318,825.6078
826.0000,826.0024,825.9879,826.0666,826.7439,1138.6195,3107.4328,2605.5709,1149.1427,1368.4076,1203.5179,1648.4112,938.5301,1398.6716,1748.5770,1521.6687,2469.5947,3691.9005,3623.6027,2026.7291,1252.7970,1009.3968,998.5984,1320.4521,1213.1211,1825.0428,1855.1772,1024.3606,937.9463,851.9776,864.7055,870.5712,845.6691,900.3397,877.6482,846.0198,827.3030,833.9574,834.5361,862.0296,856.3578,830.1843,829.8709,828.1941,826.4691
826.0002,825.9802,826.1466,826.3161,829.9064,865.9561,935.3539,810.0413,825.5647,823.2054,1042.3913,734.1425,849.8414,873.0105,794.3951,927.8371,837.2739,806.0781,904.3152,896.7145,848.1512,827.3480,855.5529,841.2197,820.6273,859.8451,862.3177,839.9226,824.9156,822.1486,810.1896,839.9258,816.8534,828.5387,829.3711,838.8870,834.9551,818.4591,831.1008,818.5318,831.8848,825.0259,822.2039,830.4604,826.5839
826.0001,825.9852,826.1106,826.2520,828.9747,1052.8003,1826.3033,1671.0663,928.8436,1154.2895,1282.4218,1118.5411,911.3391,1169.5255,1309.9018,1293.4585,1702.7808,2077.3263,2360.9912,1562.4662,1097.6045,928.3347,951.5765,1107.3460,1043.1642,1375.2551,1410.7477,953.8640,889.1817,838.2318,835.0018,863.9409,829.9108,871.8638,858.5185,848.4791,834.0330,824.5099,835.0953,841.0222,848.6617,827.6698,825.1813,830.9261,826.7518
825.9999,826.0258,825.8192,825.7545,822.2503,1613.6250,6870.1503,6636.3541,1382.1611,2282.7289,1400.1675,3039.6585,1036.7640,2112.3865,3527.2739,2084.4266,5732.8602,11170.8920,10396.3265,3762.4304,1752.5184,1205.2623,1150.3643,1901.5738,1744.2142,3196.1837,3286.6115,1222.0581,1059.1484,883.7964,923.1473,902.4562,876.1010,978.1601,927.1885,853.1229,819.1854,850.3908,837.7877,909.0815,881.0470,835.5428,837.9548,825.7216,826.3315
826.0000,826.0152,825.8956,825.8759,823.3966,1457.4879,5111.6430,6174.0017,1264.7185,2324.3826,1553.7885,3011.6408,1045.3462,1992.6909,3537.1285,2312.6822,5999.6254,10685.6186,10563.4298,4079.7286,1862.4740,1213.5632,1179.1940,1959.4521,1756.0359,3313.1741,3522.3581,1262.0440,1065.7943,883.2159,915.4003,912.0655,872.0179,983.6601,931.3610,860.9681,823.9462,846.6793,840.6414,906.5173,886.3677,835.2181,836.0722,828.2075,826.6674
826.0002,825.9825,826.1301,826.2902,829.2696,1086.5506,2203.5323,2092.0159,964.4765,1300.1239,1438.2851,1288.5295,941.7093,1301.0293,1538.8129,1517.1758,2157.5172,2792.6365,3210.6417,1930.9663,1219.0120,973.3861,1001.2067,1238.4001,1139.9546,1648.7946,1705.6698,1008.1633,916.8454,844.0230,841.6775,877.3672,833.2194,890.8377,871.7239,855.5644,835.7739,825.2475,837.9364,848.6487,857.2078,828.5197,825.5169,832.1820,826.9608
826.0000,826.0092,825.9361,825.9157,824.4736,1075.2885,2129.7080,2417.2721,1020.3630,1390.4487,1101.6838,1631.2750,918.7395,1270.3623,1760.6435,1393.3019,2401.1449,3387.9551,3341.4062,1914.4898,1236.9624,992.0415,974.6813,1271.3614,1197.3686,1701.9253,1765.1766,1011.1109,930.9619,852.0998,867.7571,862.8264,847.7541,895.2851,872.5945,840.2658,824.0472,836.2067,832.0339,862.7997,852.4485,830.2847,830.9917,826.4871,826.2348
826.0002,825.9781,826.1613,826.3422,830.4371,892.5372,1006.2360,834.7995,833.2140,832.0049,1081.0224,736.6491,855.1965,892.5744,807.5096,953.0413,864.0317,839.1995,956.0643,926.0385,859.5494,831.2010,862.4730,852.0311,827.7085,880.4312,883.7539,845.7326,827.1006,822.2908,809.3122,842.4232,816.2870,830.3936,830.8330,840.7397,835.9607,817.8170,831.8557,818.4905,833.1778,825.0188,821.8786,830.9934,826.6572
826.0002,825.9816,826.1373,826.3101,829.4638,1124.5136,2453.7643,2354.4164,989.8048,1387.3125,1528.0191,1391.0365,958.4620,1378.3603,1681.1168,1645.4351,2447.1331,3252.5602,3765.1003,2155.9524,1290.6054,998.6512,1028.3763,1313.5487,1196.2470,1810.8653,1883.2912,1039.1460,932.3509,847.3615,845.8056,884.4910,835.2975,901.3791,878.9875,859.1717,836.5122,825.8537,839.3959,853.0884,861.8079,829.0281,825.8034,832.7632,827.0614
826.0000,826.0097,825.9327,825.9118,824.3420,1112.7400,2587.7776,2876.4261,1063.1234,1507.4342,1169.5418,1819.5170,939.5315,1384.8545,1977.4461,1533.0595,2814.5205,4206.8198,4122.6785,2190.2639,1321.6876,1027.3093,1007.5352,1373.2963,1277.4927,1925.9350,1996.4385,1048.5430,952.2410,856.9412,875.0665,871.0327,851.4474,909.2961,882.1756,843.8825,824.2279,837.7199,833.5492,869.5924,858.0210,831.0457,831.7253,826.8639,826.3179
826.0000,826.0021,825.9863,825.9897,825.6690,936.7062,1348.3256,1409.0153,905.4030,1056.4522,970.9970,1123.9746,869.4903,1020.0706,1185.2284,1070.7277,1404.1150,1692.2085,1712.2773,1257.0627,998.8345,897.7815,893.9699,1012.3311,981.1893,1176.0045,1197.1740,906.8175,871.6136,837.1347,842.6987,843.7680,834.6588,856.7242,846.8863,833.6674,826.0394,829.7442,829.2020,841.4607,838.3006,827.7991,827.8257,826.6714,826.1640
826.0000,826.0046,825.9685,825.9686,825.3262,1011.9895,1622.0135,1764.0003,946.5183,1191.4796,1033.1150,1300.3396,889.4525,1116.9414,1402.3961,1190.0457,1763.9207,2259.8339,2290.1738,1501.1732,1092.0615,933.6324,925.7605,1108.8996,1064.5627,1366.3887,1404.9586,947.8969,894.5794,843.0061,852.2494,851.5039,839.6734,871.9210,856.9463,836.4665,825.3718,832.1910,830.3927,849.7596,843.9387,828.7781,829.0259,826.6581,826.1995
826.0000,826.0072,825.9496,825.9234,824.7706,963.0842,1562.5561,1670.2177,944.8818,1140.3204,969.6063,1280.4721,879.4880,1082.5967,1335.8639,1139.4504,1643.7512,2112.4229,2072.4615,1406.7707,1056.2562,924.0019,911.4125,1079.8771,1039.7928,1307.9863,1335.4331,932.5155,888.2818,841.8910,852.2756,846.8668,839.7740,866.9759,853.5694,833.4884,824.0942,832.7382,829.2082,848.5835,841.3138,828.6435,829.3064,825.9245,826.0926
826.0000,825.9966,826.0257,826.0649,826.6485,922.1517,1312.8022,1303.1274,891.4356,1012.9819,1004.0283,1044.5607,869.1940,1004.8581,1111.5876,1064.1502,1305.5384,1528.0739,1583.2441,1208.8148,976.6767,887.4815,891.7032,988.1430,954.9027,1131.6476,1148.2488,897.8504,864.4598,834.4424,836.0502,844.7095,830.9832,852.7456,844.6613,835.8287,828.3208,827.2323,830.0308,837.1789,837.9808,827.2721,826.5736,827.7142,826.2895
826.0000,826.0018,825.9875,825.9867,825.7017,895.0915,1176.8839,1196.2896,881.8099,971.5099,914.3970,1020.9152,854.1825,953.4518,1053.7529,982.4941,1186.2022,1364.2716,1367.3249,1096.7940,936.2441,873.3327,869.9525,946.9897,926.7577,1050.4421,1061.6288,878.2287,856.0466,833.4201,837.4194,837.3790,831.9367,846.1450,839.7222,830.7495,825.8138,828.6518,827.9987,836.3660,833.9690,827.2088,827.2963,826.3368,826.0944
