841.0146,840.9248,841.0870,840.9250,841.2622,840.8079,840.8641,841.0476,840.8196,841.3187,841.1685,840.9786,840.8876,840.9536,840.7630,840.8822,841.1871,840.9874,841.0445
841.0258,840.8666,841.1544,840.8669,841.4654,840.6590,840.7588,841.0845,840.6797,841.5657,841.2990,840.9618,840.8004,840.9177,840.5794,840.7908,841.3321,840.9777,841.0789
840.9853,841.0758,840.9123,841.0765,840.7359,841.1941,841.1374,840.9522,841.1824,840.6788,840.8304,841.0220,841.1137,841.0469,841.2392,841.1191,840.8115,841.0128,840.9552
840.9709,841.1502,840.8264,841.1505,840.4777,841.3847,841.2720,840.9050,841.3617,840.3640,840.6652,841.0448,841.2261,841.0930,841.4739,841.2369,840.6271,841.0259,840.9116
840.9703,841.1535,840.8226,841.1544,840.4659,841.3930,841.2781,840.9031,841.3694,840.3500,840.6574,841.0452,841.2306,841.0950,841.4843,841.2416,840.6187,841.0262,840.9095
840.9910,841.0463,840.9465,841.0467,840.8389,841.1185,841.0839,840.9708,841.1113,840.8040,840.8966,841.0135,841.0694,841.0286,841.1459,841.0727,840.8850,841.0078,840.9727
841.0027,840.9860,841.0164,840.9879,841.0499,840.9648,840.9753,841.0093,840.9673,841.0599,841.0327,840.9973,840.9800,840.9917,840.9559,840.9790,841.0355,840.9982,841.0086
841.0289,840.8507,841.1730,840.8545,841.5217,840.6190,840.7309,841.0954,840.6423,841.6338,841.3354,840.9578,840.7769,840.9081,840.5291,840.7662,841.3721,840.9752,841.0885
841.0043,840.9777,841.0263,840.9810,841.0812,840.9451,840.9611,841.0149,840.9496,841.0956,841.0545,840.9986,840.9704,840.9874,840.9302,840.9687,841.0575,840.9983,841.0142
841.0310,840.8401,841.1851,840.8415,841.5584,840.5919,840.7113,841.1015,840.6170,841.6782,841.3593,840.9553,840.7616,840.9016,840.4961,840.7501,841.3983,840.9736,841.0948
840.9768,841.1198,840.8630,841.1333,840.5940,841.3142,841.2221,840.9273,841.2987,840.4956,840.7468,841.0511,841.1920,841.0778,841.3801,841.2005,840.7085,841.0268,840.9326
840.8908,841.5655,840.3524,841.6686,839.0577,842.4677,842.0520,840.6674,842.3862,838.6245,839.7610,841.1830,841.8603,841.3562,842.7839,841.9019,839.6079,841.1025,840.6713
841.0703,840.6458,841.4416,841.1022,842.3255,840.1637,840.4659,841.3299,840.2254,842.5754,841.8550,840.9219,840.4761,840.7981,839.8661,840.4536,841.9185,840.9459,841.2211
841.3829,839.0549,843.4368,840.9532,848.9004,836.7668,838.1097,842.6782,837.3412,849.6789,846.6804,841.8192,839.1136,840.1414,835.0262,838.9782,846.4503,841.2167,842.4429
841.1944,840.0405,842.4326,843.3283,846.5237,840.0309,840.3727,842.3140,840.7345,845.7377,845.8548,843.6922,841.7792,841.1173,838.3395,841.7152,844.5851,842.0074,842.1725
841.9375,839.6091,930.3938,1444.0972,1904.1193,1374.7067,1084.5524,971.9911,1562.4941,990.5098,2130.9369,2472.4044,2051.1883,1140.2578,1016.4296,1998.0505,1358.4661,1374.1920,1083.4263
839.2705,856.8941,888.1770,1412.1673,1340.4735,1312.6540,1108.4153,983.3070,1308.3196,897.8049,1536.8007,1590.2114,1504.4231,1023.5002,980.0316,1419.0744,1097.0921,1121.2389,972.0525
840.5492,844.9802,846.1747,960.3246,892.4491,896.0380,885.2694,867.5834,906.1233,845.6646,904.5730,920.9705,907.9247,864.3427,861.7723,906.8710,865.3938,872.0741,854.8168
840.7756,845.1399,927.4070,1505.0633,1834.8249,1419.2295,1109.0506,961.7292,1667.5718,964.4503,2203.3251,2657.5509,2160.4932,1158.6775,1052.7142,2124.6913,1360.5092,1414.4913,1092.8973
845.4140,829.0071,1123.5273,2304.6359,4657.2606,3467.0300,2170.9914,1199.5977,5334.0104,1526.4753,9728.2756,8917.0497,5982.4189,1664.8130,1370.2020,5585.7116,2789.2098,2895.8685,1744.6764
842.7049,854.7058,927.7735,3237.8394,1432.0879,1402.2185,1376.1720,1228.0475,1415.3585,1066.9821,1553.5352,1348.9525,1288.7946,996.8951,902.1417,1210.3250,1115.2476,1041.7110,962.4344
847.3961,814.4836,1156.2173,1957.1189,5859.1900,3322.8629,1751.1389,1199.3763,4195.0431,1527.2817,9911.9614,10386.5304,7050.0053,1821.8593,1340.1406,6328.5856,3146.6752,3074.3714,1782.5012
830.9378,896.5519,809.2558,1072.9535,888.5915,1237.1016,1077.7193,849.1372,1329.0953,687.0257,1110.4040,1328.4849,1311.5697,970.7321,1107.3305,1305.8927,855.1383,1030.7466,893.9205
849.1992,807.0778,1167.3710,2441.9326,5808.6759,3518.8375,2116.7092,1163.7959,6041.7382,1730.5786,12294.4549,12849.1416,7367.8359,1827.1062,1396.3510,7395.9616,3257.4482,3448.8553,1909.3339
839.5314,853.5880,1078.7747,2488.3525,4741.7387,3480.3163,2025.7231,1096.8479,5878.6973,1266.5523,9109.3505,12099.0696,7608.4596,1886.9072,1632.3457,7704.5812,2714.4272,3294.5768,1762.2218
837.5839,862.7340,962.4376,1672.3397,2472.8739,2336.3288,1562.2597,987.3273,3249.4503,1028.0232,4274.4261,5147.9517,3789.6817,1402.4827,1332.1181,3759.7111,1733.6637,2052.7690,1334.8709
840.1500,851.8194,1039.4128,1889.0783,3571.9810,3190.7512,1906.8388,1079.5736,4463.7189,1233.7744,7124.7794,7766.8787,5460.8424,1604.3908,1429.2398,5191.1658,2287.8501,2625.9229,1576.3707
833.5338,884.2339,946.5730,1960.8872,2509.0750,2492.3317,1640.5108,980.6642,3718.2025,931.8962,4265.1005,5963.3172,4375.7097,1502.0332,1493.5370,4447.8005,1719.4875,2206.6233,1355.2662
860.2888,751.6000,1093.6627,1486.6658,3306.5944,1352.6255,1116.2199,1052.4866,1987.4389,1751.2469,4407.0407,3882.3797,2410.5700,1184.3496,807.9932,2473.6688,2112.1802,1736.1862,1325.7062
827.7441,915.4806,842.7589,1589.0554,1422.6514,1753.2778,1312.4639,900.3100,2220.2847,691.7709,1921.5626,2921.4313,2497.8639,1229.7401,1382.5897,2561.0164,1119.9053,1485.1623,1057.7688
842.3417,835.2242,883.4422,1042.4102,1217.2907,1059.2657,960.6035,887.2082,1203.4307,934.4382,1400.3361,1478.1613,1287.2844,957.0003,906.9946,1295.6900,1059.4047,1073.8137,953.8186
833.8584,881.0070,900.0999,1449.7066,1815.7295,1907.7951,1361.5835,929.9889,2483.1510,855.1973,2753.9539,3563.5883,2869.5492,1271.7115,1297.5667,2863.9831,1372.3783,1675.1422,1167.6010
847.0927,814.3292,1152.3675,2341.8212,6098.6806,3024.2398,1690.4448,1165.1122,4523.0260,1494.8796,9755.0012,11897.9921,7384.9932,1890.1586,1392.6725,7150.9207,3170.8716,3234.0188,1799.3789
841.1680,841.6200,922.7236,1223.9742,1761.3996,1460.7824,1132.7098,928.4142,1770.1928,983.9345,2343.4169,2632.2491,2123.5858,1134.5411,1048.7957,2094.2098,1350.7377,1428.5711,1104.4266
836.5595,866.8197,955.4119,1648.1549,2508.8724,2208.4873,1454.6034,979.4953,2978.5031,971.8090,3913.3529,5079.5936,3824.4090,1423.8891,1345.6667,3775.5350,1711.9255,2021.1168,1310.7699
853.3709,786.1089,1337.3297,2792.4166,11290.9980,4779.5358,2337.7760,1309.9843,8042.2571,2160.6710,23423.5891,24994.7016,13322.6603,2392.8710,1567.7737,12687.7531,5175.9704,5058.5155,2454.6217
835.0339,875.1154,901.8233,1397.9180,1780.7270,1754.7212,1244.9242,945.8666,2006.3107,853.4355,2416.3808,3029.1751,2591.7279,1231.8427,1215.7703,2486.7081,1338.7385,1536.4672,1121.4662
840.3213,845.8294,895.6567,1158.3561,1455.5632,1294.0368,1075.8550,903.1625,1557.6918,929.5819,1854.8068,2081.2239,1735.0119,1057.9996,1012.1050,1739.8872,1188.2192,1268.1787,1031.4546
844.4964,823.6248,866.9975,865.3780,950.6707,825.4281,828.1381,861.5291,841.5967,930.2511,942.6342,902.3362,862.8597,844.5767,796.0999,862.3252,911.1266,864.2345,864.5593
843.7353,827.9679,911.1234,1075.4953,1490.8981,1172.5212,1000.3554,907.1558,1368.9028,1000.1441,1793.7670,1888.8554,1571.1911,1020.3020,928.4890,1562.5673,1209.7761,1208.8746,1020.8084
842.7805,832.4796,874.2450,936.1276,1104.5222,966.6090,898.6551,874.1015,1021.9456,919.5334,1190.1293,1203.8646,1108.4006,911.4099,865.0006,1096.9204,994.5673,980.8696,914.3276
835.7670,869.8169,852.8126,1079.5271,1156.0596,1274.6381,1068.5376,875.8053,1412.3231,801.8684,1455.8867,1662.8764,1525.4834,1013.8012,1053.9080,1503.5961,1017.4814,1144.1129,962.0440
840.7052,843.8079,901.8236,1134.7683,1510.5646,1325.0610,1080.6579,908.5042,1565.4761,944.1214,1944.1195,2135.5253,1787.6876,1066.9034,1010.7298,1769.5579,1220.2016,1288.2882,1043.8667
846.0820,818.1349,1017.7239,1590.4140,2957.1362,1909.8198,1358.8336,1011.0486,2745.8407,1257.5802,4495.4188,4961.2390,3413.4502,1354.9085,1121.6526,3421.6155,1941.7425,1998.7048,1356.2038
839.0218,853.5277,955.5122,1498.3352,2368.8395,1956.0801,1351.9523,970.8315,2585.3348,1010.1629,3525.4670,4293.0631,3272.3456,1337.0124,1232.1228,3219.2789,1646.6057,1852.4083,1262.4250
840.6866,843.3744,882.0508,1043.3660,1285.8000,1152.2385,994.7754,886.2975,1301.4100,906.3962,1526.4298,1662.4627,1455.0294,996.3549,957.9624,1445.3611,1093.6055,1138.0022,976.8855
839.7466,847.7069,844.4645,898.0594,923.4572,933.1418,890.7677,848.8808,965.4184,831.8623,980.8747,1025.8272,992.6178,883.7477,890.3035,990.9893,887.0180,914.1123,871.3007
