776.9701,777.0885,776.9596,777.0627,776.8154,777.1725,776.8808,777.0566,777.4227,776.9213,776.5158,777.3559,776.8563,776.8847,777.1202,776.7835,777.1825,776.9132
776.9470,777.1570,776.9283,777.1114,776.6724,777.3061,776.7884,777.1004,777.7502,776.8603,776.1407,777.6317,776.7450,776.7953,777.2133,776.6157,777.3240,776.8459
777.0301,776.9108,777.0408,776.9368,777.1867,776.8262,777.1204,776.9432,776.5742,777.0797,777.4889,776.6415,777.1451,777.1164,776.8789,777.2185,776.8160,777.0876
777.0597,776.8233,777.0807,776.8748,777.3692,776.6558,777.2383,776.8873,776.1578,777.1589,777.9689,776.2899,777.2877,777.2310,776.7602,777.4331,776.6356,777.1735
777.0610,776.8194,777.0825,776.8720,777.3778,776.6482,777.2437,776.8850,776.1388,777.1619,777.9902,776.2743,777.2939,777.2360,776.7549,777.4426,776.6275,777.1773
777.0184,776.9456,777.0249,776.9614,777.1140,776.8939,777.0735,776.9654,776.7402,777.0487,777.2983,776.7812,777.0885,777.0711,776.9261,777.1333,776.8877,777.0534
776.9944,777.0166,776.9926,777.0118,776.9666,777.0324,776.9780,777.0112,777.0798,776.9865,776.9101,777.0670,776.9737,776.9789,777.0226,776.9598,777.0342,776.9838
776.9406,777.1760,776.9201,777.1249,776.6354,777.3430,776.7635,777.1135,777.8405,776.8441,776.0383,777.7082,776.7148,776.7709,777.2390,776.5698,777.3629,776.8275
776.9911,777.0264,776.9882,777.0189,776.9469,777.0517,776.9649,777.0181,777.1291,776.9810,776.8578,777.1068,776.9590,776.9673,777.0361,776.9366,777.0544,776.9743
776.9364,777.1882,776.9142,777.1335,776.6080,777.3669,776.7465,777.1207,777.8998,776.8335,775.9708,777.7573,776.6948,776.7550,777.2557,776.5397,777.3883,776.8154
777.0476,776.8596,777.0652,776.9012,777.3017,776.7271,777.1916,776.9151,776.3394,777.1402,777.7783,776.4376,777.2350,777.1890,776.8100,777.3484,776.7100,777.1386
777.2244,776.3406,777.3133,776.5362,778.4523,775.7157,777.9098,776.6078,773.8534,777.6121,780.6564,774.3618,778.0900,777.8721,776.1060,778.6309,775.6351,777.6520
776.8571,777.4425,776.8507,777.3308,776.3950,777.8608,776.4874,777.3993,779.0625,776.6532,774.7126,778.8172,776.3367,776.4520,777.6041,775.9645,777.8899,776.5836
776.2227,779.3857,776.0981,778.7775,773.2900,781.7033,774.1334,779.1180,789.1240,776.1764,765.0088,786.8685,773.7755,774.4147,780.2988,771.6405,781.8508,774.7596
776.6153,778.2696,776.6955,778.0384,776.3540,779.5811,775.8178,778.8129,784.6735,778.6126,771.8832,782.5205,776.2209,776.4166,778.8457,774.7809,779.5013,775.9212
778.6615,791.8356,791.6130,817.3314,1069.3966,850.8280,827.0516,1000.9712,1887.1774,2155.4008,1216.6272,974.6045,1214.2860,1183.3425,837.3439,1032.0869,800.0363,799.1291
783.4642,781.0883,822.5048,807.9231,1289.1259,806.2439,872.6797,1004.7331,1240.4030,1420.3420,1132.5305,894.5760,1082.3718,1018.0385,804.8522,956.6777,767.2614,804.4965
778.3954,777.7263,788.1933,782.2808,858.9257,780.9824,796.7325,812.2328,817.1008,850.7825,829.1069,794.4694,812.2332,805.4384,781.0557,801.4120,773.7077,781.8939
781.1236,783.4561,790.4414,810.9894,1030.3386,837.0670,832.5929,985.6715,1878.8064,2309.3107,1318.6975,923.1549,1257.5535,1222.9822,829.9451,1074.5577,784.4461,807.7522
778.1423,829.5541,814.1479,910.5193,1732.2092,1031.9578,956.2398,1923.2965,6496.9173,7489.2969,2483.4656,1370.9992,2678.1198,2307.5587,1003.8737,1621.3736,865.2349,834.8017
778.4266,835.9927,920.5233,874.6882,2026.2326,900.6274,982.4016,1413.8034,1286.1993,1209.6921,1002.0014,1263.2976,1048.5790,933.3251,881.5513,870.5441,830.0919,784.2664
774.1753,834.2961,781.0052,905.0171,1608.3847,1048.9382,881.5795,1672.2292,7707.1911,8181.0268,2194.9216,1498.3067,2646.5285,2330.6615,997.8306,1603.3149,891.6799,824.8008
799.4069,721.2232,813.6560,748.2789,1046.0047,686.3151,894.0644,829.6372,741.5456,1270.8669,1480.3432,602.0474,1074.3910,1020.7870,717.0236,1061.3317,663.3021,850.9441
771.4294,850.5292,784.7533,945.2453,1443.2202,1136.5700,916.7828,1865.7429,8712.7050,10617.5915,2640.8092,1499.3005,2927.9548,2549.9795,1066.9879,1713.3191,918.6416,824.6661
790.5252,783.8011,796.6514,878.3357,1434.5782,958.7082,962.5637,1543.9884,5745.2210,10438.6504,3564.2860,1080.3371,2967.9241,2662.3435,940.7371,1966.6133,783.5432,881.2580
790.4009,767.0870,801.1163,827.1329,1276.9932,849.9328,920.0030,1236.4472,2716.3961,4561.8981,2357.6795,890.9556,1970.3660,1769.5663,850.5748,1470.3496,750.2271,854.5768
787.4503,788.6135,806.8979,865.8175,1594.1778,926.4940,956.0654,1568.7848,4330.6140,6653.4613,2753.5697,1077.4889,2541.7271,2171.6287,914.4559,1662.3435,789.1016,858.6103
799.4688,742.9236,809.7815,812.4257,1301.1800,808.3417,957.6430,1194.8234,2553.5242,5390.0609,2981.9107,792.0877,2149.8496,1957.3656,822.5066,1663.5264,703.1529,886.7732
743.7865,914.7069,742.2902,928.8046,808.1911,1178.7557,714.6707,1259.5347,5003.4681,3145.5320,792.1213,1732.2722,1259.1252,1233.4013,1062.5694,870.2412,1075.5559,710.1267
808.8125,706.3254,825.1093,756.8852,1232.0252,690.8110,958.3700,920.7529,1174.3546,2783.2698,2476.5396,602.9875,1527.9047,1443.9056,725.4927,1418.0234,634.3761,895.8957
775.7938,788.3468,778.0828,799.3375,848.4547,822.4868,791.7967,880.0938,1228.2907,1331.6064,959.1555,865.7258,966.7440,949.4926,813.7416,880.5975,798.1765,781.9820
796.4876,740.9004,803.4481,789.8063,1164.9341,770.7803,912.6716,1038.8260,1767.4404,3245.5825,2172.6385,742.2185,1644.6005,1524.4742,787.6196,1370.8157,701.9846,863.2800
774.9430,830.0252,771.5153,905.5382,1317.5137,1059.1619,866.5269,1524.4696,8002.4514,9600.6153,2391.1569,1431.4981,2610.0651,2426.7476,1003.3303,1672.4250,885.8107,829.9774
780.0670,782.8284,780.5616,810.3554,974.2222,839.6539,825.3762,994.9148,1865.8873,2314.2397,1340.6384,899.1499,1293.9226,1234.6708,831.7436,1076.8904,787.4797,805.8874
792.3043,758.4248,795.8511,814.4983,1214.9652,827.7738,905.9269,1144.5045,2624.7262,4479.6633,2327.7228,859.5740,1899.6265,1755.4575,832.1464,1474.7526,736.8562,859.3022
766.8341,878.6246,761.6059,993.5524,1592.0431,1280.4513,900.8228,2199.4619,18587.3951,19192.9132,3073.4035,1978.9269,3962.2320,3460.9669,1172.1885,2061.6399,992.2058,832.7087
793.5642,748.2546,803.6575,788.2849,1200.1117,772.6394,891.6733,1005.1664,1694.1298,2690.9158,1818.5426,781.3472,1488.5232,1393.1758,785.9992,1260.4709,715.5145,849.4473
780.9806,776.9694,783.3866,799.8181,929.5718,815.9071,822.8876,936.9657,1482.0505,1868.9458,1239.8489,844.4639,1161.3149,1120.0129,812.7386,1014.4337,774.8966,803.6745
770.1052,799.4920,769.7169,795.1747,755.0155,824.1247,754.1257,807.0654,934.2578,816.8197,693.7699,878.6623,766.8872,770.3959,810.3893,740.7106,822.8594,758.0941
773.6558,797.0548,772.1489,810.9094,861.2784,852.1369,786.9184,928.4161,1583.5875,1665.0511,1014.8035,929.4318,1064.3099,1039.9912,836.3693,922.9873,817.7952,780.2463
774.3122,789.6235,774.4144,794.0207,817.4540,815.2698,776.9508,844.2676,1091.5032,1081.3028,844.9463,859.6045,883.4243,873.8811,806.5563,824.5697,802.2397,774.4044
789.7921,749.0816,796.7990,773.0683,990.8990,748.2025,854.4309,884.0996,1067.1670,1529.4611,1334.6295,718.2719,1120.0532,1068.4895,763.0207,1033.4356,718.5721,825.8723
780.2968,779.2408,781.9087,801.8203,941.3804,821.3004,820.6159,950.6970,1556.8666,1902.4285,1232.2069,860.8971,1179.4496,1132.4166,816.8517,1016.6964,779.9787,802.2995
772.6374,818.1878,772.7404,862.6275,1038.1317,962.5387,828.6387,1226.1222,3649.3980,4220.5796,1591.6975,1147.6385,1695.0678,1594.5545,925.8672,1232.5375,859.3088,798.9767
786.4597,772.3479,788.3995,819.2333,1129.6664,847.0253,873.3440,1118.5768,2534.2479,3758.0221,1916.1330,906.0619,1703.0750,1589.7057,843.5437,1329.1221,765.2597,836.9489
779.4824,777.6397,779.8792,793.0020,882.4457,805.5306,805.7997,887.0955,1279.4205,1493.1038,1077.7137,831.3561,1040.6275,1014.4624,802.7766,939.6600,777.5734,794.9639
780.0560,770.0851,781.0681,776.0656,819.4787,770.4373,794.1767,800.0168,856.2543,944.9460,892.7760,762.4622,853.4983,844.9855,773.9174,835.8225,762.5866,788.6759
