1000.1628,999.6154,1000.4427,999.5393,988.1496,1002.3534,1046.7587,972.7886,1038.9859,958.5995,1010.8844,1027.2178,982.1503,1009.5836,1004.1806,992.1335
999.0539,1002.3153,997.5816,1027.2104,1412.3687,1713.4088,5618.7717,1443.9116,1076.8369,2083.6317,1033.3298,1382.9350,2869.4919,1324.3688,1513.0944,1544.5249
1001.4572,996.7431,1004.3373,1051.0661,1821.0589,3065.2464,34484.2866,1188.0066,2357.5071,1600.5480,1322.1330,3296.0008,4382.7519,2043.5273,2297.7572,1927.7785
999.5580,1001.1533,998.9964,1031.6892,1632.6210,1942.6330,9746.7817,1394.7553,1469.5584,2200.8524,1120.4418,1978.5806,3794.1114,1550.1206,1936.9379,1758.5680
1000.5517,998.8343,1001.6111,1052.9193,1397.6941,3588.1164,55716.0159,1533.6359,2541.4888,2930.8252,1365.8230,3701.4890,8376.2142,2482.7674,3184.7770,2656.5594
1000.0608,999.9523,1000.2078,1037.7947,1316.0682,2795.6119,25153.8280,1481.4621,1966.3934,2615.4307,1247.9913,2840.1145,6155.5279,2023.2928,2585.8434,2246.1121
999.9014,1000.3353,999.8975,1034.9754,1410.8767,2318.5313,15897.5900,1405.6044,1538.9537,2164.2902,1158.7325,2047.8684,4141.9089,1685.7335,1960.0885,1842.4254
999.1693,1001.9795,997.7675,1006.8162,1125.5073,1117.3688,1272.6016,1199.1906,878.3954,1374.8367,965.1713,981.5071,1372.1936,1023.5668,1082.4605,1133.6653
999.6885,1000.7600,999.1866,1008.7913,1125.8848,1250.9647,2143.3946,1139.4073,1048.3554,1313.6439,1016.9912,1178.5858,1559.2086,1124.6996,1194.2113,1191.0990
1000.2414,999.4522,1000.6980,1006.4572,1084.5136,1225.7102,2146.2293,1025.7254,1174.4384,1103.3995,1049.1481,1262.6773,1384.1285,1138.2530,1182.0798,1133.2710
1000.6704,998.4175,1001.8186,998.6206,948.3760,1036.2287,1342.9431,900.2490,1188.0539,860.4878,1050.4193,1146.3509,979.5888,1057.5618,1041.6126,987.4044
999.6726,1000.7774,999.1195,1001.8393,1040.2776,1012.9334,976.6648,1063.0661,934.8402,1104.1586,981.0751,964.0776,1069.5951,990.5401,1005.6713,1027.7375
1000.1302,999.7070,1000.3610,1005.3729,1040.7127,1212.6289,2171.3943,1045.1824,1156.0188,1152.3995,1044.1738,1241.4014,1433.1122,1138.7882,1193.1376,1148.4421
1000.2453,999.4529,1000.7342,1008.4951,1127.8616,1248.3458,2690.8028,1037.8809,1217.9240,1155.8561,1058.2312,1305.8169,1492.9475,1168.0865,1230.5157,1166.0348
999.0385,1002.2977,997.4301,1009.0725,1186.5680,1156.8307,1335.2821,1241.3481,872.1390,1464.2343,962.8618,1006.5162,1485.9218,1037.9052,1116.8079,1171.5442
1000.7758,998.1706,1002.1158,998.1484,953.4031,1017.8183,1274.9145,878.7129,1204.5392,821.9180,1053.9947,1144.7539,928.6674,1050.3300,1025.8422,967.3278
1000.3172,999.2607,1000.8679,1003.1773,1014.4206,1145.4678,1779.1969,990.4112,1161.4456,1033.2391,1044.8095,1204.9701,1243.3496,1105.0060,1132.0253,1084.6470
999.2620,1001.7800,998.0493,1012.6500,1209.0949,1320.8015,2431.3426,1252.7002,977.8979,1547.2235,998.4317,1152.7709,1808.6838,1137.0664,1235.9978,1267.1015
1000.5026,998.8231,1001.3943,1000.7938,1012.3092,1049.2740,1360.0460,930.8603,1148.5342,905.1522,1039.9788,1129.5920,1012.2867,1052.1857,1044.0227,1000.9849
999.0952,1002.1911,997.5708,1021.1743,1276.4155,1720.0090,4883.8980,1427.5389,1147.5951,2118.1178,1049.2596,1539.5110,3102.6030,1367.8665,1635.5579,1607.6778
999.5323,1001.1301,998.7594,1009.8842,1134.9777,1267.1537,2117.2624,1175.6077,1019.9273,1384.2789,1009.2847,1168.5772,1631.6474,1124.5820,1207.0309,1213.8151
1002.2920,994.6265,1006.2504,1002.0856,905.2342,1369.7219,5674.7648,751.4481,2038.7764,723.8496,1228.5381,1932.5424,1348.6515,1379.2015,1375.5702,1114.7617
999.3293,1001.6171,998.1912,1013.8996,1161.6330,1453.9627,3229.1367,1283.4055,1069.5280,1682.8056,1025.7917,1310.5245,2199.6784,1228.2492,1380.1229,1377.9002
999.0105,1002.3593,997.3373,1008.4712,1154.6104,1159.8723,1400.5145,1249.1608,864.9919,1483.3476,961.6272,994.3036,1503.6442,1039.2828,1115.4206,1176.1637
999.8527,1000.3700,999.6440,1006.9739,1119.6281,1176.8189,1702.1365,1082.3516,1056.3509,1186.3469,1016.8347,1155.5333,1361.5124,1090.5144,1141.3566,1127.9929
1000.5637,998.6831,1001.5476,1003.7537,1012.5787,1186.4527,2097.0657,959.2090,1246.8544,989.7406,1066.6485,1288.4741,1265.9449,1139.0688,1163.1862,1091.9993
1000.4565,998.9296,1001.2413,1002.0948,990.2683,1136.9760,1829.3761,964.3824,1191.3630,989.1058,1052.6290,1214.9380,1202.6099,1107.5933,1124.3172,1069.5311
999.7355,1000.6408,999.2910,1006.7126,1073.4580,1211.8096,1993.9187,1119.1963,1051.1735,1277.8922,1016.9623,1159.7551,1498.8979,1113.3955,1178.5649,1170.9672
999.3506,1001.5477,998.2614,1005.1217,1102.8673,1070.1277,1157.5709,1146.1350,895.0521,1264.5043,969.6740,966.6776,1239.4609,1007.1575,1047.3173,1088.4755
1000.5724,998.6491,1001.5517,998.9258,957.5246,1039.1793,1336.3174,916.7808,1163.9810,886.3753,1044.3790,1132.5573,999.1461,1054.4448,1043.0073,995.3889
1000.0152,999.9658,1000.0425,1000.6620,1005.3646,1025.0159,1114.7093,1005.6198,1017.4516,1017.9476,1005.1659,1027.0368,1047.8514,1016.0879,1021.8907,1017.2913
