1035.0000,1034.9966,1035.0248,1035.0509,1035.6626,1040.3696,1046.3620,1025.2697,1033.0792,1031.1217,1066.0902,1015.1190,1038.4201,1040.2854,1025.2668,1048.5338,1030.3640,1022.3397,1038.2102,1041.5370,1036.6172,1034.3040,1039.0703,1035.2545,1032.1128,1036.4594,1036.6921,1036.3251,1034.2219,1034.1933,1032.0623,1037.1185,1033.3187,1035.0274,1035.2962,1037.0801,1036.5181,1033.6597,1035.8242,1033.5173,1035.8375,1034.8096,1034.3272,1035.7498,1035.0973
1035.0000,1035.0041,1034.9711,1034.9537,1034.5120,1052.5642,1056.3204,1053.6194,1054.9817,1045.4792,1003.4929,1063.4035,1032.0307,1035.2785,1050.6326,1022.9052,1046.1582,1058.5033,1039.7384,1031.6993,1035.9282,1036.8221,1031.0082,1036.8556,1040.0804,1037.1154,1036.9779,1034.8287,1036.4512,1036.0834,1038.6926,1032.7380,1037.0869,1035.3031,1034.9336,1032.6662,1033.2370,1036.6172,1034.1110,1036.9084,1034.1697,1035.2626,1035.8126,1034.1330,1034.8880
1035.0001,1034.9920,1035.0589,1035.1274,1036.6518,1057.3432,1079.2457,1021.3339,1038.1902,1031.3331,1113.8418,993.5983,1044.0448,1052.1851,1017.7186,1071.7619,1032.7585,1017.2787,1055.1752,1057.3581,1041.9919,1034.6329,1045.8264,1038.7324,1030.7298,1044.1215,1044.9659,1039.6988,1033.9482,1033.2906,1028.3658,1040.3344,1031.1819,1035.5894,1036.0786,1040.0647,1038.6010,1031.8975,1037.0197,1031.7600,1037.1993,1034.5878,1033.4418,1036.7873,1035.2331
1035.0000,1034.9970,1035.0225,1035.0549,1035.7291,1052.9552,1068.1714,1038.1204,1043.5917,1038.8034,1067.4425,1023.8811,1039.3063,1045.8363,1033.9133,1052.8880,1042.3733,1039.4915,1054.5284,1049.8107,1040.7506,1036.0661,1040.1874,1039.3357,1035.8096,1043.6700,1044.3499,1038.2602,1035.3435,1034.5372,1032.7643,1037.3168,1033.6956,1035.7189,1035.7633,1037.0491,1036.3703,1033.8833,1035.8322,1034.0185,1036.0390,1034.8799,1034.4392,1035.6901,1035.0912
1034.9999,1035.0138,1034.9137,1035.1291,1038.9645,1570.5864,1997.1126,1223.2064,1447.1896,1164.0421,1003.2583,1195.7148,1043.7256,1155.5920,1154.2051,1045.6522,1157.5422,1258.7636,1203.6992,1086.5602,1080.3760,1056.2050,1033.6968,1071.9178,1077.5870,1097.7653,1095.7091,1054.9593,1047.4724,1040.4688,1050.3933,1031.1620,1043.2966,1040.9349,1039.0502,1029.1895,1029.6774,1040.7674,1033.4696,1043.5211,1034.6012,1036.4657,1037.9224,1032.4440,1034.6774
1035.0001,1034.9968,1035.0432,1035.4115,1040.4806,1505.7213,2692.0374,1603.9597,1403.9766,1261.3933,1275.0439,1251.3176,1091.5531,1329.3880,1322.3057,1275.8734,1500.4886,1795.2264,1851.3084,1404.7202,1183.6926,1100.7094,1102.4115,1197.9161,1165.2060,1347.1361,1341.6203,1108.5684,1073.5925,1043.4551,1045.4986,1054.6132,1039.9694,1061.8044,1054.6832,1045.4691,1037.7483,1036.0639,1039.8466,1045.9736,1047.2226,1036.5180,1035.5282,1036.8858,1035.3081
1035.0006,1034.9377,1035.4889,1037.4591,1078.2764,5224.7752,10010.0064,1148.1296,3308.3171,1315.0043,2330.9398,932.0276,1181.0964,1781.0391,1001.8679,1640.6580,1138.0389,1104.5690,1435.8586,1355.8184,1247.5845,1076.4895,1148.8688,1143.7728,1038.6446,1246.4753,1251.8354,1148.3829,1043.3671,1025.2091,991.5707,1085.8460,1008.1253,1047.6705,1054.5672,1080.5473,1065.9984,1011.1819,1056.4620,1012.5127,1058.0370,1033.9230,1023.1237,1050.2273,1036.9700
1034.9990,1035.1226,1034.1344,1034.0661,1020.9900,1725.4975,2031.7033,2000.4590,1990.3960,1460.2654,415.5645,2494.9298,959.1847,1108.1351,1717.2004,770.1445,1566.7778,2396.7569,1363.4787,1015.1090,1096.0434,1111.5039,936.3385,1139.8351,1237.7496,1191.9516,1178.5154,1046.7934,1091.1372,1070.7490,1156.7508,973.1940,1101.8826,1051.4508,1038.4243,968.8087,983.3054,1085.6857,1009.4368,1097.8356,1013.2171,1043.3640,1060.1700,1009.4066,1031.6774
1035.0009,1034.9013,1035.7244,1036.6866,1057.4894,1879.8758,3290.8312,1739.5337,1237.1821,1488.6000,3463.6787,922.7758,1249.2750,1705.5856,1428.4417,2271.2111,2092.2023,2041.2863,3512.8103,2428.8231,1511.1230,1156.6242,1323.9228,1429.4090,1263.1737,1836.5888,1937.2176,1263.3838,1103.8966,1033.9390,981.4903,1140.6612,1002.5033,1100.3055,1087.3324,1116.9775,1082.1082,1002.7386,1067.3160,1022.0008,1086.9005,1033.2124,1018.5938,1059.3763,1038.2887
1034.9999,1035.0213,1034.8516,1034.8664,1032.6391,1478.0709,2462.7047,2588.9162,1276.8240,1641.0983,1221.0690,1853.3617,1116.2589,1471.1568,2004.8821,1464.3551,2517.8418,3403.0096,3329.0722,1989.5766,1421.9114,1192.8339,1160.1578,1439.5193,1405.5619,1808.2203,1866.9706,1207.0820,1137.2716,1063.2420,1085.8865,1062.9958,1062.0125,1101.5619,1078.3665,1041.4513,1027.7824,1049.6747,1038.0504,1075.9255,1057.2782,1039.9286,1042.2443,1032.8114,1034.8789
1035.0002,1034.9906,1035.0816,1035.4288,1041.6927,2316.7182,9513.5002,5039.0968,1768.3447,2085.6598,2116.2599,2219.6157,1273.0491,2470.7984,2769.7538,2316.9521,4234.8425,7131.3953,7860.9634,3391.7803,1781.4525,1353.7179,1363.7497,1909.8922,1736.5833,2913.2562,2895.5920,1377.0237,1224.9574,1076.9159,1089.9633,1123.6247,1062.0514,1165.9940,1126.6836,1079.2637,1043.5686,1043.3208,1053.8858,1091.7927,1090.9320,1041.6763,1039.0395,1041.9054,1036.2119
1035.0000,1035.0064,1034.9652,1035.1085,1035.2256,1475.6257,3927.5410,4073.5062,1459.9473,2026.5503,1617.7629,2529.0474,1208.9420,1872.4382,2700.1462,2219.9362,4074.4932,6215.8011,6132.8569,3180.0575,1797.4718,1334.9269,1315.0897,1872.3601,1691.1971,2745.7790,2871.1558,1375.8773,1220.5506,1078.4183,1100.1832,1106.0174,1068.4137,1157.3114,1118.7606,1066.1141,1036.0240,1048.9959,1048.0996,1095.1697,1084.3146,1041.9890,1041.7897,1038.0495,1035.6969
1034.9998,1035.0284,1034.7958,1034.6388,1030.5445,1088.0510,1142.0203,1253.3894,1124.3408,1131.7129,845.0021,1300.1598,1019.2846,1048.1189,1205.6691,986.8370,1202.8829,1338.6978,1183.0412,1074.7048,1065.9809,1058.7441,1018.2240,1077.3140,1095.8259,1102.3020,1105.4763,1045.3509,1052.5680,1044.3495,1063.5520,1022.1702,1050.9774,1042.1599,1037.7879,1020.0827,1022.7704,1046.9056,1029.2130,1050.9173,1031.2231,1037.0517,1040.9501,1029.0889,1034.2485
1035.0002,1034.9761,1035.1760,1035.3905,1039.9514,1157.0572,1480.8751,1226.3890,1076.0140,1110.4094,1377.1957,1016.2814,1083.2692,1185.1990,1119.2689,1263.5112,1248.9226,1299.4866,1461.5067,1287.6508,1127.0849,1064.9810,1099.2771,1125.4897,1086.7899,1211.0653,1217.5009,1083.3165,1051.3685,1034.5242,1021.7752,1059.4836,1026.9668,1050.1935,1047.4922,1054.1482,1046.1836,1027.0582,1042.6735,1031.6927,1047.1833,1034.5020,1030.9850,1040.8290,1035.7925
1035.0000,1035.0095,1034.9364,1034.9818,1034.7697,1620.2440,3873.5956,3380.5161,1374.4581,1823.6925,1503.2750,1999.3777,1171.8836,1758.0081,2311.6005,1755.8951,3157.5851,4657.4981,4784.0171,2494.1719,1564.2037,1253.5703,1237.2990,1615.5928,1536.0412,2199.7115,2248.8265,1273.5181,1172.0290,1068.9376,1087.8354,1086.3965,1062.3258,1127.2587,1097.1004,1055.9717,1033.7122,1047.4010,1043.9744,1082.6687,1070.4971,1040.6006,1041.0840,1036.2802,1035.3923
1035.0000,1035.0049,1034.9668,1035.0110,1035.5166,1146.4421,1230.6826,1121.7177,1124.0595,1083.2337,1023.8671,1109.5523,1038.8710,1072.4324,1094.3753,1055.0904,1110.2025,1151.4653,1128.4761,1079.4984,1060.3942,1046.6848,1038.8704,1060.2461,1059.0446,1078.5608,1080.8537,1046.5981,1042.3965,1037.6248,1041.3688,1034.7185,1038.4531,1039.0916,1037.6811,1033.3982,1033.0925,1037.2697,1034.5512,1039.0120,1035.6567,1035.5820,1036.1392,1034.1336,1034.8967
1034.9999,1035.0111,1034.9195,1034.8486,1033.0144,1052.0552,1121.7315,1179.5313,1066.8170,1093.9754,971.3917,1161.5648,1033.6488,1060.5328,1136.8723,1040.4876,1157.1073,1235.6230,1180.3601,1094.6753,1064.2447,1052.1027,1036.1775,1071.4863,1075.5416,1098.0920,1100.2612,1047.3565,1046.8818,1039.8536,1047.7876,1032.0736,1042.1033,1041.2684,1038.4373,1030.1057,1030.2727,1039.9944,1033.1111,1042.8816,1034.9348,1035.9810,1037.4938,1032.7959,1034.7295
