974.8294,975.2497,975.3910,975.0523,974.5277,976.2690,974.8302,977.3354,980.4989,974.7515,976.5556,972.9118,978.8741,971.3032,987.0934,969.1022,974.8510,976.7657,976.8353,976.1745,971.2987,978.0257,972.2979,976.7663,980.9152,966.9433,979.1532,971.2260,980.1856,973.2283,976.2189,972.9466,975.5131,974.7379,975.0840
972.6098,978.5081,980.5113,975.8229,967.0618,993.0104,951.4390,983.3496,1043.9133,942.2923,981.3427,943.0464,1029.6488,907.9747,1140.6911,888.9763,971.0428,998.2922,994.8098,983.8130,924.3822,1016.3326,935.0272,999.9715,1052.6071,867.3320,1034.7565,922.8741,1049.0781,947.0125,990.9356,946.0836,982.1184,971.2508,976.1067
981.9373,966.0251,966.2491,987.3756,1386.3421,1055.0834,1835.7088,1732.2491,1346.4473,2096.8258,1483.4306,1311.1530,965.0960,1728.4174,855.3896,1631.8048,1089.4133,1061.0037,1046.2105,1141.9204,1309.1179,917.7877,1253.8900,911.9654,1056.5854,1486.7271,826.2557,1162.4348,811.7338,1141.7587,955.8838,1077.3565,956.9725,987.5382,973.3286
967.8541,986.5492,997.1048,1010.4827,1650.6778,1273.1959,32322.6412,46040.1314,6837.8852,52259.9873,20899.5453,2033.3776,1939.3560,13781.9935,26668.0698,3085.1705,1567.4796,1675.3081,4146.3296,5592.2675,930.3058,1902.6633,1907.4264,1087.8997,5934.2775,861.8430,1216.2430,978.9601,1646.6215,2087.9458,1441.7577,1036.9519,1026.2050,986.0076,998.9198
969.5558,983.9986,993.4512,998.3935,1338.0176,1218.7629,7375.0992,8816.9059,4615.6414,11348.2456,5518.2779,1412.4668,1585.5699,5000.5671,9839.4578,2498.3843,1417.9340,1376.5175,2432.3649,2689.2259,981.4603,1506.6916,1554.1955,1053.9441,3044.2323,849.7268,1144.3462,945.1557,1390.9189,1551.0128,1234.2680,991.1372,1007.9960,978.8948,989.1118
980.9157,966.9051,964.5568,984.2983,1266.0773,1024.2289,4031.8157,4157.6370,1657.0238,5334.9123,2740.0314,1421.8130,982.6422,3238.9611,1600.9057,1938.0334,1136.6535,1091.7819,1378.0593,1628.1983,1181.6785,1011.0935,1331.5798,924.8857,1441.9122,1406.7195,851.8253,1165.3902,880.7076,1320.2731,1023.2724,1090.5983,964.6214,989.8213,977.2548
967.6137,986.8820,997.2171,1020.8412,1853.9581,1454.9078,88381.1265,142812.0736,24399.7935,251491.3102,40469.4964,3008.1301,2244.0929,44056.8469,72495.1484,8263.9880,2276.5424,2221.5772,7503.8155,9954.7534,932.9912,2512.5099,2709.2660,1115.1342,14012.7898,918.7141,1256.9921,1069.6128,2030.9906,3290.0605,1780.3978,1132.9432,1047.9579,1001.5357,1013.7418
975.2517,975.3830,978.5807,1001.5418,1510.7049,1231.4194,20300.2476,27269.8300,8494.1458,49792.9647,11238.6481,2138.5277,1497.8091,15808.1428,14392.1087,5283.2509,1716.6546,1576.8765,3606.7227,4384.7637,1085.0851,1626.9259,2094.5086,1005.2328,5003.4729,1186.3918,1009.2904,1144.1855,1321.2991,2257.8970,1360.6005,1128.4435,1002.7697,997.5723,995.1456
981.8126,965.6501,962.3120,996.8996,1505.3664,1110.2057,23734.3206,27278.9171,4861.8428,47193.9419,11675.8029,2268.4760,1220.1506,16717.4994,7394.6578,5042.7145,1551.0277,1398.1152,3087.5413,4170.8373,1206.6456,1373.7578,2119.0505,934.5572,3499.2086,1621.9740,854.6386,1315.3372,1041.5002,2253.1785,1261.3006,1210.7013,980.1069,1005.8207,989.9420
981.6266,965.6210,961.3580,979.3191,1108.8559,978.1091,2416.9100,2367.7615,1337.4628,3159.4072,1845.9582,1254.3434,928.3920,2414.9247,1298.0427,1847.0029,1103.5447,1005.0255,1236.5011,1354.2057,1165.1916,964.2614,1291.6834,914.9086,1131.3211,1401.1967,833.6068,1168.0045,843.8418,1253.9996,992.2715,1087.4585,960.4695,989.2764,975.4389
958.2217,1000.4411,1016.6838,990.7187,1180.0457,1224.7481,4090.9073,6364.1139,4583.6588,6437.5553,3527.3994,1135.8236,1680.7634,2383.7939,9709.9153,1049.9262,1178.5300,1447.9562,1969.2443,2101.6200,699.7605,1593.3581,961.1902,1181.4823,3864.0777,465.4259,1509.3452,702.6304,1847.2386,1119.6710,1249.9573,833.3699,1037.8772,957.0376,990.6262
993.7750,948.4702,934.9988,980.0455,1248.1163,929.7907,4967.3543,4507.2946,1456.7721,8527.6543,2825.8368,1728.2102,748.4249,5976.2383,935.6612,3952.1093,1231.3389,974.9697,1403.6760,1704.6836,1535.2925,850.0121,1780.6968,810.4198,1078.3868,2597.3229,622.8976,1577.7788,615.1663,1673.9924,967.6276,1294.4072,930.4077,1012.2568,973.1414
969.3670,983.3395,988.2561,977.6029,976.6839,1025.7225,1131.6120,1249.7830,1274.9808,1178.0142,1160.4921,932.6003,1130.6847,974.5215,1669.9854,847.9016,987.1999,1051.2940,1090.0138,1077.7156,864.0562,1098.6788,913.9527,1036.2254,1263.9272,745.6537,1123.6850,861.4868,1172.9292,944.0477,1026.4002,913.0744,992.9301,966.9588,978.3432
972.9305,978.0838,980.0610,976.3712,986.8760,997.6057,1052.3250,1095.8308,1100.9099,1082.3136,1053.4301,966.6375,1033.6630,991.3256,1198.0584,935.4811,982.8241,1007.9615,1020.0061,1018.0918,936.8996,1020.4712,955.5496,997.2324,1087.0878,886.1569,1027.3153,932.2829,1044.4235,966.0426,994.5280,952.2443,981.6201,972.1033,976.2806
976.3801,973.0551,972.2117,977.6856,1037.0441,989.2968,1857.0545,1947.9576,1298.5473,2249.4798,1564.9695,1111.0815,996.8311,1699.5081,1435.1764,1305.0813,1044.3068,1021.9921,1174.1191,1242.0380,1014.1081,1017.1339,1102.2628,964.6069,1204.0116,1067.7618,946.7191,1025.8367,970.9074,1112.0555,1007.5520,1009.6085,974.2216,979.7562,976.7184
975.5146,974.3464,974.3336,979.1952,1060.6306,1006.0407,2315.1908,2517.8481,1512.9340,2966.3121,1877.4690,1151.7736,1038.5090,2007.2323,1804.1407,1384.4642,1071.4436,1058.3565,1279.3092,1375.4466,998.0516,1060.9759,1129.0076,975.0704,1374.5536,1034.1194,969.3044,1013.9058,1013.0175,1153.3157,1031.7259,1006.1827,978.2087,979.5077,978.1331
