777.8986,776.1562,773.6963,783.5289,775.2335,790.3249,772.2003,768.5625,792.6039,805.9147,741.9940,787.7475,794.5980,755.6657,790.7516,749.0716,790.0530,787.8820,763.0099,769.0260,792.2598,778.2156,771.9290,775.4139,783.1347,774.5520,776.0582,777.6106,774.7227,779.5854,779.4492,776.7841,783.2049,774.6951,770.7293,776.1531
771.7630,782.1460,798.1621,745.5860,811.5581,859.7845,1503.1334,2912.4810,1565.1639,1688.9476,2641.4488,767.4754,1223.9189,1551.8356,847.1346,1020.0724,837.5494,724.0001,976.0211,879.7415,750.4048,927.1197,822.2249,786.9759,779.4615,1074.5813,851.7254,926.2339,883.4931,788.1760,763.8412,804.4045,809.1886,923.5750,867.7391,803.7904
784.9994,769.9559,751.3828,851.1026,817.6574,1385.6371,2748.3242,6456.6850,3963.4129,5726.5831,2548.3952,1015.9379,2695.2408,1599.0221,1278.7702,628.0691,1304.1403,898.2585,834.7758,813.9349,1066.6905,1116.4649,760.1325,764.9424,913.9749,1380.9532,901.4583,1103.2544,942.2574,855.6337,801.6597,827.6296,983.4303,1006.5211,816.8779,812.2788
774.5150,779.6215,788.4077,768.0732,813.2967,921.1593,1616.7558,4937.7000,2092.9543,2971.7925,3230.6619,819.8771,1631.2417,1696.3086,978.5122,940.7479,948.2647,759.3319,964.9301,867.8230,829.7679,1007.6034,814.9295,783.2814,817.6818,1153.4455,884.8043,1002.8153,922.0527,807.8522,771.7905,816.4481,861.4172,988.7256,871.7903,811.6111
779.9847,774.6139,769.5361,812.2099,815.4768,1240.4026,3001.3811,13018.3969,5463.0784,8908.7115,6024.8205,973.5673,3522.3320,2597.0551,1392.0614,813.5213,1291.6982,838.2501,1012.1701,881.6426,1035.3303,1299.9779,800.6162,772.9212,914.3544,1658.4374,988.3954,1279.7700,1054.6392,865.9731,786.8202,855.0870,1021.6968,1190.4225,908.5067,839.7640
777.2914,777.0312,778.4958,788.8912,808.0396,1046.7482,2326.0246,9079.1223,3637.3346,5603.2798,4734.0622,897.1122,2531.7712,2201.8984,1181.6022,875.2733,1126.8390,798.4206,986.9000,873.1260,927.8826,1161.0386,807.2745,777.6261,863.6120,1416.8118,939.9913,1151.6994,996.9307,838.6895,778.9438,837.9251,942.9578,1096.2506,894.2807,827.4871
776.4079,777.8283,781.4147,781.1892,811.6306,1022.5703,2010.8825,4897.5712,2594.0616,3275.7438,3300.5792,858.6741,1873.0052,1785.3168,1037.0122,873.0611,1009.3304,783.2708,953.7349,864.8409,869.4617,1044.4070,803.4284,779.2708,835.2203,1258.0417,891.5517,1035.8771,931.3502,819.0249,776.7650,820.0101,889.5274,997.8811,865.3873,813.3228
772.4243,781.3638,794.3945,745.5662,790.3923,738.5849,924.1366,1152.0539,843.0734,822.2367,1227.3695,734.4007,789.1249,1005.1210,738.5328,948.3699,741.2286,725.2678,872.7392,829.1556,714.5346,800.8028,806.6472,785.5334,753.5203,840.4716,795.4909,803.3649,807.3214,769.0939,764.8038,783.3916,759.0804,814.5109,820.3118,785.7249
775.2730,778.6882,783.9174,766.5517,787.8870,803.1422,1026.1489,1437.3129,1050.0436,1121.3555,1273.3620,776.7010,947.9146,1017.4346,808.1661,852.5204,806.9092,759.4808,840.8338,810.8042,770.5517,832.7008,792.2756,780.2235,779.0371,880.3004,804.6220,832.8898,816.6921,782.0650,772.6118,787.4801,790.8684,830.1491,808.7662,786.9916
778.3239,775.8160,772.6013,788.5460,781.4151,844.2781,973.1527,1302.6857,1068.2740,1198.4616,1023.6076,810.9865,986.7883,896.0917,848.1812,750.6642,847.3581,795.8112,785.1063,780.6948,819.6042,827.8184,774.2912,775.0498,798.0365,855.4757,797.3789,826.1935,803.4710,789.3942,780.9363,785.2566,808.2988,814.1175,783.8737,782.8199
780.7051,773.5362,763.5249,804.3201,769.9114,836.8924,778.5199,805.8887,880.1688,957.9089,677.6908,824.4328,878.5313,711.6531,842.7346,670.1057,838.7219,823.1246,724.4488,746.2662,844.5394,788.9350,756.8986,770.4884,804.0937,777.5370,776.2062,786.3356,771.8119,788.9059,787.1218,777.3210,806.0231,773.2846,753.7623,774.5267
775.1937,778.7100,783.7504,764.2516,781.4943,755.5949,802.8172,834.5529,765.4226,747.3464,879.1469,757.3235,755.9323,834.6240,754.0233,837.9394,755.4872,755.7936,808.6593,794.8156,748.8682,778.5278,787.8099,780.2873,765.8827,788.5678,780.7347,779.6511,784.0530,772.5210,772.1431,778.1475,766.4472,785.0680,791.1343,779.2873
777.7126,776.3765,774.7685,783.6646,780.3589,825.6576,953.2664,1340.5028,1068.0200,1206.0334,1087.1685,802.9440,985.7626,922.2042,842.9713,770.3311,836.7667,788.3244,795.8602,785.0750,810.2603,830.7916,777.7044,775.8415,794.3008,858.8047,799.8788,829.3583,806.9914,788.1460,779.1109,785.9736,805.6817,819.7102,789.4991,783.9365
778.3389,775.8190,772.6973,789.3573,783.6800,854.0638,979.2659,1420.9008,1130.5272,1318.5610,1119.4305,814.7326,1035.2592,930.8988,864.2718,754.1628,855.1501,796.7480,793.8863,784.0091,827.1188,841.1380,775.5730,774.9386,802.3641,871.5666,803.6132,838.3313,810.3468,791.5537,781.1042,787.3240,814.8270,826.6413,787.9495,784.5662
771.7013,782.0653,797.2685,741.0809,793.9534,736.8771,973.2988,1307.6232,872.7235,861.5167,1354.5251,729.6348,805.0866,1062.8966,736.6707,980.5124,740.6899,717.5982,891.6465,839.4201,706.8740,808.8005,811.8351,786.6593,751.0168,857.9055,800.4249,812.1073,815.3634,768.6365,762.9576,785.2645,758.1453,824.5563,829.0309,787.8065
781.2910,772.9904,761.4071,808.7299,769.0689,844.4704,760.4198,752.3458,862.1717,937.3906,631.1076,830.2491,870.3293,684.4800,846.4912,653.0773,843.0204,830.3462,713.5457,740.3449,853.2683,784.3474,753.3185,769.4957,807.1445,767.8739,773.2267,781.4054,767.1393,789.6724,788.7690,776.2431,807.7551,767.3765,748.0661,773.1953
778.7465,775.3922,770.8555,790.7330,776.7541,829.4027,889.4187,1120.8443,990.4248,1101.7512,911.0585,809.8163,939.9691,837.5563,840.1698,733.4904,836.4876,800.0876,768.9500,771.0076,820.8288,813.6724,770.2667,773.9828,797.0816,826.9611,790.5008,812.0597,793.4350,788.0229,781.8825,782.6064,804.6476,801.2293,776.1837,780.3391
772.9224,780.9364,792.9244,750.5944,795.7046,785.7039,1117.9313,1679.5310,1087.1306,1128.7867,1595.1120,754.8380,951.4774,1158.8404,787.4311,944.2533,786.4113,733.0915,894.0633,839.1515,738.5195,845.9509,807.6194,784.5120,767.2481,917.6781,814.4690,847.1645,832.6524,778.0462,766.3926,790.7776,781.7982,850.6159,831.6716,791.5324
779.7734,774.4193,767.0003,797.9747,774.2204,831.9683,802.7085,834.2718,873.4607,935.3150,720.6586,814.5763,865.4174,738.3134,829.6546,696.6319,828.0756,811.6371,740.5155,756.2740,829.2899,789.5979,762.4665,772.1838,798.6918,784.8195,778.0433,787.4964,775.3283,786.5961,784.7258,777.8899,800.4777,777.2467,760.6865,775.6598
771.9993,781.8811,797.0182,746.2239,802.9423,817.8013,1475.9707,3618.2027,1625.4036,1960.5273,2802.2048,770.9942,1295.4808,1593.7872,867.5280,1016.9759,855.5218,726.8160,968.9027,872.4861,757.7454,942.4380,821.8627,786.2601,781.7244,1076.4580,859.3956,943.7499,895.5339,791.1721,764.0395,807.5846,816.1486,939.2379,872.2827,806.2652
774.4130,779.5039,787.1539,760.4894,789.6342,790.9786,1045.0250,1534.1861,1051.5299,1118.6778,1365.4578,767.7190,942.9566,1059.6123,798.6282,884.5410,798.4556,749.5793,857.5090,819.8207,757.6700,835.4358,797.6722,781.7657,773.9380,889.0847,807.3798,836.4253,821.7065,780.2807,770.2807,788.4512,786.5030,835.9914,816.5109,788.4266
789.7250,765.2920,732.4015,876.5381,759.5860,1060.3161,963.2112,1453.9044,1614.5110,2365.2343,709.5081,974.7928,1485.2661,704.7517,1105.1895,479.4593,1075.7437,949.8380,639.9528,691.9807,1065.2404,879.9236,715.3994,755.1046,889.9316,870.5705,800.6401,868.2590,793.2805,829.0445,812.4125,788.1652,910.9085,813.2191,718.0273,776.9211
773.2922,780.5970,791.6466,753.4969,794.5399,799.8796,1218.5190,2269.0747,1287.1648,1446.7521,1912.3189,768.1184,1090.3870,1278.2333,827.7149,942.3383,820.9400,738.7441,906.0185,842.6689,756.4156,881.6351,808.3204,783.8119,776.6790,969.4858,829.9204,882.5234,853.4367,784.8556,767.2950,796.7364,799.1094,880.3346,841.0155,796.2442
771.5495,782.2039,797.8051,739.7726,793.2299,733.7119,973.9103,1296.2926,878.9767,858.7156,1380.7518,727.8621,806.6090,1074.0965,735.5679,986.6667,737.9890,715.8978,895.1836,840.7115,704.6321,810.0528,812.6039,786.8784,750.0479,861.2067,801.0815,813.2403,816.2378,768.3965,762.4699,785.4447,757.7104,825.9426,830.5748,788.1083
776.1786,777.8243,780.4529,772.7808,785.0644,803.1463,952.5424,1235.5885,967.6966,1035.5262,1077.6750,781.9725,902.4319,926.8815,804.6296,816.5025,805.7989,769.3845,814.4332,797.3870,779.2139,815.7128,785.7308,778.6652,781.2319,845.9841,795.7689,815.8710,803.8191,781.6371,775.0714,784.2773,789.1576,812.7478,796.2596,783.5989
780.1091,774.1276,765.9746,801.1195,775.2847,858.3418,914.8746,1178.5045,1060.2145,1218.7631,887.7419,829.6491,999.2475,823.3848,869.7823,695.7499,865.4430,817.5011,751.9543,761.3309,848.1556,822.3467,763.3181,771.6123,808.2493,834.9114,791.9520,819.6860,794.0093,793.1980,785.6712,783.4534,817.4527,803.0184,768.8879,780.0172
779.5193,774.6648,768.0061,796.2690,774.7061,838.7060,874.5477,1068.8102,994.3189,1110.7814,861.5102,818.4145,948.4067,810.7638,850.1563,709.9226,845.1938,809.5352,755.7857,763.4307,833.5157,812.3222,765.6320,772.6023,801.7832,821.0714,788.5093,810.0782,789.7614,789.8253,783.9636,781.9335,809.0484,796.9993,769.9582,779.2309
775.5355,778.4265,782.8275,767.9587,785.0300,794.7173,975.4421,1366.5393,1021.9166,1099.5564,1217.3871,776.9192,934.4206,988.4203,807.7397,841.7293,803.7863,762.1995,832.2319,805.4093,772.9159,827.8183,790.1334,779.7039,779.3427,867.1805,802.1787,827.8597,812.6978,781.8565,773.2015,786.4874,790.3713,825.4669,805.1501,786.0038
773.4186,780.4082,790.5583,752.2713,787.4635,744.7299,871.4090,1002.9891,806.6722,783.3869,1077.4466,742.0455,771.3561,934.1364,742.4477,906.3012,744.2310,736.0019,848.4592,816.3463,726.2269,790.9577,799.5810,783.5078,757.7138,818.7991,789.3142,792.9503,797.6635,770.0182,767.4472,781.1587,761.0320,802.3680,809.0585,783.1244
780.1636,774.0419,765.4892,800.3375,771.1287,829.3992,785.3546,821.3182,875.9147,945.9302,703.0779,818.0792,871.2660,726.9566,835.1859,685.2652,831.4703,816.3396,733.1095,751.2666,835.2644,789.3873,759.9638,771.4269,800.6074,780.9287,777.2937,787.1091,773.8603,787.5377,785.6434,777.6455,802.7449,775.6428,757.8178,775.2023
777.0834,776.9272,776.7405,777.7852,777.4415,782.9187,798.1471,835.4760,809.3255,821.9878,811.7654,780.0823,800.4234,794.0293,784.6287,776.2491,784.0184,778.3258,779.3172,778.0288,780.8700,783.3254,777.0913,776.8646,779.0371,786.7452,779.7049,783.1623,780.5585,778.3235,777.2490,778.0683,780.3774,782.0158,778.5007,777.8276
