0.1189,0.4589,0.6912,0.4422,0.8178,0.7993,0.8662,0.8184,0.5859,0.4677,0.6656,0.3422,0.7105,0.8640,0.5693,0.8577,0.6542,0.7035,0.7329,0.5059,0.6658,0.3906,0.5394,0.5560,0.5691,0.5756,0.4202,0.5744,0.5836,0.3625,0.8007,0.5847,0.4624,0.3793,0.5490,0.7234,0.5830,0.6427,0.5094,0.4468,0.3994
0.8938,0.6129,0.5815,-0.1018,0.3263,0.2732,0.3691,0.5499,0.3350,0.3010,0.4954,0.5513,0.6003,0.2729,0.7178,0.5098,0.5318,0.5105,0.4709,0.3213,0.3575,0.5703,0.4058,0.4160,0.5327,0.5780,0.3892,0.4350,0.3663,0.3984,0.1840,0.2336,0.3953,0.3931,0.6268,0.3550,0.5225,0.0635,0.3535,0.4645,0.4629
0.2138,0.3288,0.4123,0.2516,0.4108,0.3657,0.5106,0.3562,0.3695,0.5052,0.4260,0.3659,0.3881,0.3488,0.3343,0.3131,0.3628,0.2289,0.3511,0.3386,0.2192,0.2248,0.3456,0.2262,0.2436,0.1974,0.2625,0.2010,0.3622,0.2787,0.3783,0.2812,0.2469,0.3166,0.2194,0.2714,0.3194,0.3162,0.2677,0.2400,0.2455
0.3496,0.4251,0.4384,0.3083,0.4011,0.3445,0.5426,0.6611,0.4591,0.3743,0.4699,0.7464,0.4608,0.7430,0.6451,0.7582,0.6405,0.9009,0.4748,0.7245,0.8569,0.8293,0.4996,0.8813,0.8830,0.9111,0.8438,0.8976,0.6398,0.7545,0.5865,0.8127,0.8636,0.7808,0.8646,0.8872,0.8187,0.5555,0.8447,0.8580,0.8390
0.5079,0.4861,0.5877,0.2541,0.6442,0.5936,0.5984,0.5883,0.4503,0.5407,0.6969,0.6015,0.6309,0.7081,0.5839,0.7098,0.6106,0.5438,0.5696,0.6609,0.5792,0.5558,0.8764,0.5211,0.5082,0.5373,0.6221,0.5574,0.7556,0.7293,0.6482,0.6035,0.6385,0.7723,0.4279,0.5003,0.6350,0.6651,0.6243,0.6008,0.6361
0.5373,0.4045,0.2697,0.1317,0.2302,0.2290,0.4504,0.5883,0.2827,0.4608,0.3679,0.8068,0.4911,0.4641,0.6778,0.5157,0.6780,0.8360,0.3457,0.8990,0.8190,0.9377,0.5100,0.9200,0.9416,0.9020,0.9347,0.9113,0.8458,0.8856,0.6994,0.8992,0.9362,0.9559,0.8695,0.8804,0.9485,0.5787,0.9494,0.9583,0.9450
0.3311,0.3271,0.3855,0.3135,0.4596,0.4424,0.5959,0.6915,0.5129,0.5697,0.4518,0.6288,0.5523,0.5164,0.5905,0.5633,0.6798,0.7819,0.4646,0.8582,0.7341,0.7095,0.4434,0.7895,0.8160,0.7468,0.8386,0.7710,0.8034,0.7628,0.8684,0.8730,0.7997,0.7792,0.6605,0.8236,0.8264,0.6981,0.8331,0.7849,0.7662
0.4585,0.2905,0.3331,0.1941,0.3082,0.2435,0.3813,0.5523,0.2543,0.3411,0.4495,0.7630,0.3446,0.7738,0.5181,0.7964,0.4977,0.9388,0.4422,0.8315,0.9299,0.8700,0.6169,0.9448,0.9169,0.9671,0.9365,0.9626,0.6524,0.9179,0.5247,0.8751,0.9437,0.8201,0.8506,0.8605,0.7800,0.6786,0.9096,0.9257,0.9354
0.6732,0.4048,0.3430,0.0484,0.2122,0.2073,0.3572,0.3720,0.3636,0.3906,0.4210,0.7941,0.3973,0.4752,0.6217,0.5175,0.6676,0.7365,0.3138,0.8920,0.7384,0.9172,0.5837,0.8472,0.8638,0.8525,0.9137,0.8529,0.8559,0.9445,0.5725,0.8055,0.9048,0.9296,0.8031,0.7384,0.8670,0.5455,0.8914,0.9260,0.9402
0.4501,0.2235,0.1830,0.1827,0.1351,0.0723,0.3198,0.5037,0.2328,0.3915,0.2705,0.8340,0.2897,0.6542,0.5472,0.6972,0.5679,0.9312,0.3076,0.8998,0.9219,0.9306,0.5374,0.9718,0.9682,0.9805,0.9751,0.9908,0.7807,0.9385,0.6230,0.9323,0.9910,0.9273,0.8957,0.9175,0.8839,0.6726,0.9749,0.9845,0.9855
0.1337,0.1067,0.2409,0.4291,0.4108,0.4562,0.5109,0.4784,0.4572,0.4887,0.3994,0.5744,0.2925,0.6861,0.3550,0.5791,0.5378,0.7365,0.2894,0.8635,0.7749,0.5867,0.5495,0.7563,0.7241,0.6875,0.7894,0.7841,0.8127,0.8272,0.8509,0.8995,0.8059,0.7314,0.5486,0.8333,0.6989,0.9103,0.8336,0.7379,0.7492
0.5542,0.3497,0.4250,0.1582,0.3604,0.3059,0.3723,0.5234,0.2606,0.2886,0.5543,0.7345,0.3668,0.7419,0.4965,0.7871,0.3823,0.8645,0.4950,0.7888,0.8627,0.8236,0.6620,0.8731,0.8420,0.9161,0.8904,0.8999,0.6588,0.9164,0.4047,0.7859,0.8945,0.7957,0.7820,0.7411,0.6732,0.6564,0.8444,0.8743,0.9007
0.3466,0.3194,0.2602,0.2199,0.2453,0.2304,0.4465,0.5843,0.3808,0.3746,0.3468,0.7704,0.3931,0.6261,0.6278,0.6551,0.6285,0.8949,0.3765,0.8630,0.8876,0.8800,0.4494,0.9380,0.9385,0.9264,0.9107,0.9413,0.7729,0.8535,0.6783,0.9122,0.9326,0.8903,0.8786,0.9245,0.8946,0.6139,0.9426,0.9374,0.9262
0.2832,0.2891,0.3038,0.2707,0.3704,0.3961,0.5555,0.7010,0.3877,0.5566,0.3790,0.7471,0.4876,0.6148,0.6018,0.6182,0.6823,0.8789,0.4480,0.9202,0.8851,0.8266,0.5339,0.9308,0.9090,0.8631,0.9088,0.9132,0.8684,0.8526,0.8695,0.9726,0.9194,0.8688,0.7860,0.9427,0.9031,0.7382,0.9512,0.9072,0.8915
0.6764,0.4472,0.3063,-0.0088,0.2053,0.1864,0.4004,0.5142,0.3600,0.4295,0.4011,0.7821,0.5084,0.3355,0.7151,0.3954,0.7364,0.7516,0.2954,0.9016,0.7337,0.9462,0.5100,0.8741,0.9071,0.8534,0.9143,0.8544,0.8660,0.9014,0.6414,0.8280,0.9047,0.9484,0.8511,0.7818,0.9400,0.4989,0.9095,0.9447,0.9421
0.3292,0.2909,0.2589,0.2089,0.2490,0.2215,0.4594,0.6017,0.3877,0.3991,0.2362,0.7862,0.3962,0.6440,0.6235,0.6885,0.7166,0.9288,0.3818,0.9135,0.9205,0.9036,0.4773,0.9600,0.9642,0.9539,0.9269,0.9721,0.8562,0.8884,0.7265,0.9389,0.9559,0.9015,0.9150,0.9622,0.9127,0.6514,0.9716,0.9619,0.9507
