-11.1637,-3.1792,-0.1895,-1.1192,-3.0988,-0.3524,0.8730,-0.5284,0.5149,-0.1979,0.3623,-0.0896,0.1415,-0.1797,-0.0315,-0.0439,0.0564,0.0065,0.0295,0.0617,0.0305,0.0342,0.0432,0.0439,-0.0052,0.0042,-0.0026,0.0055,-0.0013,-0.0028,-0.0026,-0.0001,-0.0001,-0.0013,-0.0021,0.0046,-0.0007,0.0015,-0.0030,0.0054,-0.0022,-0.0036,0.0012,0.0018,0.0021,-0.0008,-0.0012,0.0012,-0.0005,-0.0022,0.0010,-0.0010,0.0012,0.0001,-0.0007,-0.0000
-11.1646,-3.1767,-0.1853,-1.1185,-3.0988,-0.3533,0.8737,-0.5266,0.5137,-0.1980,0.3625,-0.0895,0.1418,-0.1798,-0.0313,-0.0436,0.0561,0.0058,0.0298,0.0615,0.0308,0.0345,0.0432,0.0440,-0.0050,0.0043,-0.0028,0.0048,-0.0001,-0.0028,-0.0025,-0.0003,-0.0041,0.0041,0.0043,0.0011,-0.0003,0.0019,-0.0007,-0.0018,-0.0001,0.0024,0.0002,0.0056,-0.0003,0.0017,-0.0014,0.0020,0.0033,-0.0003,0.0006,-0.0008,-0.0008,0.0002,0.0002,-0.0000
-11.1620,-3.1837,-0.1974,-1.1206,-3.0988,-0.3505,0.8717,-0.5318,0.5173,-0.1978,0.3620,-0.0897,0.1410,-0.1796,-0.0319,-0.0443,0.0568,0.0079,0.0292,0.0619,0.0299,0.0338,0.0433,0.0439,-0.0053,0.0043,-0.0028,0.0052,-0.0006,-0.0029,-0.0022,0.0010,-0.0023,0.0012,0.0027,-0.0019,-0.0025,-0.0070,0.0040,-0.0002,0.0046,-0.0009,0.0020,-0.0018,0.0016,0.0000,-0.0015,0.0028,0.0003,-0.0003,0.0002,0.0003,0.0010,-0.0002,-0.0001,-0.0000
-11.1703,-3.1606,-0.1579,-1.1136,-3.0987,-0.3597,0.8782,-0.5145,0.5054,-0.1983,0.3637,-0.0893,0.1436,-0.1802,-0.0298,-0.0420,0.0546,0.0009,0.0309,0.0605,0.0327,0.0359,0.0429,0.0438,-0.0041,0.0048,-0.0026,0.0051,-0.0004,-0.0031,-0.0027,0.0001,0.0007,0.0022,0.0023,-0.0010,-0.0005,0.0032,0.0002,-0.0057,-0.0015,-0.0033,-0.0011,-0.0027,-0.0019,-0.0040,-0.0005,0.0003,-0.0001,-0.0012,0.0003,-0.0012,0.0010,0.0005,0.0007,-0.0000
-11.1656,-3.1737,-0.1802,-1.1176,-3.0988,-0.3545,0.8745,-0.5243,0.5121,-0.1981,0.3627,-0.0895,0.1421,-0.1798,-0.0310,-0.0433,0.0558,0.0048,0.0299,0.0613,0.0312,0.0347,0.0431,0.0439,-0.0048,0.0044,-0.0030,0.0052,-0.0006,-0.0026,-0.0029,0.0003,0.0015,0.0025,0.0017,-0.0070,0.0019,0.0040,0.0023,0.0021,0.0015,0.0004,-0.0012,0.0019,0.0044,-0.0023,0.0016,-0.0022,0.0006,0.0006,-0.0006,0.0001,0.0005,-0.0007,-0.0003,-0.0000
-11.1695,-3.1630,-0.1620,-1.1143,-3.0988,-0.3587,0.8776,-0.5163,0.5067,-0.1983,0.3635,-0.0893,0.1433,-0.1801,-0.0301,-0.0422,0.0548,0.0016,0.0308,0.0607,0.0324,0.0357,0.0429,0.0439,-0.0043,0.0047,-0.0028,0.0050,-0.0001,-0.0026,-0.0024,-0.0019,-0.0005,-0.0042,0.0006,-0.0006,0.0007,-0.0049,-0.0008,-0.0005,-0.0038,-0.0011,-0.0013,-0.0011,0.0022,0.0011,-0.0029,-0.0033,0.0017,-0.0006,-0.0008,-0.0007,-0.0007,-0.0010,0.0006,-0.0000
-11.1647,-3.1762,-0.1844,-1.1183,-3.0988,-0.3535,0.8738,-0.5262,0.5134,-0.1980,0.3626,-0.0895,0.1418,-0.1798,-0.0312,-0.0436,0.0561,0.0056,0.0298,0.0615,0.0308,0.0345,0.0432,0.0438,-0.0050,0.0044,-0.0026,0.0043,-0.0014,-0.0022,-0.0036,0.0005,-0.0000,-0.0030,-0.0013,0.0030,0.0020,-0.0005,-0.0018,-0.0020,0.0009,0.0014,-0.0028,0.0024,-0.0011,-0.0012,0.0007,0.0026,-0.0015,0.0003,-0.0036,0.0007,0.0006,-0.0015,0.0002,-0.0000
-11.1707,-3.1595,-0.1559,-1.1133,-3.0987,-0.3601,0.8786,-0.5136,0.5048,-0.1984,0.3638,-0.0892,0.1437,-0.1802,-0.0297,-0.0419,0.0545,0.0006,0.0311,0.0605,0.0328,0.0360,0.0429,0.0439,-0.0040,0.0046,-0.0024,0.0047,-0.0010,-0.0017,-0.0028,-0.0004,0.0007,0.0037,-0.0007,0.0014,-0.0017,-0.0018,-0.0040,0.0010,0.0040,0.0011,0.0028,-0.0013,-0.0009,-0.0002,0.0017,-0.0023,-0.0002,0.0005,-0.0031,-0.0020,-0.0006,0.0005,-0.0002,-0.0000
-11.1707,-3.1595,-0.1560,-1.1133,-3.0987,-0.3601,0.8785,-0.5137,0.5049,-0.1984,0.3638,-0.0893,0.1437,-0.1802,-0.0297,-0.0418,0.0545,0.0006,0.0310,0.0605,0.0328,0.0360,0.0429,0.0439,-0.0041,0.0049,-0.0024,0.0052,-0.0009,-0.0018,-0.0013,0.0001,-0.0016,0.0042,0.0024,0.0014,0.0029,-0.0020,-0.0036,0.0004,0.0019,-0.0002,-0.0025,-0.0012,0.0005,-0.0009,0.0013,-0.0003,-0.0025,-0.0024,0.0028,0.0012,-0.0015,-0.0003,0.0001,-0.0000
-11.1710,-3.1585,-0.1543,-1.1130,-3.0987,-0.3605,0.8788,-0.5129,0.5043,-0.1984,0.3639,-0.0892,0.1438,-0.1802,-0.0296,-0.0418,0.0544,0.0003,0.0311,0.0604,0.0329,0.0361,0.0428,0.0439,-0.0040,0.0047,-0.0021,0.0042,-0.0006,-0.0023,-0.0034,0.0011,-0.0018,-0.0063,-0.0020,-0.0060,0.0023,-0.0011,0.0014,-0.0014,-0.0013,0.0016,-0.0005,0.0013,0.0003,0.0008,0.0007,0.0013,-0.0024,-0.0016,-0.0005,-0.0009,-0.0007,0.0016,-0.0004,-0.0000
-11.1654,-3.1743,-0.1813,-1.1178,-3.0988,-0.3542,0.8743,-0.5248,0.5124,-0.1980,0.3627,-0.0895,0.1420,-0.1798,-0.0311,-0.0434,0.0559,0.0051,0.0299,0.0613,0.0311,0.0347,0.0431,0.0438,-0.0048,0.0046,-0.0025,0.0037,-0.0009,-0.0023,-0.0041,0.0007,-0.0029,-0.0026,-0.0025,-0.0019,-0.0005,0.0044,-0.0014,0.0050,0.0018,0.0006,0.0008,-0.0034,-0.0008,-0.0003,-0.0015,0.0013,0.0019,-0.0005,-0.0011,0.0015,-0.0006,0.0005,0.0009,-0.0000
-11.1703,-3.1603,-0.1574,-1.1135,-3.0987,-0.3597,0.8782,-0.5143,0.5052,-0.1983,0.3638,-0.0892,0.1436,-0.1802,-0.0298,-0.0420,0.0546,0.0008,0.0310,0.0604,0.0327,0.0359,0.0429,0.0438,-0.0042,0.0046,-0.0023,0.0049,-0.0005,-0.0017,-0.0026,0.0030,0.0012,-0.0000,0.0016,0.0040,0.0016,0.0023,0.0028,-0.0004,0.0012,0.0001,-0.0011,-0.0012,0.0004,0.0064,0.0022,-0.0016,-0.0005,-0.0012,-0.0000,0.0001,0.0013,0.0003,0.0005,-0.0000
-11.1646,-3.1757,-0.1839,-1.1182,-3.0987,-0.3534,0.8737,-0.5258,0.5132,-0.1981,0.3624,-0.0896,0.1419,-0.1796,-0.0312,-0.0434,0.0560,0.0054,0.0296,0.0615,0.0309,0.0344,0.0431,0.0439,-0.0050,0.0042,-0.0030,0.0046,-0.0005,-0.0022,-0.0038,0.0001,0.0004,0.0012,-0.0055,0.0038,0.0014,0.0013,0.0017,-0.0053,0.0005,-0.0013,0.0016,-0.0001,0.0009,-0.0005,-0.0019,-0.0016,0.0012,-0.0001,-0.0006,0.0019,-0.0005,0.0005,-0.0010,-0.0000
-11.1674,-3.1674,-0.1700,-1.1156,-3.0987,-0.3564,0.8757,-0.5195,0.5090,-0.1987,0.3624,-0.0897,0.1429,-0.1795,-0.0303,-0.0422,0.0552,0.0028,0.0297,0.0614,0.0318,0.0347,0.0430,0.0437,-0.0046,0.0048,-0.0029,0.0048,-0.0001,-0.0031,-0.0029,-0.0019,-0.0031,-0.0024,0.0012,0.0034,0.0012,0.0029,0.0058,0.0020,0.0004,-0.0005,0.0004,-0.0018,-0.0022,-0.0005,-0.0003,0.0002,-0.0012,0.0026,0.0011,-0.0014,-0.0013,-0.0009,-0.0004,-0.0000
-11.1644,-3.1701,-0.1763,-1.1172,-3.0979,-0.3539,0.8736,-0.5220,0.5101,-0.1978,0.3629,-0.0895,0.1423,-0.1801,-0.0309,-0.0425,0.0548,0.0042,0.0304,0.0613,0.0307,0.0345,0.0429,0.0430,-0.0050,0.0048,-0.0031,0.0043,-0.0009,-0.0017,0.0005,0.0015,-0.0029,0.0018,-0.0036,-0.0010,-0.0063,-0.0002,0.0020,-0.0000,-0.0031,0.0031,0.0036,0.0023,-0.0015,-0.0006,0.0008,-0.0019,-0.0022,-0.0011,0.0009,0.0007,0.0003,-0.0007,0.0005,-0.0000
-11.1179,-3.2773,-0.3659,-1.1506,-3.0939,-0.3057,0.8371,-0.6035,0.5642,-0.1950,0.3525,-0.0918,0.1294,-0.1754,-0.0397,-0.0535,0.0636,0.0374,0.0217,0.0671,0.0171,0.0238,0.0442,0.0412,-0.0120,0.0040,-0.0060,0.0039,-0.0016,-0.0018,-0.0009,-0.0017,-0.0006,0.0058,-0.0023,0.0001,-0.0017,-0.0031,0.0011,0.0027,-0.0052,0.0012,-0.0051,-0.0019,-0.0009,0.0001,0.0013,0.0010,0.0011,0.0019,-0.0005,0.0003,0.0003,0.0007,-0.0004,-0.0000
-11.1366,-2.5315,0.6988,-0.9784,-2.9700,-0.4150,0.8746,-0.1082,0.1575,-0.1763,0.3940,-0.0810,0.1805,-0.1612,0.0465,0.0151,-0.0359,-0.1289,0.0907,-0.0376,0.0796,0.0734,0.0155,-0.0128,0.0288,0.0093,0.0088,-0.0011,0.0057,0.0070,0.0124,0.0062,0.0030,0.0033,0.0010,0.0013,0.0042,-0.0005,0.0006,0.0003,-0.0037,-0.0013,0.0042,-0.0002,0.0027,-0.0001,0.0004,0.0018,-0.0013,0.0018,-0.0011,0.0002,-0.0006,0.0003,0.0007,-0.0000
-10.7381,-3.2819,-0.6699,-1.2444,-2.9536,-0.0056,0.5493,-0.6485,0.5422,-0.1803,0.2451,-0.1354,0.0978,-0.0840,-0.0028,-0.0064,-0.0024,0.0769,-0.0643,0.0086,0.0014,-0.0282,0.0329,-0.0360,-0.0137,0.0020,-0.0099,-0.0051,0.0225,0.0065,0.0152,-0.0189,0.0033,0.0008,-0.0017,0.0007,-0.0000,0.0001,0.0019,0.0007,0.0019,0.0000,-0.0010,0.0013,0.0001,-0.0001,-0.0010,-0.0000,-0.0007,-0.0008,-0.0003,-0.0001,-0.0000,0.0003,0.0004,-0.0000
-11.0534,-3.2967,-0.4565,-1.1632,-3.0763,-0.2470,0.7749,-0.6202,0.5754,-0.2107,0.3123,-0.1020,0.1276,-0.1491,-0.0383,-0.0255,0.0596,0.0441,-0.0137,0.0711,0.0177,-0.0029,0.0412,0.0292,-0.0123,0.0009,-0.0094,0.0025,0.0040,-0.0029,0.0345,0.0100,-0.0025,-0.0023,0.0000,-0.0009,-0.0014,0.0006,-0.0013,-0.0005,0.0013,-0.0001,-0.0016,-0.0004,-0.0011,0.0001,-0.0001,-0.0006,0.0010,-0.0002,0.0003,-0.0001,0.0002,-0.0002,-0.0004,-0.0000
-10.8984,-2.3789,0.2782,-0.6708,-3.0661,0.1252,0.0970,0.3247,0.3528,-1.1745,-1.1195,-0.5474,0.4204,0.7533,0.1607,1.0206,0.0272,-0.5877,-1.3434,0.6249,0.3854,-0.9028,-0.0034,-0.0842,0.0489,-0.0012,0.0077,0.0034,-0.0024,0.0008,-0.0015,0.0007,-0.0000,0.0000,-0.0000,-0.0000,0.0000,-0.0000,-0.0000,-0.0000,-0.0000,-0.0000,0.0000,-0.0000,-0.0000,-0.0000,0.0000,0.0000,0.0000,0.0000,0.0000,-0.0000,-0.0000,-0.0000,-0.0000,-0.0000
-4.4775,-1.3650,-3.4534,-2.2488,-1.2994,2.6833,-4.2428,1.5982,0.9852,-0.6724,-2.1104,-0.5773,0.1945,0.6938,-0.6776,0.5582,-0.6055,0.0579,-1.4934,-1.1934,-0.0225,0.5384,0.0024,0.0662,-0.0281,-0.0046,-0.0020,0.0007,0.0000,-0.0007,-0.0003,0.0003,-0.0001,0.0000,-0.0000,0.0000,0.0000,-0.0000,-0.0000,-0.0000,-0.0000,-0.0000,0.0000,-0.0000,0.0000,-0.0000,0.0000,-0.0000,0.0000,0.0000,0.0000,-0.0000,0.0000,-0.0000,0.0000,-0.0000
0.0100,3.8454,-3.7070,-1.4185,-1.2334,3.6572,-7.8829,4.8691,0.6142,-2.8772,-4.3202,-0.3479,2.4186,0.1468,-2.1216,-1.6833,-0.2626,-0.2698,0.5876,0.3614,-0.0301,-0.0995,0.0025,-0.0101,0.0037,-0.0005,0.0004,-0.0001,0.0001,0.0002,0.0001,-0.0001,0.0000,0.0000,-0.0000,0.0000,0.0000,0.0000,0.0000,0.0000,0.0000,0.0000,-0.0000,0.0000,0.0000,0.0000,-0.0000,0.0000,-0.0000,-0.0000,-0.0000,-0.0000,0.0000,0.0000,0.0000,-0.0000
20.5417,21.0179,3.5955,-9.8140,9.7312,10.7900,2.6256,2.1999,0.9566,1.4468,3.4198,0.0007,-0.7903,0.3472,-3.3738,1.2082,-0.8398,-0.0286,0.1338,0.3595,-0.1110,0.0139,-0.0253,-0.0018,-0.0020,-0.0002,-0.0000,0.0000,-0.0001,0.0000,-0.0000,-0.0000,0.0000,-0.0000,0.0000,-0.0000,0.0000,-0.0000,-0.0000,-0.0000,-0.0000,0.0000,0.0000,-0.0000,-0.0000,0.0000,0.0000,0.0000,0.0000,0.0000,0.0000,0.0000,0.0000,0.0000,-0.0000,-0.0000
40.4870,3.8027,-5.2212,-10.8125,2.0237,-3.4087,-9.8435,3.1665,-0.3109,2.4433,0.7436,0.1280,1.0838,-5.1042,0.6453,1.0004,0.1614,0.1894,-0.0509,0.0313,-0.0317,-0.0856,-0.0069,0.0006,-0.0011,-0.0001,-0.0003,-0.0000,0.0000,-0.0000,-0.0000,-0.0000,0.0000,-0.0000,0.0000,-0.0000,-0.0000,0.0000,-0.0000,0.0000,0.0000,0.0000,-0.0000,0.0000,-0.0000,0.0000,-0.0000,0.0000,-0.0000,-0.0000,0.0000,0.0000,-0.0000,-0.0000,-0.0000,-0.0000
58.3541,22.7859,1.9306,-21.0134,7.8509,2.8898,11.9742,-3.0925,1.5877,-1.2625,-4.6852,2.0627,0.1359,-1.4156,0.6996,0.1619,0.0770,-0.0532,0.1245,-0.1976,0.0172,-0.0185,0.0098,-0.0025,-0.0001,0.0001,-0.0002,0.0001,0.0001,-0.0000,-0.0000,0.0000,-0.0000,0.0000,-0.0000,-0.0000,-0.0000,0.0000,0.0000,0.0000,0.0000,-0.0000,-0.0000,0.0000,-0.0000,0.0000,-0.0000,-0.0000,-0.0000,-0.0000,-0.0000,0.0000,-0.0000,0.0000,-0.0000,-0.0000
77.3462,-3.3317,1.7066,-11.5658,-1.2970,-11.8981,-2.0138,-6.0349,-6.3693,-2.2426,0.1283,-3.3151,-1.1093,0.8739,-1.3953,0.0146,-0.2986,-0.0038,0.0454,0.0710,-0.0332,0.0397,0.0012,-0.0010,0.0001,-0.0007,0.0001,-0.0001,-0.0000,0.0000,-0.0000,0.0000,-0.0000,-0.0000,-0.0000,0.0000,0.0000,-0.0000,0.0000,-0.0000,-0.0000,-0.0000,0.0000,-0.0000,0.0000,-0.0000,0.0000,0.0000,0.0000,-0.0000,0.0000,-0.0000,-0.0000,-0.0000,0.0000,-0.0000
-12.0888,2.7238,9.2604,2.2258,0.5259,-2.8435,1.5011,3.0207,-2.1289,0.5753,-0.2611,0.3628,-0.0779,0.2743,0.3662,0.2261,0.1647,-1.2559,-0.0761,-0.0988,-1.5159,-0.1238,0.1440,-0.0004,0.0056,0.0005,0.0003,0.0003,-0.0002,-0.0001,-0.0000,0.0000,-0.0000,-0.0000,-0.0000,0.0000,-0.0000,0.0000,0.0000,-0.0000,0.0000,-0.0000,-0.0000,0.0000,0.0000,-0.0000,-0.0000,-0.0000,0.0000,-0.0000,0.0000,-0.0000,-0.0000,-0.0000,0.0000,-0.0000
-1.8874,-3.4219,-7.6836,-0.5891,-1.0599,2.6027,-6.0701,-1.4982,-1.3879,-0.2201,-2.1145,1.2832,0.6267,2.7380,0.2704,2.6063,1.3050,0.2476,0.7855,0.0423,0.0017,0.1292,-0.0060,0.0121,-0.0043,0.0015,-0.0016,0.0002,0.0005,0.0002,-0.0001,-0.0000,0.0001,-0.0000,0.0000,-0.0000,-0.0000,0.0000,-0.0000,0.0000,-0.0000,0.0000,0.0000,0.0000,-0.0000,0.0000,-0.0000,0.0000,-0.0000,0.0000,0.0000,0.0000,-0.0000,0.0000,-0.0000,-0.0000
-7.7050,22.7698,26.3138,19.0663,23.7150,-2.7840,-4.8012,-8.6480,5.3228,-0.4472,0.3954,-0.3674,1.7544,-0.0867,0.1513,0.0803,-0.1825,-0.3217,0.0127,-0.0090,-0.0113,0.0409,-0.0384,-0.0016,-0.0018,-0.0015,0.0002,-0.0002,-0.0000,-0.0000,0.0000,-0.0000,0.0000,0.0000,0.0000,-0.0000,-0.0000,-0.0000,-0.0000,0.0000,0.0000,0.0000,-0.0000,0.0000,-0.0000,0.0000,-0.0000,-0.0000,-0.0000,0.0000,0.0000,0.0000,0.0000,0.0000,-0.0000,-0.0000
25.4641,14.4405,-1.6618,-7.7311,3.6493,6.0236,-2.2294,-3.0300,-7.0863,1.2170,2.9837,3.3687,2.3419,1.0952,0.3241,-1.4748,0.8857,-0.1697,-0.5729,-0.1134,0.1167,0.0062,0.0009,0.0015,-0.0005,0.0007,0.0001,-0.0001,0.0001,0.0001,0.0000,0.0000,-0.0000,-0.0000,0.0000,0.0000,0.0000,-0.0000,-0.0000,-0.0000,-0.0000,-0.0000,0.0000,-0.0000,0.0000,-0.0000,0.0000,0.0000,0.0000,0.0000,0.0000,0.0000,0.0000,0.0000,0.0000,-0.0000
55.0346,16.1266,-3.8370,-18.4339,3.7401,-7.0303,-2.8532,6.4388,7.8058,-0.1357,2.2482,0.3119,-0.4176,2.9534,1.5085,-0.5911,0.1164,-0.0068,0.0146,0.0266,0.0392,0.0037,0.0044,0.0007,0.0010,0.0001,0.0002,-0.0001,0.0000,-0.0000,0.0000,-0.0000,0.0000,0.0000,-0.0000,-0.0000,0.0000,0.0000,0.0000,0.0000,0.0000,0.0000,-0.0000,0.0000,-0.0000,0.0000,-0.0000,-0.0000,-0.0000,-0.0000,-0.0000,-0.0000,0.0000,0.0000,0.0000,-0.0000
108.8908,-57.3931,20.4942,23.7635,-8.8834,5.7162,1.4474,1.5617,1.7571,0.3380,0.1665,0.6747,0.2759,0.0513,0.0967,-0.0268,0.0685,0.0309,-0.0155,-0.0121,-0.0039,-0.0035,-0.0062,-0.0004,0.0006,0.0003,-0.0000,0.0000,0.0000,0.0000,-0.0000,-0.0000,-0.0000,-0.0000,-0.0000,0.0000,0.0000,-0.0000,-0.0000,0.0000,-0.0000,-0.0000,0.0000,0.0000,-0.0000,-0.0000,0.0000,-0.0000,0.0000,0.0000,-0.0000,0.0000,0.0000,0.0000,0.0000,-0.0000
42.7441,65.1054,-26.3410,31.8546,-16.3976,-1.4377,2.4191,-0.1062,0.3143,1.6187,-0.2580,-0.5733,0.2200,0.0218,-0.1059,0.0365,-0.0551,-0.0128,0.0023,-0.0277,-0.0023,-0.0091,-0.0036,-0.0010,-0.0009,0.0003,0.0000,-0.0000,-0.0000,-0.0000,-0.0000,0.0000,0.0000,0.0000,-0.0000,0.0000,0.0000,-0.0000,0.0000,0.0000,0.0000,0.0000,0.0000,-0.0000,0.0000,0.0000,-0.0000,0.0000,0.0000,-0.0000,-0.0000,-0.0000,-0.0000,-0.0000,0.0000,-0.0000
-10.0872,8.7643,14.1978,5.2694,6.6002,-2.0646,0.1307,3.1733,-1.8047,1.0683,-0.0450,0.0198,-0.9915,0.2524,-0.8295,-0.2096,0.2707,0.6187,0.5380,-1.2773,0.2870,-0.7455,0.2554,0.0807,0.0180,0.0100,0.0013,-0.0001,0.0010,-0.0006,-0.0001,0.0001,-0.0000,0.0000,0.0000,0.0000,-0.0000,0.0000,-0.0000,-0.0000,-0.0000,-0.0000,-0.0000,-0.0000,0.0000,0.0000,0.0000,-0.0000,-0.0000,-0.0000,-0.0000,0.0000,-0.0000,-0.0000,-0.0000,-0.0000
0.4614,12.4256,10.1835,-1.7713,8.7367,9.2227,1.1922,2.6196,-1.4338,2.1022,-0.9827,-6.0762,-0.7633,-0.0064,1.2528,-0.5389,1.2777,0.0705,-0.1271,0.2007,0.0618,0.1750,-0.0203,-0.0169,0.0037,0.0001,0.0007,-0.0003,-0.0001,0.0000,0.0000,0.0000,-0.0000,0.0000,-0.0000,0.0000,0.0000,-0.0000,0.0000,-0.0000,0.0000,-0.0000,-0.0000,-0.0000,0.0000,-0.0000,0.0000,0.0000,0.0000,-0.0000,0.0000,-0.0000,0.0000,-0.0000,0.0000,-0.0000
1.9352,-28.8604,-35.2800,13.4997,27.9429,-3.0297,6.1034,3.8233,-1.9212,-2.2758,1.0509,-0.8379,1.8812,-0.0419,0.2439,0.2544,-0.1017,0.3724,-0.0291,-0.0303,-0.0705,0.0016,-0.0244,0.0050,0.0028,0.0012,0.0005,0.0002,0.0001,-0.0000,0.0000,-0.0000,-0.0000,-0.0000,-0.0000,0.0000,0.0000,-0.0000,-0.0000,-0.0000,-0.0000,0.0000,0.0000,-0.0000,0.0000,-0.0000,0.0000,-0.0000,0.0000,-0.0000,-0.0000,0.0000,0.0000,0.0000,0.0000,-0.0000
0.3087,20.4544,4.9154,9.8324,3.6289,5.3753,-4.3444,1.9310,-2.0858,-7.3505,1.1818,1.6013,-3.5425,-1.1169,1.2080,-0.0244,0.0383,0.2454,-0.0709,0.1834,-0.0298,0.0791,0.0341,0.0025,0.0110,-0.0030,-0.0001,0.0001,0.0001,0.0001,0.0000,-0.0000,-0.0000,-0.0000,0.0000,-0.0000,-0.0000,0.0000,-0.0000,-0.0000,-0.0000,-0.0000,-0.0000,-0.0000,-0.0000,-0.0000,0.0000,-0.0000,0.0000,0.0000,0.0000,0.0000,0.0000,0.0000,-0.0000,-0.0000
0.3879,-0.2764,-1.0718,-3.1337,0.3343,5.9327,-2.9041,-1.3788,-3.3828,1.9781,-0.8493,-0.6045,0.4662,1.2556,2.7670,0.1076,-2.2666,0.3786,0.3708,0.1951,-0.0614,-0.1620,0.0829,0.0950,-0.0094,0.0022,0.0026,-0.0011,-0.0010,-0.0003,0.0002,-0.0001,0.0001,-0.0000,0.0000,-0.0000,-0.0000,0.0000,-0.0000,0.0000,-0.0000,0.0000,0.0000,-0.0000,-0.0000,0.0000,-0.0000,0.0000,-0.0000,0.0000,0.0000,0.0000,-0.0000,0.0000,-0.0000,-0.0000
-12.3621,4.6300,12.1341,4.1399,2.6280,-4.1610,1.2910,3.5273,-2.4119,0.8554,-0.7899,0.9204,-0.5560,0.1792,0.0239,0.0488,-0.0980,-0.1662,-0.0154,0.1342,0.1815,-0.0314,-0.4008,-0.0020,-0.2478,0.0953,0.0043,0.0051,0.0017,0.0051,-0.0008,0.0012,0.0003,0.0000,-0.0002,0.0000,0.0000,-0.0000,0.0001,0.0000,0.0001,-0.0000,-0.0001,0.0001,0.0000,-0.0001,-0.0001,0.0000,0.0000,-0.0000,0.0000,-0.0001,-0.0000,-0.0000,0.0000,-0.0000
2.2312,-18.3585,-19.6654,3.8015,10.3043,0.4736,-3.1088,-2.0065,0.5135,2.9511,-1.2289,1.0804,-2.9429,-0.0996,-0.2276,-0.4637,-0.0213,-1.3548,0.1121,0.0918,0.4305,0.1071,0.3439,-0.0840,-0.0956,-0.0397,0.0080,-0.0035,0.0013,-0.0007,-0.0006,0.0005,-0.0000,0.0000,-0.0000,0.0000,-0.0000,-0.0000,-0.0000,0.0000,-0.0000,-0.0000,-0.0000,-0.0000,0.0000,-0.0000,0.0000,-0.0000,0.0000,-0.0000,0.0000,-0.0000,-0.0000,-0.0000,-0.0000,-0.0000
-13.4102,6.4770,17.1148,7.1309,6.4710,-7.5612,1.2498,3.6505,-2.2964,2.8273,-2.1825,2.0728,-0.5993,0.4787,-0.5545,-0.1186,-0.0874,1.2466,-0.4986,0.7924,0.0303,0.3814,0.2468,-0.0778,0.0847,0.0048,-0.0051,-0.0038,0.0005,-0.0012,-0.0004,0.0003,0.0001,0.0000,0.0000,-0.0000,-0.0000,-0.0000,-0.0000,0.0000,-0.0000,0.0000,-0.0000,0.0000,-0.0000,0.0000,-0.0000,-0.0000,-0.0000,0.0000,0.0000,0.0000,-0.0000,-0.0000,-0.0000,-0.0000
-1.4144,-14.0232,-15.7497,1.0814,5.9390,1.0003,-3.1080,-3.0714,1.3254,2.4627,-1.2794,0.9301,-2.5810,0.0641,-0.3893,-0.7017,0.1335,0.0165,-0.0781,-0.0117,-0.2349,-0.1400,-0.4098,0.1266,0.1672,0.0739,-0.0218,0.0068,-0.0044,0.0017,0.0014,-0.0011,0.0002,-0.0001,0.0001,-0.0000,0.0000,0.0000,0.0000,0.0000,0.0000,0.0001,0.0001,0.0000,-0.0000,0.0000,-0.0000,0.0000,-0.0000,0.0000,-0.0000,0.0000,0.0000,0.0000,0.0000,-0.0000
-12.3831,3.1467,10.2209,2.8119,1.0217,-3.5544,1.6286,3.2296,-2.2392,0.8051,-0.3365,0.6645,-0.2462,0.0684,0.0819,0.0955,-0.1180,-0.4588,0.1878,-0.0346,0.2558,0.0655,-0.3885,0.1039,0.0318,-0.1661,0.0030,0.0148,-0.0087,0.0005,0.0036,-0.0037,-0.0011,-0.0001,0.0001,-0.0000,0.0003,0.0001,-0.0001,-0.0002,-0.0002,-0.0000,0.0003,-0.0002,0.0001,0.0001,0.0004,0.0001,0.0001,-0.0000,-0.0001,0.0001,0.0001,0.0000,-0.0000,-0.0000
-10.3841,-2.3130,0.3142,-1.1444,-2.6990,0.1088,0.3470,-0.1675,-0.0067,-0.1133,0.4102,-0.0548,0.1342,-0.0779,0.1037,0.0063,-0.1350,-0.0075,0.1896,-0.2635,0.0347,0.0893,-0.0167,-0.1838,0.0310,0.0271,0.0287,-0.0171,-0.0437,0.0108,0.0063,-0.0032,-0.0048,0.0007,-0.0021,0.0010,0.0009,-0.0001,0.0012,0.0000,0.0011,-0.0001,-0.0010,0.0004,0.0007,-0.0005,-0.0003,-0.0004,-0.0000,-0.0004,-0.0002,-0.0004,0.0001,0.0002,0.0002,-0.0000
-8.0661,-6.1020,-5.8408,-1.7214,-1.4240,1.2253,-1.1193,-2.4665,1.2904,0.6038,-0.1669,0.1827,-0.6348,0.0664,-0.1511,-0.3878,0.0472,0.8789,-0.0242,-0.1204,-0.3850,-0.1282,-0.1700,-0.1548,-0.0189,-0.0316,0.0800,0.0086,0.0208,-0.0096,-0.0023,0.0013,-0.0046,0.0005,-0.0017,-0.0001,0.0017,-0.0006,-0.0002,0.0000,0.0001,-0.0003,0.0001,0.0001,-0.0002,-0.0002,0.0005,-0.0004,0.0003,0.0002,0.0002,-0.0001,0.0003,-0.0000,0.0001,-0.0000
-11.6570,-1.0707,3.2579,-0.2934,-2.5649,-1.1648,1.2977,0.9956,-0.5894,-0.0982,0.4028,0.0147,0.2177,-0.1785,0.1251,0.1038,-0.1138,-0.4820,0.1852,-0.0960,0.2094,0.1532,-0.0803,0.0387,0.0897,-0.0053,0.0275,-0.0194,0.0160,0.0168,-0.0077,0.0097,0.0039,0.0007,-0.0008,0.0005,-0.0005,-0.0004,0.0010,0.0015,0.0019,0.0015,-0.0026,0.0012,-0.0012,-0.0008,-0.0033,-0.0011,-0.0007,0.0001,0.0004,-0.0003,0.0002,0.0003,0.0000,-0.0000
-10.7539,-3.3074,-0.6909,-1.2588,-2.9572,-0.0452,0.5833,-0.6929,0.5434,-0.1340,0.3401,-0.0926,0.0880,-0.1399,-0.0196,-0.0724,0.0138,0.1135,0.0411,-0.0291,-0.0156,0.0264,0.0320,-0.0338,-0.0078,0.0040,0.0050,0.0039,-0.0054,0.0064,-0.0002,-0.0041,0.0026,0.0026,-0.0001,-0.0052,0.0030,0.0017,-0.0036,-0.0009,-0.0013,0.0026,0.0020,-0.0025,-0.0021,0.0030,-0.0028,0.0007,-0.0008,0.0004,0.0008,-0.0001,0.0008,-0.0009,-0.0006,-0.0000
-11.2777,-2.2371,1.2394,-0.8513,-2.9365,-0.5724,0.9830,0.1296,0.0116,-0.1819,0.3927,-0.0774,0.2042,-0.1649,0.0680,0.0386,-0.0545,-0.2207,0.0986,-0.0362,0.1140,0.0880,0.0020,0.0016,0.0357,0.0162,0.0103,-0.0080,0.0087,0.0100,-0.0044,-0.0033,-0.0050,-0.0017,0.0011,-0.0022,-0.0056,0.0017,-0.0035,-0.0022,0.0002,-0.0047,-0.0009,0.0003,0.0016,0.0024,0.0011,0.0003,-0.0012,0.0028,0.0002,0.0005,-0.0003,-0.0000,-0.0001,-0.0000
-9.4174,-5.7638,-4.8386,-1.5898,-2.0910,0.7559,-0.3116,-2.2753,1.5293,0.2032,-0.0980,0.0043,-0.4216,0.0178,-0.2219,-0.3148,0.2030,0.7952,-0.1868,0.1009,-0.3282,-0.2480,-0.0956,0.0089,-0.0934,-0.0713,-0.0494,-0.0460,0.0039,0.0121,-0.0048,0.0032,-0.0027,0.0004,-0.0007,0.0002,0.0007,0.0001,0.0000,-0.0004,-0.0004,0.0001,0.0005,-0.0007,0.0006,-0.0001,0.0006,0.0002,0.0003,-0.0004,-0.0000,-0.0003,-0.0000,-0.0002,-0.0000,-0.0000
-9.6209,-1.0907,1.4392,-1.0779,-2.1078,0.6342,0.0318,0.3037,-0.7533,0.0425,0.4346,-0.1704,0.1656,0.0762,0.4045,0.0253,-0.4202,-0.1013,0.3096,-0.4429,0.0621,0.0437,-0.1036,-0.3784,0.0439,-0.0055,-0.0648,0.0253,0.0098,0.0008,-0.0051,0.0037,-0.0008,0.0002,-0.0006,0.0000,-0.0002,-0.0000,0.0002,0.0000,0.0002,-0.0001,-0.0004,0.0000,-0.0000,-0.0001,-0.0001,-0.0001,0.0001,-0.0002,-0.0000,-0.0001,-0.0001,-0.0000,0.0000,-0.0000
-11.4280,-0.1895,4.1493,0.0470,-2.1019,-1.1082,1.0925,1.4256,-1.0011,-0.1720,0.2936,0.0420,0.1704,-0.0662,0.2128,0.1723,-0.1780,-0.5549,0.1790,-0.1640,0.2320,0.0752,-0.1733,-0.0721,0.0493,0.0241,-0.0025,-0.0436,0.0033,-0.0335,0.0005,-0.0019,0.0011,0.0001,0.0015,-0.0002,-0.0000,0.0002,-0.0005,0.0000,-0.0007,0.0006,0.0006,-0.0004,-0.0001,0.0003,-0.0001,0.0001,-0.0002,-0.0001,-0.0002,0.0002,0.0001,-0.0000,-0.0001,-0.0000
-9.4841,-4.9812,-3.7741,-1.6366,-2.3281,0.7208,-0.2845,-1.8603,1.1730,0.1749,0.0879,0.0067,-0.2768,-0.0378,-0.1437,-0.2758,0.0894,0.6453,-0.0345,-0.0518,-0.2519,-0.0931,-0.0525,-0.0911,-0.0469,-0.0313,0.0187,0.0047,-0.0142,-0.0026,0.0006,0.0014,0.0103,-0.0012,0.0045,0.0008,-0.0058,0.0016,0.0007,0.0001,-0.0006,0.0003,-0.0009,-0.0003,0.0008,0.0004,-0.0009,0.0007,-0.0008,-0.0007,-0.0009,0.0004,-0.0010,0.0001,-0.0002,-0.0000
-10.9491,-2.8077,0.1630,-1.1050,-2.9611,-0.2293,0.7343,-0.3244,0.2942,-0.1612,0.3630,-0.1016,0.1504,-0.1429,0.0337,-0.0167,-0.0324,-0.0385,0.0645,-0.0411,0.0439,0.0496,0.0237,-0.0324,0.0101,0.0124,0.0050,-0.0024,0.0025,0.0115,-0.0013,-0.0033,-0.0018,-0.0035,0.0085,0.0007,0.0016,-0.0015,-0.0000,0.0018,-0.0020,-0.0002,0.0020,0.0007,-0.0032,-0.0017,0.0014,-0.0017,0.0009,-0.0005,-0.0008,0.0014,0.0006,0.0005,-0.0005,-0.0000
-11.2427,-2.2426,1.1897,-0.8655,-2.9304,-0.5510,0.9577,0.1100,0.0147,-0.1770,0.4125,-0.0640,0.1981,-0.1712,0.0601,0.0301,-0.0515,-0.2030,0.1193,-0.0600,0.1090,0.1004,0.0023,-0.0055,0.0408,0.0134,0.0153,-0.0058,0.0011,0.0066,-0.0023,0.0003,0.0067,-0.0010,-0.0041,-0.0022,0.0000,-0.0013,0.0008,-0.0004,0.0002,-0.0026,0.0010,0.0002,-0.0020,0.0006,0.0040,0.0015,0.0031,-0.0017,0.0010,-0.0003,-0.0007,-0.0009,-0.0001,-0.0000
-10.6066,-4.1538,-1.9745,-1.3968,-2.9144,0.1127,0.4636,-1.2666,0.9691,-0.1072,0.2541,-0.0812,-0.0216,-0.1299,-0.1140,-0.1587,0.1272,0.3368,-0.0324,0.0751,-0.1055,-0.0575,0.0279,0.0167,-0.0504,-0.0189,-0.0189,0.0036,-0.0138,-0.0098,-0.0016,0.0009,0.0048,-0.0014,-0.0016,-0.0013,0.0020,-0.0024,-0.0014,0.0010,0.0019,-0.0029,0.0002,0.0035,-0.0024,0.0000,-0.0006,-0.0011,-0.0003,0.0034,0.0019,0.0004,0.0004,0.0006,0.0005,-0.0000
-11.0445,-2.9215,0.0774,-1.0999,-3.0160,-0.2918,0.7966,-0.3836,0.3615,-0.1760,0.3696,-0.0915,0.1501,-0.1591,0.0108,-0.0248,0.0006,-0.0289,0.0592,-0.0051,0.0427,0.0491,0.0301,-0.0041,0.0077,0.0088,0.0035,0.0019,0.0017,0.0027,-0.0012,-0.0022,0.0023,-0.0051,-0.0002,0.0035,-0.0007,-0.0002,-0.0023,-0.0020,0.0003,0.0060,0.0006,-0.0018,0.0030,-0.0020,0.0016,0.0004,0.0013,0.0019,0.0027,-0.0003,0.0006,0.0003,0.0001,-0.0000
