826.0001,825.9951,826.1451,827.2194,830.9517,938.6960,1369.3950,1316.5506,954.0292,1006.2814,1083.5185,1004.9069,874.8922,1005.9881,1067.4964,1073.8809,1254.6353,1438.8692,1519.6549,1190.1953,967.8631,882.4300,893.0697,977.5900,939.7141,1112.7635,1127.1397,895.1369,860.5856,832.7688,831.2324,846.4221,828.2819,850.7538,843.8710,838.1121,830.3634,825.2816,831.0140,834.2071,838.3250,826.9384,825.5846,828.6589,826.4067
825.9979,826.3797,823.8981,832.6430,829.3603,15198.5111,20643772.0240,19479784.4899,647858.2130,319572.1049,761.1042,7854487.3727,3136.3266,61426.6849,1353452.3733,66465.3078,6362971.8007,156002835.1418,16766824.1582,573559.5473,57330.5381,12434.7100,5600.1863,103155.3441,57811.1287,634579.0581,730120.5068,11278.2028,5706.7991,1553.3931,2582.3110,1484.7756,1559.7799,2980.7227,2172.5093,985.0876,719.5139,1157.8270,913.8363,2001.1736,1426.1427,931.4037,975.9773,799.6630,826.2893
826.0048,825.8245,829.1699,872.2204,1892.6070,1622713973.5678,7455977375722358.0000,1097558626.8055,7318882016.1056,1159617.9328,10781054.3960,32942408.5225,66295.3899,187029708.5514,1651491.5724,330768819.9652,135099741.8105,8586424803.5046,6395806763.1266,143615225.7592,2085623.5846,162646.3621,97132.8984,5110061.0421,247186.1341,139793026.7913,103846449.1255,185343.9254,26393.1432,2073.3414,3702.5083,4950.6929,1867.9775,8177.4743,7550.7845,2349.7164,1093.8568,1067.0876,1547.0994,2681.9367,3481.0307,1015.5298,938.7242,1018.3957,858.0081
826.0086,825.6858,829.1075,841.9258,977.4834,14040826.1169,44123160041679.9766,45750352760242.0938,11865886.4176,15635469758.5679,15466553663.9979,20259946501.4323,606725.1792,4023258895.1419,130736497182.3080,279054271528.9092,65570888220943.5156,4205269366479429.5000,40489947138650944.0000,13593587111480.0723,2014927288.7842,4785923.2653,7310018.5611,2983347384.9668,301297491.2560,820933214080.6022,1717650543783.7397,15490702.4457,641982.6808,10272.6020,15892.2037,47328.0824,5520.7041,154759.6489,52303.3533,10023.7729,1421.0080,1906.9831,2840.5252,17353.6778,18658.5529,1497.2057,1282.1648,1378.9683,915.3417
826.0032,826.3582,824.2744,835.9169,916.7611,3685554829.4990,612089748932313088.0000,4361293947449390.5000,470951057.5025,4779139442.2631,364667935.2166,314872600367.0032,1539663.7395,22480044523.5404,3286922059129.5938,3829751511.4462,574670398552606.2500,531692971108401728.0000,163478095575921600.0000,4137468688203.9800,572840889.3151,6909052.6121,3334000.7239,2450712953.5220,934470405.9891,874888291274.3926,972274252855.2479,4778568.3735,652437.5183,11716.6384,33580.3913,32691.6841,7980.2778,157481.3942,55619.3536,6698.4515,992.5013,2551.5921,2681.4003,25246.5068,13694.8011,1521.5678,1535.1411,1145.3448,893.6080
826.0045,826.3553,824.1075,831.0961,824.3438,367767956.4376,21449923414616.1523,13312036743631798.0000,10456125.0701,673024788702.0250,155830237.6534,17300646970789.5488,759309.1987,5413223514.5557,43521546549164.6094,93919281402.6562,10442427985525572.0000,6460448585576509440.0000,2296847038986589184.0000,84555077624129.5625,15161724392.7138,16767238.7497,9495070.3656,18246888234.3694,4730724932.6874,8731445784501.4434,23873570456743.9336,50344112.2390,1952272.8356,20513.8017,51533.8273,55338.1047,11535.4255,358405.9350,88731.6724,9498.0417,1086.3660,3182.1602,2894.0521,43096.4411,24940.6877,1828.7724,1685.4608,1278.4885,915.0929
826.0078,825.9636,826.9341,838.2535,917.3321,18204078407.9143,173528496074056896.0000,21134033694749416.0000,325987093.7370,269587173010.9701,40763782056.7459,238610381597.7268,3458477.2476,192412260148.7915,15514162225835.2324,188789498493.3820,6254029052748737.0000,2867014213545962496.0000,10639143154205083648.0000,176139220929389.6562,7325695022.2374,15543708.1466,18475331.3410,13806305759.2544,4116345598.8534,10486627828770.2617,16477865106655.8594,27644521.6412,1489846.9230,17498.7177,34661.1083,86440.3436,8626.7239,372220.4337,98295.9053,13958.2505,1339.8033,2578.9366,3660.6651,36240.3167,25138.0611,1743.2440,1561.1269,1413.6347,927.0343
826.0059,825.6601,828.7245,834.3740,898.9220,3505009.4803,44027365973.1708,16434481856.9017,188194.5103,44118341.3688,562234455.4569,25431007.3668,99379.2850,40000519.6195,450075265.1967,774812361.4084,44065263306.1896,532768179180.4958,6305403201254.6484,17248620195.7965,22148088.2305,256604.5647,453095.3540,23094155.1903,5639927.9374,1572145078.2907,2777438711.4296,630977.8943,61916.1145,3833.4191,4553.3549,12586.6609,2350.7835,25862.1126,12055.7199,4352.1742,1209.7960,1228.6183,1787.2138,5324.1635,5918.5370,1136.3661,1014.8018,1140.1332,876.8206
825.9992,826.1665,824.8875,825.7648,829.4401,84911.8898,798181.4994,1703195.3881,18578.8340,277293.3276,6930.0308,181524.8103,2747.7870,34571.5901,386408.4435,20775.2461,1142173.7635,7328758.6956,5183194.0602,217070.0407,28511.0229,4812.4788,4022.2198,24409.7799,25318.5998,113973.9492,148918.1542,6274.5502,3072.6820,1285.3892,1604.7519,1420.7944,1197.7594,2195.8997,1593.8446,1028.1850,787.8847,998.0169,910.3813,1504.2635,1232.8981,896.3862,907.7513,827.8235,828.6961
826.0027,825.7963,827.6008,830.7272,876.6247,20953.2403,53483522.4816,7254407.6487,88306.0297,130585.6235,837582.6540,194119.6801,8825.2406,305809.8479,642538.5040,1557497.4212,10546880.0804,53674359.0740,175587987.7139,6778770.2396,137624.8591,15429.0973,19514.8027,186437.0375,68084.0633,2120275.1387,2592623.6472,20766.5830,6456.3991,1491.7442,1651.5607,2787.3615,1208.4473,3914.4240,2802.7661,1675.9507,985.9805,919.2815,1131.7081,1744.8630,1914.2181,915.3126,870.5362,943.9799,845.3342
826.0026,825.7940,827.6191,831.1907,894.5503,52227.9026,2126731.1103,1395300.4245,10780.7391,156927.7696,484275.6841,98018.8241,5155.1438,66065.7865,284743.4764,730346.3585,2955665.7808,7464856.6943,29201120.0995,2325779.5877,101935.2178,8896.1586,12257.9537,86386.6511,35983.7102,639046.6916,977065.0468,16756.4751,4674.7662,1352.0867,1368.7036,2312.6796,1096.0021,3071.4011,2202.2344,1518.0137,977.6643,882.4965,1068.9134,1501.4241,1688.3844,899.4720,851.4214,931.6541,842.8136
825.9963,826.4634,822.6456,819.6650,747.6488,2523.3376,8748.2549,127636.9498,3521.5929,10470.8534,26.6318,161342.8255,793.4450,2212.9540,48246.0893,585.4909,48235.1964,435569.0022,38692.8341,4518.6325,2763.6272,1877.7756,860.6691,3604.8437,5095.6969,6997.0638,7326.3557,1470.9267,1506.0218,1067.4674,1586.9564,726.3847,1190.0228,1153.6881,997.2948,652.8513,651.6598,1065.6924,755.0566,1245.6155,833.9895,870.0204,938.2708,740.4144,815.0943
826.0030,825.7435,827.9518,830.8960,880.3280,19390.3769,7918661.6748,1919521.2943,17339.9000,92212.8746,882179.4206,64521.9308,6725.3437,141788.3609,271456.1777,970663.3295,3656188.7614,11229332.9503,54205888.8892,3249208.1432,92471.7317,10191.3669,14780.3037,101294.1989,39538.8861,905265.1076,1187344.9734,15762.2135,4878.3947,1347.8209,1360.1010,2506.0860,1084.3240,3220.4025,2355.0956,1606.8748,1003.6060,868.6224,1100.1983,1508.7599,1743.7959,896.7613,845.6223,945.5669,844.6859
826.0004,825.9717,826.2492,827.3124,845.4629,3902.7649,9285.2931,5326.2150,1844.1913,2889.7148,3099.5991,3159.5387,1135.2158,2179.7902,3658.9052,3755.3977,6936.3636,9380.9483,11933.6860,5605.9748,2438.6608,1267.3241,1318.4578,2240.4442,1821.8610,3926.6079,4586.2400,1483.7397,1098.6737,882.1369,886.0850,957.3929,855.7230,1009.4906,952.9703,897.1221,845.6340,831.1402,855.5960,896.2445,910.8227,834.9781,828.2484,839.2690,828.1404
825.9993,826.0896,825.3606,825.0361,814.8335,1912.0687,2307.9400,4042.5621,1447.2021,2061.7533,569.7260,3456.5150,870.4121,1281.8045,3049.5003,1119.5339,3810.5210,6386.4546,4449.3330,2064.8074,1436.4782,1062.3054,914.9388,1413.0420,1458.9044,1927.5317,2105.8414,1068.4767,986.2337,880.6186,954.9599,826.0735,895.0512,917.9412,880.1342,798.7345,790.3527,870.7826,816.0597,910.9681,842.0064,836.4741,848.0424,810.0328,824.1279
826.0010,825.8776,826.8959,827.8310,850.1505,1075.5344,1742.8122,662.6266,794.3455,752.2860,3322.4354,383.0089,976.6436,1131.5061,608.1848,1628.4119,811.3928,625.8947,1246.4745,1270.4951,940.8180,825.2898,1013.6694,897.4988,772.2372,1001.9800,1011.8398,901.8753,813.2114,800.9928,731.4781,912.5475,770.2190,837.2809,844.0081,907.2535,882.5763,780.2170,857.3937,779.0693,861.0373,819.7601,802.6870,853.7037,829.5725
825.9997,826.0726,825.4947,825.3037,813.4547,3779.3426,62606.2659,100503.4494,3010.5438,11092.7536,2999.5347,24659.6993,1620.8569,7741.1380,30192.0849,8804.0827,82037.3958,299232.7796,227570.3105,31730.0621,6441.9445,2487.9678,2179.3891,7499.9240,6130.4209,22603.6820,25171.2406,2633.8289,1767.7523,1030.0907,1173.4663,1106.1475,997.9233,1405.2484,1198.4239,927.8563,809.4876,905.4136,869.3723,1123.2333,1026.1383,857.9789,864.2810,828.3738,827.5778
825.9995,826.1034,825.2745,824.9447,808.8287,5702.6621,177285.8598,257009.6607,4823.4888,18870.1020,3348.6995,51463.7664,1914.3877,13224.2862,60782.7988,12517.1711,181516.6907,940315.6519,600812.1289,57145.0101,9023.7737,3216.6857,2669.4590,11487.2439,9376.1903,41828.2944,44915.5513,3282.9036,2122.9430,1095.9561,1304.8738,1186.2707,1057.5775,1604.8640,1319.8153,950.9968,800.4983,933.6546,880.1754,1226.7059,1082.4041,867.7924,877.7007,826.8252,827.7458
826.0007,825.9944,826.0992,826.9753,830.3539,20139.8191,3827702.7717,2383660.4435,13701.0853,81175.9124,42583.3140,139684.6329,4213.6067,79329.0468,301202.3395,114782.0623,1853583.6509,12342094.2809,14784981.9147,666504.3824,36083.8256,7326.3750,7236.6162,49251.5276,30789.4709,334510.7158,368467.9772,8269.0255,3847.8642,1306.1353,1539.8893,1810.5714,1158.5278,2599.4502,1928.0329,1235.1719,867.4120,945.8636,987.0218,1520.2022,1423.9305,894.3910,883.4316,873.1363,835.1676
826.0006,825.9472,826.4004,827.0549,839.0283,1796.2269,9921.1414,6678.9834,1633.4157,2512.0684,3604.6847,2744.4937,1203.7944,2667.3245,3615.1025,4561.4963,7935.2913,12412.2017,16601.1619,6829.0352,2434.0545,1342.3873,1441.5435,2506.0940,1929.5533,4849.7214,5304.9195,1493.4259,1128.4991,882.1820,876.4367,989.6874,849.2238,1033.4513,973.9442,918.8983,856.2818,824.0567,863.3680,896.1387,925.7589,833.9814,824.6785,845.0726,828.9505
826.0001,826.0407,825.7386,825.9374,819.7781,8136.7436,352962.8488,421288.0032,5214.7387,29878.6763,9872.8786,56363.4467,2454.7108,21525.5631,90587.9821,28050.0083,352544.2662,1695622.7773,1587334.0716,129615.2138,14493.3048,4022.8038,3727.6711,17694.9000,12996.3139,77759.5384,87086.5255,4477.0211,2503.5609,1142.3134,1319.8114,1368.5543,1063.8648,1846.5131,1470.9694,1047.2722,832.8131,922.5652,916.1007,1281.9133,1181.3700,873.2208,872.3135,846.5983,830.7012
826.0004,825.9785,826.1735,826.5496,830.6682,2442.2626,29595.3372,27682.2601,2150.0788,5503.2739,4930.8776,7442.4813,1483.8023,5173.3913,10688.9179,8260.7130,28935.2120,66741.1359,80967.2722,18545.1373,4360.9096,1895.4315,1935.5802,4788.7942,3607.4307,12296.7000,13603.3110,2106.8231,1441.0893,950.5088,990.5023,1082.9079,907.6609,1228.1757,1098.0400,949.4719,847.0264,852.4588,875.8456,995.4146,991.3600,844.7768,838.6205,844.1507,829.2569
825.9994,826.1200,825.1593,824.8030,806.3248,7231.7591,327302.7921,490326.5027,6603.3348,27777.0468,3776.5180,86227.5128,2162.1553,18449.7131,99739.2723,16911.5870,325699.7838,2030365.7305,1174449.2809,89701.2264,11912.4259,3886.8269,3125.6839,15781.9991,12677.1557,65255.8455,69974.4548,3931.1787,2436.0683,1148.0336,1406.0212,1257.0082,1102.1108,1774.7838,1422.0442,974.3156,796.7642,953.1479,890.4622,1308.0063,1131.3357,875.2028,886.8154,827.3095,828.1042
826.0019,825.9048,826.8119,829.3355,858.6801,19290.5474,64400774.2459,15588249.2519,108562.2944,206103.1250,283379.1205,594539.7781,8412.3750,329932.2200,1191483.1712,1277092.6188,17368153.0734,138164734.9794,239091169.7755,7190978.3324,158789.8862,18289.0215,18991.5743,235550.4362,90825.8744,2744562.3376,3312558.5965,22802.4896,7405.7891,1594.6841,1947.2394,2710.3931,1329.5977,4218.9426,2950.6567,1594.5634,934.1922,980.6005,1113.7268,1933.7587,1939.0381,928.8320,899.0580,921.8402,843.0651
826.0027,825.7849,827.6499,830.3896,874.4743,16864.0714,17070836.8591,3549694.9579,19019.3860,126178.4970,608973.0101,118237.4936,7078.0947,183587.5773,393494.7176,1066976.1466,5316922.2578,21992728.3717,79219754.3135,3934551.5473,105716.5793,11971.3619,15894.8718,128863.6864,49269.5987,1216235.3148,1544254.6732,17364.7749,5490.5110,1410.5986,1496.8584,2567.5528,1145.2080,3473.9244,2501.7847,1606.1670,985.4239,897.0337,1104.3292,1613.9594,1798.1594,905.2926,859.3527,939.6481,844.3149
