977.9954,977.9886,978.0735,977.9492,977.8896,978.1375,977.9062,978.0903,977.9498,978.0449,977.9341,977.9513,977.9802,978.0717,977.9937,977.9946
977.9988,977.9972,978.0188,977.9872,977.9722,978.0349,977.9763,978.0229,977.9874,978.0114,977.9833,977.9877,977.9951,978.0182,977.9984,977.9986
978.0141,978.0349,977.7765,978.1549,978.3369,977.5813,978.2863,977.7246,978.1531,977.8632,978.2010,978.1487,978.0605,977.7814,978.0194,978.0166
977.6394,977.1473,984.0605,974.0899,969.6761,989.0277,971.2292,985.2735,974.2713,981.5052,972.8851,974.4245,977.0936,983.8238,977.5990,977.7097
969.3836,1110.4046,2544.3020,945.9470,1201.7478,2357.5956,1705.4446,1562.9779,1171.9603,1076.0204,883.7700,1231.3886,2643.7388,1597.9904,1112.5326,1188.8373
978.6613,4427.0929,56231.8268,1126.5307,7252.9803,9795.8211,2231.8242,1472.7663,2862.8531,1044.0806,1196.5230,1312.7308,4903.8913,1839.6221,1384.5867,1240.2860
1029.0099,2785.6389,89859.2387,2832.2848,49479.0056,3193.7207,50224.3529,1998.3871,14899.1692,706.0910,2249.8604,7160.5521,22201.7993,2472.9881,2987.2859,2929.3508
1025.2163,1175968.6247,4033830581420598272.0000,5162448.0001,9979365380043.2852,60151327706809712.0000,51083010019119712.0000,47734079645977.7969,408115822590.4781,6142.9940,2409.4317,216573166049.2454,22116543040418721792.0000,3226078994624.3286,641797921.2112,4284261030.6464
1458.9579,70170371.3573,486746604376467520.0000,633610353.8770,1580906656433481984.0000,358149308989928064.0000,1130550587789639608143183872.0000,46090049299682592.0000,6472073218356948.0000,1486.5663,629187.8262,1517036281955487232.0000,159346101127794127562115907584.0000,324669039955917504.0000,1449750328902.6416,306750243269665.6250
1431.3643,96133263.1263,28457830654347968512.0000,940323161.6545,5634297260379998208.0000,5715001120561979392.0000,10102419839821110111700516864.0000,2092289470585674752.0000,21484111003739316.0000,2849.3054,470092.5723,6650437646560077824.0000,3018244174453051640861259988992.0000,9015071892243923968.0000,10267557640845.2012,1976689707969627.7500
1239.8524,727400.4800,2146491031090004.5000,23006279.4605,1886613264450669.0000,521645733395044.4375,1063308969291793825792.0000,59423135159599.0234,18152717916303.0742,1371.3468,60732.4975,242513335626802.1875,56324489626652099215360.0000,85461699860511.0469,11803889089.1054,431132555338.6423
1111.5112,73889.3956,5757196426.1450,345033.1326,5918223134.2030,1636880855.1044,452612401696716.1875,960344600.1302,439952139.9531,823.4635,20873.6573,14138952065.2385,4340105309878140.0000,4776172345.3012,10536092.4067,196661615.7714
1074.8723,1269991.8032,5007026071379.6963,1402996.1302,5478286316409.9180,23441429064915.4648,1604460771826287104.0000,14521780609158.7402,239543852660.5727,3041.2202,13299.1969,4879892426617.2344,130992066399261573120.0000,30441810505082.4648,2095424303.5888,47827877642.5821
1468.8290,16311120.7272,647632662197801844736.0000,2257559265.1404,152051731158749282304.0000,331052314452250001408.0000,173193576166756747662705295360.0000,12198136466674384896.0000,362673862884526720.0000,2957.6536,430917.0260,44657309607853776896.0000,93426505385960820345086756782080.0000,32891638706609938432.0000,25086925729214.3516,6430995410490118.0000
1344.7449,1600465.6397,94026556303949616.0000,155430626.5662,128555462162695456.0000,14579764479349490.0000,1171770305727281020010496.0000,1615845849723232.5000,496329023970953.9375,1254.5211,188332.9390,17554252013497522.0000,75539821174059718424920064.0000,3339839118212211.5000,136064255735.8050,9964229101259.1582
1130.6176,479227.4679,37556783045545.2812,3739146.0913,19637177073086.1641,38134468878023.0938,8294050450877921280.0000,10580310350021.4863,549501053795.1033,2023.1983,22731.6792,11332717117203.5996,498674430763398987776.0000,18785516106221.7266,2236405368.6045,61619606835.4450
1259.0589,755144.5596,4963320569255.1934,10751279.6087,15130240903537.5684,572227522804.0549,102604891944020049920.0000,319618949719.4400,240684279138.5171,649.0987,173376.1153,33174692308219.8203,1540148599407748055040.0000,3388972866118.8833,940956098.7426,59186066318.2890
1144.5092,479636.9231,11705316192618948.0000,13457615.7261,348756947066505.2500,7802309334779699.0000,406296429856967688192.0000,448284589772262.2500,7773094290308.8262,3099.4148,20400.6570,140820142113567.2188,72443608354442184753152.0000,445469690763930.5625,13959786152.2967,514481990365.3256
1137.4824,40373.3890,252619565256.3857,1129668.1368,239028679627.2285,61434351362.0931,7635305403124120.0000,10751336211.6884,7609411098.0175,866.1959,22479.5228,91602606877.2815,104560786369259136.0000,22184192292.0777,44138199.5066,770940358.0743
1153.0443,7695.9725,239931.0642,38989.8026,16321334.5831,12653.3669,2943955223.9333,41760.9237,1013625.4102,263.8189,18223.6267,6049943.8705,1524086561.2500,163790.8895,66567.6685,257309.4283
879.2738,18231.3150,62648915.1907,4850.9755,1439359.5551,481178524.3467,484485143.0717,240962981.4103,1107941.3913,4583.0197,453.2058,4497889.4414,25002921914.3739,225441664.1428,458461.7082,1680981.8201
1227.3845,32536.4161,114888175.2649,469241.1038,5814955096.1235,2283844.1503,44119245158658.9062,5219841.4797,129561917.3628,228.0467,71349.9333,2340360063.2455,37937804630200.0469,31593404.3569,1948606.1079,21008077.2206
757.6849,8607.5963,20220029414.8765,1633.7019,139502.2811,1088937225244.7639,397403819.2193,29805527365.0301,1021505.9668,22185.6551,54.3900,5572374.6825,415002676473.8040,14228751214.1247,804365.5709,5231045.7696
1499.4658,641052.8910,50104591817.3008,58614555.3728,1535671822870754.2500,1028604463.7006,599525477380712300544.0000,4465140456.9562,1880061934683.1748,103.1234,1627036.0919,78442657010725.6094,353357516066471542784.0000,56095157177.7349,863566542.1179,32199557155.0858
831.0641,1656.4375,159516.7312,228.3698,148.0795,818503.8705,139.9719,63377.0341,547.1465,5001.7268,105.8192,363.8675,2312.2813,27895.5161,1360.3231,1346.3760
1193.4933,9472.6804,1879698.6056,60678.5936,21619506.9480,14989.7254,3121910266.9152,10362.2951,936549.5079,187.1222,30591.2769,4794716.4492,1373286387.0634,53263.1651,30596.5385,154995.4941
1072.8843,134783.7885,18347375193849.8672,1219386.0165,605511703935.4026,24644043466094.8672,307530346019450304.0000,1943190300855.2219,49561046687.1677,2496.8812,11082.4816,1279636021364.6082,31933527745210552320.0000,4182411069904.6646,358935627.6769,11819024594.7166
900.9945,6420.6675,45913010.9547,3351.8324,415369.0220,47406431.4482,2492950.5040,4839393.9785,247513.5027,2835.2048,395.9903,140429.3208,31524313.5652,1473429.0305,46341.9679,74620.4763
1159.2181,109887.2581,33106963261862.7148,3354261.1675,11825747406247.8926,5339861877512.2607,780579615998503808.0000,587435673991.8151,233198999148.2339,1195.9377,25653.7643,2117567649613.9646,23943803717269741568.0000,785431957703.2593,468729440.9925,10218337206.4841
1089.7281,6166.9094,74944.4566,16820.2039,9650961.6176,22741.1182,58245389.9551,46237.9793,526357.9514,426.0310,6118.8038,623309.1226,25838850.5229,53412.0632,39813.7102,65650.5310
1039.0112,625817.6934,1590707419208849.5000,1835204.1038,15183534504868.5742,3015109336238671.0000,2628322058715119104.0000,212830234228963.3438,937538247486.0167,5414.2987,5099.2745,7905618377603.1904,721078816011179130880.0000,142225398996920.7812,4223018606.6811,91224338944.2244
1321.0119,368161.0628,1122708204617.2148,12525217.0685,37296754632969.8594,52036035580.3012,49366037539546923008.0000,41266183967.8757,303399740001.5993,348.4411,291923.9053,19362233633318.1172,266807005755794817024.0000,363103120120.5685,515642448.4082,24941077486.4674
981.6763,48488.4937,6675119450808.5791,286090.4785,22901643135.2418,21897835805209.1992,2086093045792840.7500,933446645963.5031,4343044692.0961,4311.1675,2769.0714,63010745363.6079,367945264305185024.0000,1007708766952.1168,96567078.2146,1813247236.9765
1096.0898,12164.0154,681301.6738,30271.9332,58482315.2295,142488.4525,2524773414.5994,403083.3534,3386546.5522,457.6642,8107.0307,7209034.9812,1963251178.5766,697588.1226,156427.6857,433054.8773
918.6825,37226.6211,7323668398.1052,28220.2812,111961012.2738,53576574873.0667,762398805683.6451,12299895486.1151,53517266.8051,4439.9443,1051.1921,449929862.6546,62563167342126.3984,14124019625.0940,5912320.9101,50228087.2729
1202.1003,115105.8276,638115649714.6764,3050527.8655,3593426255755.3501,115856155319.2503,414620253695069952.0000,40718775337.0177,63585950976.4445,668.5515,54883.8766,1162046454782.9258,4462239343803614208.0000,124570474702.9642,183628829.6241,4558303319.6280
1056.1612,4653.7578,4205317.2190,22861.4648,7848467.7888,846495.1208,1565677865.5966,678960.8509,1173249.4575,648.6533,4892.2580,4813899.7170,3449868177.1903,1216257.1113,96167.9938,387109.7773
926.6542,2983.7356,1972668.5781,2846.3575,143646.7822,3662285.9006,5245557.8306,1369708.3468,100981.9777,2046.7528,625.3688,192599.1925,44491519.7006,1085851.3746,32037.5771,76470.9704
1117.6280,15146.5180,1916397.8234,69661.9724,316204524.9765,767163.1447,60479694434.5856,1665254.1012,13786900.2744,430.8852,12298.7375,48113854.9960,54841162098.8720,3682461.5936,434138.4099,1728038.8043
991.4569,9430.3729,15240238.1757,17182.8689,9435829.0017,17842315.0641,4627567691.4456,13815655.0919,2236655.4872,1350.7760,2320.7166,11832306.9901,30669759605.2487,20887303.4525,304850.1059,1350614.2454
1120.1778,21600.4274,4266250610.7948,261808.9202,3121172480.3947,587279077.6180,33558124023581.8906,137701266.7866,229004600.0769,638.6989,19456.4371,2869285206.7706,275126966574958.5938,466824248.1578,3175151.7787,46419714.2289
1090.5714,370102.8079,240857824759.1529,784843.3524,125089301503.1480,103493430848.0518,31589919807387556.0000,146184024863.8737,6686178935.7111,1620.6419,21636.5176,298636114416.1209,900154937610716160.0000,543169684983.2598,209877517.3369,3908413809.0013
881.6054,2087.6102,8348515.4078,1231.3327,4521.2429,6283491.3034,693135.3413,998917.3097,11766.4228,3177.4237,325.9544,48579.8020,15113259.5441,1128567.0442,11939.5250,37022.6493
1136.1698,52573.7629,16116086085.3597,669399.0032,70726897915.6299,5267721663.5700,1613168441585327.7500,2529610209.2859,2613898146.6367,741.7492,23078.3127,34275892157.9412,12819365544718090.0000,6793301455.6783,23638983.6950,351637084.3030
948.2665,7388.9448,75161595.0478,9235.3328,536544.3048,29904669.5485,759779631.8909,10105376.7439,348873.1253,1971.6804,1284.1577,3497882.8602,10419255368.3788,19957619.9865,129163.6362,693261.8397
1194.7770,262471.2300,24861593702623.8750,6204872.5216,33956739334963.9648,7435492916136.8057,16428195272291624960.0000,1727922480487.1843,593661291661.3918,1104.8759,49518.7883,14106408355496.6113,486706547972969791488.0000,4428800988561.2090,1268203603.5473,43271095140.7490
1065.3795,22103.5233,7493136.7231,41319.5582,64330713.6766,3449925.2946,74062204610.4527,6793785.4056,6983404.1007,723.1940,7671.4501,60660008.4178,216415073945.7617,20946762.0764,526354.8033,3060682.3301
1004.0429,27296.0137,18789869723.0105,114355.6962,1800448422.7212,18038497308.2461,6769138446991.4453,4240008752.8376,250078956.9486,1984.0489,3238.5877,1421953751.1105,173947983845895.5000,4308980900.6949,7966513.7861,65315947.7913
1074.5781,7703.5919,2122032.3706,24404.6138,32937140.1413,367218.9403,1207727442.2023,498744.1168,2686428.5549,546.6692,5647.9115,4697296.5209,1449796787.8376,666729.1993,120986.2014,337379.1539
1014.3071,3202.8336,396448.7301,5648.8285,156319.9517,148834.9888,15363927.2516,76895.2352,67468.9695,830.3971,2444.8107,285613.2240,57728785.6471,170079.0151,16525.3088,53872.9924
964.6078,8579.1951,81284194.3133,15984.7070,10478490.7295,133163528.3352,5910532544.2121,49735601.3600,3486767.4843,1855.1986,1540.4003,15631945.2022,80155546473.8428,57611832.8183,421157.2581,2030783.1881
1062.8770,4226.5641,145679.4878,12687.1638,2231297.1874,46784.2584,117838187.9508,89700.5439,308074.0235,543.5126,4719.3927,944102.9770,122840177.1723,168682.5502,37791.2040,102987.5938
997.7211,23819.9749,2060886099.1721,65750.5309,432494760.8328,3199426077.2495,1452917492528.8499,1167772967.5114,73809941.5652,1851.0178,3096.3176,525807590.0059,29023619901464.6875,1571612653.9750,3890237.5871,29799045.6506
1020.6222,10137.5441,394076105.3878,54714.5044,138457486.0803,215657510.4871,119386243732.0486,77613123.1571,19758201.6947,1215.4295,3570.9351,90675544.0280,1033581147143.8569,93762978.8614,982550.4225,5634357.4240
1011.2520,2242.7473,37669.4801,3930.9633,112369.1190,23913.1588,2019610.3237,29687.3116,37110.2527,795.4686,1969.8117,80485.2728,3003911.4446,42228.9751,10136.1933,20546.2601
980.0722,2219.4283,228086.4857,3767.2212,122808.9956,208095.2460,3921735.1760,136088.1863,55721.8520,1120.5751,1321.9883,130624.6710,12329219.7687,161124.4652,15804.5533,37071.8714
1016.5666,1333.8072,2732.7181,2078.9626,12399.2693,1541.2770,40333.7324,2167.3153,5287.9350,693.4585,1804.5450,7111.8373,32416.4301,2724.1375,2309.2428,3058.2815
991.4754,4388.6122,1487944.8318,8127.7491,1089539.7301,1424044.5213,139409998.2411,1038107.9201,353408.9377,1135.0382,1881.0994,1255240.2914,593079634.8019,1504625.6715,63013.6678,210296.7900
956.2079,995.8174,2143.2324,805.8163,754.8553,2724.0047,1168.1898,1958.1294,937.2142,1224.6570,718.7433,1020.8666,1990.5469,1870.6353,1070.1362,1138.7426
978.7542,1273.8568,14918.8441,1637.8400,8908.8776,11370.8512,52758.4414,8539.2159,5946.2964,1018.4972,1083.3397,8865.6225,98318.6857,9193.7349,3006.7246,4593.7796
971.0487,2017.5254,131798.8946,2835.1950,60846.3276,137832.9778,1438024.3981,93712.0192,33111.7077,1195.1062,1117.9484,71481.5182,4575746.9195,107358.6392,11452.9165,24661.9752
1011.5243,1738.3116,14201.7638,2963.5903,47581.2032,9033.3458,427388.4779,10891.4318,17475.7682,762.2968,1832.1822,30397.1011,512834.9249,14361.3259,5527.6119,9495.1582
979.8511,1290.3624,8004.3258,1550.3059,7608.7555,7347.4077,39130.0249,6782.7935,4974.1189,1001.5243,1091.9974,7386.4067,62637.8932,7502.3846,2773.6762,4013.5889
1001.7114,1553.1817,10035.5954,2282.4107,19357.9456,6409.8430,158319.4399,7543.7400,9167.7844,823.2684,1559.1040,16565.9926,206557.7960,10068.5150,3933.8688,6414.6641
969.7322,1512.4953,18463.2713,1694.5142,13168.2096,20488.5962,101193.4247,17838.2210,8383.0358,1134.4849,985.0907,13674.6338,211166.4121,19120.4743,4372.8527,6957.5842
966.8001,1047.0317,2696.3802,957.1718,1242.3091,2556.9956,2650.5820,2075.7663,1299.0106,1104.9558,849.6071,1544.0023,4064.3589,2145.4588,1235.4669,1407.5738
978.0513,1363.2325,16391.3403,1737.8437,12299.2817,14066.4789,75218.1643,11343.4507,7575.3607,1033.6230,1084.3636,11174.1666,138888.3975,11912.7937,3590.7294,5532.8873
996.5027,1035.8462,821.8752,1219.5205,1694.6612,623.8641,1745.5183,738.8912,1288.7082,816.6958,1280.6559,1299.1152,1347.7797,797.6427,1042.3198,1055.3266
968.1552,1133.4920,3690.9204,1078.5242,2198.2609,3741.4387,6791.3795,3336.8886,1982.9946,1101.1747,885.2315,2617.0114,10669.5516,3583.9763,1633.0246,2029.8443
969.6560,1238.1720,17396.5076,1465.3599,7230.7792,14767.7699,39889.8248,9921.5185,5391.9138,1113.8888,944.3820,7662.3221,85539.7447,10020.1068,2910.4084,4377.5299
996.0154,1822.5169,35126.4649,2928.5062,52040.8943,26450.5049,711757.5234,25058.7984,22463.8982,903.1756,1520.9663,43295.0063,1270129.8123,31626.7201,7307.1435,13888.8856
984.9911,1166.6403,2412.7838,1223.0736,2269.1443,1724.7114,5586.6582,1708.1451,1800.0292,926.8733,1119.9011,2287.3731,6692.9430,1997.6650,1391.5466,1649.5759
973.8430,1105.9582,5407.7213,1200.0815,3189.4394,4583.7164,8387.5641,3430.4016,2528.3199,1041.8484,958.0044,2972.3861,13085.0053,3336.2472,1705.4424,2118.5938
982.5083,1156.2290,4316.9063,1364.3655,4182.6041,3675.6484,14817.7691,3404.5979,3004.8276,959.6082,1099.2870,4072.9677,20617.7730,3743.8097,1921.7406,2523.3694
961.8704,1452.9135,34064.8592,1676.2638,12436.9497,38822.4993,133459.3795,26537.5310,9156.0083,1237.0861,888.5625,16252.0100,364473.5605,28209.9755,4790.1281,8297.9113
1024.2812,1940.4149,10748.2438,3325.7141,53226.0883,4983.8090,573939.4640,7922.1724,17093.1562,675.7632,2229.8246,34397.4946,541450.6948,12397.8670,5538.5492,9717.1928
953.0635,1052.0051,3060.1016,788.6204,938.3351,3444.4882,1156.4028,2285.4717,1070.3496,1268.5546,690.4333,1029.0834,1885.9182,2046.1869,1127.0443,1172.8583
989.3767,1756.8919,28058.5236,2494.3667,39237.2927,23195.6116,373376.6717,21639.2649,18101.4537,953.6578,1348.6465,29937.9434,666693.6281,25119.2736,6252.9309,10924.9190
992.6015,1066.4770,1300.6240,1229.2138,2163.5588,966.2727,2792.8647,1045.4262,1576.3187,852.2689,1221.8245,1625.0059,2495.8582,1102.9053,1176.0774,1246.5642
975.8732,979.4448,1096.1512,965.5281,995.6525,1121.8095,1091.8352,1087.7685,1005.5810,999.8342,949.8403,1021.3829,1166.3095,1081.2633,1003.0914,1016.7148
976.2299,979.8440,1091.8601,968.9854,1000.7547,1108.5932,1093.0655,1076.7048,1007.2093,996.2414,954.7823,1022.2639,1162.2067,1071.8515,1002.0046,1015.1455
