887.9713,888.0918,887.8996,888.1754,888.4193,1030.9281,2504.4375,1274.7332,1399.5057,2964.4553,1004.9997,2634.4415,1526.5233,2573.4538,2443.9267,1553.4965,1004.1609,1200.1724,1198.5359,1603.2687,1243.8519,1657.2639,968.4027,955.9615,908.2945,911.9105,920.7301
886.7226,892.1858,883.9782,898.9362,967.0387,25973808.1041,235172503214.5216,341174311.9339,16602231.5876,40847463067.4945,3188831.4384,6754664961.2458,37391821.2331,52527288384109.1328,4706009457.5723,1762821450.3284,96618.7404,16860687.7406,10917954.2282,321776436.0077,42764577.0127,458863602.8153,333501.8600,46475.2956,3987.3432,5978.3820,9538.7373
886.5364,892.9126,884.6620,904.3605,1205.5967,47123371.0957,2679285368389676032.0000,927257503068.8428,1007066352684.3713,979350365181408256.0000,1359553.2478,61023893475259928.0000,39422675315147.2812,867943150116.0236,41552365422569296.0000,13105360080.5924,1431537.0118,87313012.4507,281408495.9648,477486031053.3038,76450738.6552,459924286186.3367,91191.8384,197024.3044,19444.0147,8093.9836,17224.0118
890.8200,879.2523,898.9123,876.8012,1051.8941,2772.4341,1504086.6662,292673.9641,302202.0782,58102311.6466,6177.7758,56933929.1819,95134.2613,58866840.8471,10634115.7033,3217840.3615,20212.8597,76061.5233,86925.9747,1797487.1653,253101.8943,2382612.5098,2800.4830,6101.7108,899.3028,1218.7495,3034.4635
889.9015,882.3102,895.8480,885.4617,1178.2601,4627660.6258,8640083012.4984,3842133800.8093,220408342.7479,55058430089358.3906,2616749.5440,507242230182435.1875,315880765.1332,28133982207004372.0000,220123260486754.9062,68111917590.3392,753006.2532,118856285.1714,49908510.3721,13913663695.2644,3600027197.6446,94730927524.0479,750301.6641,578057.3345,2253.4059,9750.0325,42008.8231
883.7136,901.6696,872.2581,911.1620,802.5371,158265.3070,86621521.3462,3458345888.9449,282257.1035,109898297.7354,27012.8197,590702793.9770,132908465.9123,58972561.2955,42184513894.5670,28464.3997,5210.6927,64996.9890,27142.2719,321593.4165,148048.1611,1145686.9416,35090.7584,15155.4107,2977.9728,3472.0221,2410.6765
891.1103,878.3404,900.4053,876.2855,1078.4900,9701.2330,560417753.9666,118248.5082,9577004.8994,98174.6661,13462.6982,8151.6185,203069.7089,217761.1130,931.9466,143008.1074,4181.3998,7593.6286,7361.5395,20349.1339,4533.5315,9309.5246,974.2782,1078.7782,1035.7682,631.6280,1151.9501
884.2787,900.3399,873.8355,915.4812,1043.8012,12883369.1770,23885358.8656,2160674395275.2473,1775253.2365,261247207526500925440.0000,23979295.0718,13659251385470606639104.0000,6722169356.9814,7885754729769781554053120.0000,102892790321559524868096.0000,5328044617755333.0000,158325150.0184,4359192821476.1646,1022034609566.6986,7156147945281449.0000,82509664206868.0781,141685017001039776.0000,118872810.9160,33945272.7655,13492.8230,239425.0968,782232.4675
890.1791,881.5056,896.9148,885.2591,1233.5101,3438297.8919,7259119822.9763,743027115761.3879,70660770.2563,231632604016896.7188,9323359.7655,4751553213566696.0000,466628995.0327,1553255081823869952.0000,2751653224320953.5000,1266177900864.5889,2176245.1949,695669068.4000,373448712.3738,129487694535.3743,32011961280.1715,935851579779.8815,1752354.8618,1452169.2772,2544.0449,15060.3043,81112.1805
895.0183,866.6623,915.0955,863.4077,1532.5501,27857.1201,22026837.0792,96561868.8124,220450267.9830,147171395884830560.0000,2049033.7972,237050657625480960.0000,19076260.0530,93910771153686822912.0000,1908599411583123.2500,1587721470618970.0000,62022334.8877,20403387406.9944,18634754080.7919,65364437111930.3203,571807011485.0636,188355495251424.6250,416065.2029,1721915.7225,1906.4660,13691.9677,210088.9907
881.5186,909.1103,863.7087,926.3281,938.7052,3653971.6861,6342421421.8635,755706142443.0924,12215388.8220,329907692701716709376.0000,332236.2341,8029395057801840033792.0000,5092006263009.0264,204533853291156832256.0000,303451999308267198087168.0000,7912433977837.9375,23945856.0947,158945655974.6851,53595680410.9540,404104663255313.1875,1149716821038.7688,7092729851369806.0000,16158024.9219,11868466.6569,21833.1604,150034.9546,249173.8348
888.7078,886.0983,890.8676,891.0168,1164.3007,69195.8403,22850398955.6752,27861084.9708,79194088.5292,1044862950807074048.0000,967756.2040,1143970878784301568.0000,5923726032.8917,3789407710191912960.0000,133373816531058016.0000,53781881745680.5547,22265410.2625,25532211404.0992,14896350811.7583,42106993173176.2734,109657354672.4358,139634584293713.1250,502118.5502,903130.2039,6737.6190,26151.7517,117523.8624
885.5700,895.8923,878.8906,903.2764,945.3383,28843.5264,454394332.6006,42146581.3458,7528761.9429,2105053003761215.7500,129341.9446,5036126822422091.0000,2163494165.4155,4987401772775156.0000,9024346565551148.0000,73662907388.8513,1889892.0461,790983759.4944,474481595.5589,265865256412.7515,2061509102.0584,1173430039843.1489,293368.6538,277657.5969,5918.2152,18130.2128,35642.6326
891.0965,878.6820,899.9505,880.3295,1298.6778,12693.1796,9184329040.0268,15905700.4832,468392821.8728,1400745055184286208.0000,1239271.6252,1241847083568840448.0000,1222084791.2300,32322670556461391872.0000,47785652755277928.0000,359321994374600.2500,48368287.7461,34686798978.6024,30110271135.7618,111915943078322.8906,272060043494.0963,327738198171583.8750,490221.7551,1190949.0996,4754.8971,22188.8610,162509.7768
886.8175,891.8258,883.8551,896.0977,933.5547,70700.7985,2468371987.1261,37261654.7571,2217174.9461,264431578307.8990,37029.7158,181036048317.9875,143776568.9633,14648659253.8645,158768432504.2866,95029452.7053,93278.0556,3984161.5012,3371092.0120,282954999.3612,3955956.3647,457284850.9402,14160.6218,18262.5474,3012.0171,3823.2011,5861.0287
889.9219,882.0039,895.3948,879.6767,978.0297,733.2851,34236.8668,1480.6015,13657.5770,74307.2046,1813.3039,39427.1722,3399.6881,91565.9530,7845.7781,46836.1620,2955.0852,5040.2248,5676.7341,20895.9568,6496.9089,18230.9961,831.1772,1237.0408,780.5782,792.1438,1237.9506
887.9291,888.3581,887.7140,890.7731,973.0114,11226.6394,289722.4980,1776686.9767,132291.0226,645660094495.9436,40077.9114,2014675576613.0176,3240115.7778,12612864389891.9434,1430418297933.2312,2121607565.7451,286976.7646,22912572.5680,15680873.3528,2011928656.1036,99625205.5673,6497625628.4377,65209.0052,71802.5731,2077.6547,6243.3780,14670.8829
887.3601,890.0438,885.5622,891.4785,882.5709,2554.1046,18421.0447,20211.6317,5843.5920,12659786.5397,3851.6102,16780177.3923,32543.6438,29691100.3330,15638920.8681,427150.1202,7239.2721,64046.5194,54212.1233,525966.6952,113073.2001,896359.4546,4782.6514,4295.9884,1225.2786,1775.0578,2206.2006
