878.0876,878.2609,878.0902,877.8390,877.8193,877.7871,877.9247,877.9665,877.8082,876.6549,877.6291,893.4907,1022.2221,768.3467,1137.4686,836.1005,954.5797,892.6927,886.6353,939.6186,881.8542,1120.3769,874.5635,901.4583,920.2778,938.4816,916.7688,916.7512,885.4133,885.9743,850.7028,860.0471,889.9500,906.7118,916.8023,863.5827,896.0142,851.7522,877.2460,885.7525,883.5332
877.5477,876.6585,877.5409,878.8321,878.9422,879.1085,878.3924,878.1754,879.0184,885.2708,890.3044,820.0441,4745.8184,5275.7062,1405.8937,7241.8055,1204.1998,1874.5526,2140.7761,2113.0529,2640.5880,536.9251,1151.9371,987.4600,875.7984,895.0171,965.1176,1176.6959,989.6884,893.6874,1086.4468,1010.7750,929.7013,815.4722,753.5570,1025.5642,836.6477,1035.3599,892.4220,847.9606,855.1942
878.5245,879.5691,878.5506,877.0399,876.9358,876.7431,877.5593,877.8115,876.9482,872.4595,907.3036,2235.4518,353509.7515,201345.4366,8430253.4175,2683607.1240,87713.1928,24246244.2806,23973.9615,150281165.3644,731764569.8264,192481983.1741,4685.6008,381687.2050,188036.4591,1157996.3185,753150.1041,10371275.7806,7328.1207,5609.8482,1305.1599,2909.5392,39114.0969,10036.8596,6684.1032,5193.1735,3292.9642,904.4731,1518.3551,1555.1728,1262.3311
877.5558,876.9300,877.9181,878.8454,879.4386,879.5957,878.6114,878.3470,880.7286,909.7502,1677.9389,18415.1827,69954001548083120.0000,70572873239.8297,44108681921522736.0000,57618623343093.0547,244531821425.6791,1743590823221.5422,2725009960.8607,15846929882430445568.0000,147669666802175.4062,519810362137917.6250,74869582.5909,1070608422.3195,412965312.5658,690087067.1744,47208818950.7068,303613475537.9659,13179967.2351,436229.7602,68480.7836,97790.4508,24361823.6001,3222003.7382,87745.0299,219126.8841,136083.4733,3369.7203,7489.1474,5915.5748,3118.1173
879.5856,882.7445,879.6653,875.1136,874.8019,874.2211,876.6933,877.4812,875.0532,872.3926,1022.7988,82575.8835,25301497163.2291,1633525074.9025,3108924281807497.0000,83929764696689.4688,27984736806.5248,558991798808401792.0000,628722.3964,30501985890563998613504.0000,227942258525278011392.0000,126163875923389759488.0000,597379.7028,548845139028.7089,308736609096.8114,60068230337770.3359,24805958901475.5391,31005268821356692.0000,13244923.3325,4898795.0397,19545.1958,307152.8984,1699774923.1861,23744097.2462,3983101.2063,1892963.5843,430923.7094,2200.2688,22387.6526,22197.7607,8418.6240
876.8492,874.6178,876.8814,880.1345,880.4798,880.9029,879.0503,878.5148,881.0665,910.1294,1102.6769,19520.5025,64551700.5904,98687836274098.2031,35732928158.3959,134473515223058304.0000,12512419.6326,16935005535240356.0000,6286315.5349,13039583356997944.0000,116958204870055936000.0000,229598154045973.0000,788402.1183,14960196341.2240,1289157163.5840,517569543279.1314,129459916686.1086,413242410057519.8750,178695.2639,571304.8199,9427.9055,115254.7868,100147291.4547,575860.9935,231691.9223,537250.4344,31242.3095,4328.8302,9198.3276,7513.2243,3920.1472
877.1853,875.6445,877.2659,879.5076,879.8321,880.1295,878.7718,878.3759,880.2680,899.0310,1133.1989,4827.2172,278544426.4754,423977008144.3227,44193973.3706,206836738999568.7188,357479.6048,1421807706877.0627,22575201.0333,1141110369766.1997,1206348820142364.7500,3773120042.4702,934617.2953,41130408.4472,4995651.6464,651279691.3431,213805637.9535,43002468421.7459,53414.9764,98670.0840,3974.0953,16192.9591,1608340.8559,62824.2069,18066.2146,32165.1134,5784.5261,2631.0264,3411.6939,2954.0628,2060.2474
878.2880,878.9133,878.3799,877.4759,877.5229,877.4152,877.8042,877.9297,877.7271,878.2332,1027.2607,2376.7065,2596691356.1018,5448631.0186,4268971428.8653,995428976.0723,5755907.8327,445688678.7269,1096767.9211,4423841823.2351,2436793432.5693,1456879750.0801,12170.2072,679990.3041,678751.9488,3485181.3870,1095852.0351,30550277.4950,27304.1833,5859.4511,2477.6361,3977.0535,53236.7615,17549.4626,11898.3071,10717.2255,6038.4007,1014.6216,1674.4319,1643.6018,1281.4488
876.9210,874.8349,876.9651,880.0046,880.3506,880.7458,879.0045,878.5125,880.9623,913.4736,1217.7730,36289.7380,29327244.5649,459416178229367.3750,41691683.2478,2218048421901279744.0000,17271789.7204,78404664099594480.0000,19798158.3266,230467571693307527168.0000,9611803062877242261504.0000,3709377344112786.5000,44984938.3838,158746921230.3773,5782801354.4480,3794041828941.9893,6293784255728.2188,11644366244991406.0000,4775061.0109,6606037.5587,17115.5965,333664.6984,1039649750.9128,7036879.6049,252422.0363,729889.0148,65135.4252,7567.0547,18051.3792,13837.1770,6593.3625
879.9212,883.7513,880.0075,874.4842,874.0957,873.3930,876.3761,877.2911,873.9684,852.4494,944.4010,3874.8406,16908522.2598,1176221.3220,266615977.6851,459479428.5440,169088.7835,290392929.5295,188047.6362,401480209.8515,9049746392.3065,6571063473.5771,33395.2931,1380072.8160,741687.1572,19365800.8344,4948907.6449,122131978.4163,9793.6171,16765.3415,865.9822,2930.0013,131642.5433,27076.9338,19598.7348,5433.2061,4881.3893,672.9866,1874.7556,2235.3410,1660.7088
879.0236,881.0566,879.0782,876.1460,875.9518,875.5749,877.1841,877.7224,876.3102,885.5743,1127.9469,177917.7163,100362281.6670,265544103617655.7812,19008409662352.3203,6218784808919305216.0000,363846092.8650,597846875683744382976.0000,14039064.6843,371884642877862777454592.0000,47400204036646491486420992.0000,6878944478179003203584.0000,15857394.6667,42834669045179.5625,2604143026115.8198,7239404555000578.0000,2314681479056417.0000,30323164326230564864.0000,10862762.0486,32425335.4718,16250.8815,1038807.9706,37236791628.4474,66519741.8045,8216765.2478,5743657.3059,471307.9606,4957.7010,42964.1453,41465.3230,14275.1920
877.8810,877.6391,877.8869,878.2459,878.2879,878.3299,878.1644,878.1704,878.8352,908.1681,1119.2984,282022.8947,78925297.1842,124589853452137.6406,27002392810426.0859,372169738360681408.0000,15354830726.2862,2233491312233740500992.0000,424314.6443,1391960956136938857136390144.0000,776220769009574662465650688.0000,65126724939810034679808.0000,24590089.3837,255145120874751.4688,11815868949670.9766,14921693264328966.0000,37324553233497216.0000,436746309343671484416.0000,149545939.7845,103351537.5938,69871.7661,3705469.6648,216603512531.9952,336296729.6259,9040999.6116,17478057.0142,1205022.3417,9578.0373,75610.6184,60472.6468,18866.9648
877.3313,876.0052,877.3185,879.2511,879.4127,879.6576,878.6228,878.3524,879.9051,910.1239,1047.3785,109737.9486,24907382.6602,18224871636462.7109,2000742698793.8518,50125648539643496.0000,928180564.7020,56140348852152967168.0000,579831.4566,297709980169386405658624.0000,4432176034659386311835648.0000,89476892570662617088.0000,3919105.9644,11479163272451.2852,793738655617.8170,474936905422422.2500,413356310792961.4375,4906356861751237632.0000,17918040.7912,14249138.6193,40381.8937,1314687.3244,16167878209.4130,46534399.6058,3217894.1342,7738296.8853,424611.5451,7170.8382,38990.3182,30345.0058,10945.4169
877.7233,877.1844,877.7311,878.5152,878.5992,878.7003,878.2594,878.1385,878.7863,888.9046,947.2889,7039.1244,3052699.9885,20342115.4340,589679333.2595,865649994.8142,4006407.9231,191406530225.6035,21361.8041,107296395005992.2344,48211857910961.7578,824707288259.8180,37868.1485,92489265.6292,29763855.2368,517912450.7494,591011748.9532,72702104127.1510,167341.4314,81254.1196,5175.5973,25125.2282,3027830.9752,199101.5489,44220.6082,68763.4754,17504.7997,1891.6974,4288.8209,3769.3478,2317.0986
876.5759,873.7694,876.5408,880.6274,880.9573,881.4826,879.2378,878.5664,881.2360,904.8768,930.2085,3373.2384,6664.7940,202492432.5468,78108.7631,3587231979.9547,59830.8300,8253189500.8589,11599.9354,936902321011.3459,3788489770881.4971,599168841.5921,46986.9830,8219358.6934,1698153.7204,25522909.9607,45357083.5182,2748660900.0682,40902.1860,37703.7581,4344.0021,15261.0379,619318.1486,40240.7802,8028.3531,25825.1511,5231.6769,2483.5405,2914.0380,2319.5499,1676.0872
877.2987,875.9115,877.2898,879.3105,879.4866,879.7434,878.6531,878.3654,879.9750,910.5362,1070.9438,102480.4780,22069900.4947,4938346251649.1221,447065299418.2584,4981673798142631.0000,1234790390.8919,8551099581906345984.0000,152270.6406,1062903570567649730494464.0000,809853614768790221881344.0000,44529132423458037760.0000,7941556.4318,6278497228302.8350,423739183787.6132,171596884867823.1562,419818919700706.6250,1944524516838262528.0000,30614831.6531,18732922.1911,44287.6422,1256868.1278,14443063002.3636,53231792.4670,1943559.5083,5187665.6901,389640.6168,7735.8646,37988.2353,29055.1414,10802.2008
879.1303,881.3706,879.1720,875.9366,875.6963,875.2816,877.0555,877.6152,875.7503,870.6246,954.9861,20856.7329,34202865.6174,567407543.6109,176684025730.4124,338084510515.9357,46597586.2037,115381922613198.9375,164257.9902,36835122203017456.0000,70405187839710792.0000,7382179637049610.0000,100874.9797,4932588102.3878,1324955991.5727,119936306986.4922,53717567230.3107,23105217014561.0820,474928.2544,387474.5997,5049.8818,55389.4407,44018716.4372,1195893.2696,340208.5187,205985.4350,57483.7906,1593.9633,7912.5279,8033.4628,4016.2619
877.9284,877.7825,877.9278,878.1422,878.1618,878.1873,878.0854,878.0770,878.3705,890.1184,969.2945,20935.4476,125671.7445,9611567331.4813,782365473.7166,3271753269015.7529,7282061.4787,266051076010538.7812,58992.5413,311399235620985728.0000,908211595550285696.0000,1091362057608604.6250,431119.3938,7823139693.1759,1130615316.1770,126873231837.4329,141758350212.7235,77010356379380.6875,738227.6369,769674.5953,7904.5500,97463.5963,89923953.7300,1542281.9561,196926.6820,280416.8561,46863.6309,2917.0095,9610.4933,8449.9173,4284.9304
878.2697,878.8028,878.2807,877.5099,877.4541,877.3547,877.7812,877.9218,877.5235,879.1816,924.3080,5925.1902,66273.1250,88027905.4471,17717999.2207,8492004023.7807,251295.0914,84065659741.2362,28759.5216,2666775854080.3257,21067312560661.9844,200285233202.5956,45978.9957,41887042.7397,10781548.2988,379945332.3774,247028971.8648,22720775267.8343,43946.3870,61050.2906,2579.9461,14202.6484,1540134.3445,87770.3131,31232.7422,30811.8554,9692.0198,1496.8580,3429.6551,3296.5720,2150.5180
