798.7897,802.0711,803.4579,815.4167,877.5832,957.0194,1686.1851,1855.6126,1260.8790,2076.3053,1459.9856,902.3632,901.7887,1445.9638,1652.4809,1029.9025,874.2604,875.5488,1044.8099,1100.4142,786.1561,896.8776,892.1756,818.5130,1149.0105,768.2760,835.1941,793.2746,879.1103,910.3258,852.7442,803.1694,807.1259,800.8087,803.0418
855.9439,734.2003,734.1538,1132.0416,14996.9576,3314.9047,152473200.0915,125640392.3525,1220362.5572,2090788344.9082,29062161.9344,71348.4650,11328.3307,270704808.2091,1986267.2270,13963857.2374,29549.8579,5216.8096,282288.4055,701317.3096,18821.3957,7891.4155,332652.0122,525.2449,55830.0450,60019.9090,214.2971,11181.0817,860.7883,131040.3210,4021.4203,5137.6687,835.2698,1071.5565,922.9793
761.9666,950.7193,1530.3018,2927.0194,4193170.6926,584795.8036,464062389699.4153,685182795481.4794,56165324436.6407,80575007813.2452,825598841430.7643,126942.7266,89962398.2294,1277901825.7116,48798145658632.6406,106036713.7506,2097211.1728,297075.5773,123294477.1986,237559099.5684,182343.4106,2517164.1651,21415023.3060,2425.8568,38243161.8198,3187.6287,5290.1854,3096.5585,206887.0233,1004258.1147,45831.0384,3839.4967,1595.5951,1080.6991,1194.3929
752.2422,915.4051,1161.8104,2505.4994,3356338.6395,536697.4622,778562674614202624.0000,12445323874430089216.0000,3050597797370207.0000,716132676922734936064.0000,2676023503555736.5000,183775609.4020,54513693.0229,14094718665428882.0000,2289532567481841152.0000,267268428668.8764,52879406.5887,20993614.0100,161941516321.0090,916487172931.9004,14026.6247,55293026.3314,159889870.6467,6981.2328,12649273624679.6816,3795.5891,20328.9650,18809.9241,8764108.0256,358425391.9478,2257724.2398,26701.4921,3781.2362,2210.9069,2334.4040
852.6415,766.6210,862.0485,3693.6091,75565063.2496,99585.1714,141345464768646381568.0000,817799458727310524416.0000,597517690298.0853,18723620221008148955136.0000,1032975501585142784.0000,1284583516.4023,18046745.3721,1910238724001955072.0000,8248121537256578.0000,2383640191968.3540,4838854.5882,4236391.3135,224664351332.4193,7600658262476.7275,68915.3580,12783836.5802,2685923597.2775,1870.8972,508877299762.4849,8072599.8024,1125.1266,436817.6018,126997.3510,1750432521.2644,1205225.6305,164446.0212,2615.0104,2696.0013,2190.3505
854.6491,763.6513,915.1238,2993.7248,61046227.8108,693899.0425,470050465336379441152.0000,3181329583853056032768.0000,4352245506919648.0000,4661032834550461492101120.0000,152518993287251968.0000,14481178483.5701,3400801.1983,85730562304464912384.0000,24191546886534908.0000,666767974676152.8750,183935739.0640,49418503.9182,568797072616.2458,8935561627454.4629,249313.4556,17611471.1808,3846969533.1378,2657.1477,14232480771292.4941,6401372.8470,1354.8404,606882.8956,500582.5510,9630420523.1723,2989584.2813,244176.9750,3333.5632,3406.9266,2709.4331
793.7174,850.6284,1044.0056,4615.7066,243771852.1524,606386.1499,7617237843668676640768.0000,94071660290578592038912.0000,2122483406459718.7500,4911235584351781225758720.0000,8016984147645583360.0000,13744844503.3441,14091460.7517,16496852281569028096.0000,1865533613133344512.0000,4004512883394.3877,27136670.7438,105042867.1881,1431496046556.7449,60521763715890.6641,8106.4681,58036846.9031,564084312.8164,5754.9286,144477378649279.0312,685414.5024,9465.3023,163783.6946,3055720.0091,3745699570.0363,5303917.4661,127417.3776,4170.0280,3062.7596,2795.9350
750.7714,894.2390,1019.7237,1621.1648,292115.9748,61003.8293,38405782669176.3672,790217589894751.1250,342928121220.6138,6465125663287941.0000,2041413117271.4854,3222277.8805,892490.9936,1167996479432.8179,144355510368999.4375,231720978.1341,731113.1694,1012427.3772,576060477.6192,2215511642.3066,1064.8177,1928461.5533,1227221.7390,3786.3114,31388635811.2450,1103.0044,10893.6075,3574.1605,630474.8952,4653666.0802,196722.7113,5967.1538,2143.2902,1381.3514,1494.3354
824.7109,770.7930,780.9401,966.4363,26188.2278,3247.7017,66828142.5347,62228681.9154,914284.9086,445373672.3478,3194987.4836,93200.5789,2053.6290,19862194.2501,246812.1840,487545.1319,7552.7372,10585.4107,50104.8745,164583.7872,3308.1430,3413.8628,15232.2948,732.0577,192136.8000,13700.8811,499.1976,3579.5225,1335.2646,25198.4374,3056.6836,2453.5882,864.4248,959.7914,890.5891
769.9647,852.4639,907.4257,1072.1549,7904.8777,5177.4798,560490893.5745,2870313777.0949,18209398.0587,6452255679.7988,180237901.2819,30886.1080,57210.8783,57473591.6356,2531366234.4167,525691.5410,23512.0352,18032.8940,1381375.1840,2526648.9440,782.2953,58563.7240,50860.7328,1639.5569,5688917.3946,516.9897,3021.3499,1298.1272,24789.2641,72391.1631,12082.5755,1775.6175,1210.5281,952.8106,1011.8890
769.2258,854.0751,916.7778,997.7823,13035.5802,6617.9873,44472107.1501,187972072.3953,35347401.7548,1007788389.4642,7190961.4990,28945.9965,28472.2877,12662690.8854,287682911.4688,304014.3164,22714.1595,23816.2976,366183.3028,543194.8476,1098.7857,26838.7753,23452.5114,1591.9489,3740501.6403,409.6341,2884.8220,945.4917,19538.4461,32564.1980,8066.3575,1338.8153,1144.9447,910.6052,971.1573
872.5614,705.6733,661.4773,825.9897,2842.5903,656.4341,341552.1498,165990.6406,1749.5427,1426246.7672,46426.3701,11391.5246,242.6323,828867.7749,185.3682,227818.7648,2144.4955,849.7981,3248.6436,7876.9005,6266.4489,432.1101,11284.4461,348.1506,814.2924,74745.8660,105.4322,7444.3159,101.1658,8658.8768,805.8356,3007.3786,651.7251,955.0948,797.7477
762.4111,863.2228,919.7737,1012.0198,6271.8162,5022.3014,94315077.5994,544557153.0256,15511756.4415,1174591909.0291,33395376.3099,19902.2918,36072.6209,13275370.0665,1131861432.9202,179208.2479,16872.4976,17443.7663,613518.1949,998436.3813,542.9333,39954.3351,21264.2043,1737.8647,4419802.4771,267.8611,3619.5541,852.1145,25486.3781,35747.8516,9470.7062,1302.3586,1189.4660,905.5090,982.9478
795.4697,808.4289,821.3662,835.7339,1747.6076,1274.1582,13547.4278,21302.1734,15164.0029,44030.5644,7699.5625,1841.9836,1693.0711,11466.7780,17206.1243,5070.1952,1668.9794,1614.2602,3125.6746,3566.0706,963.8974,1517.6348,1775.6632,883.2759,6649.8497,784.4910,961.9290,827.5985,1335.0720,1787.0013,1178.0755,864.7895,838.8900,811.9052,819.7395
813.4834,781.4319,774.5804,813.7014,1324.7289,879.6608,7173.0970,7630.3247,2570.8995,16691.5430,3667.8552,1796.8808,714.7206,8358.1126,1359.8866,4536.2172,1171.2562,990.4631,1493.9629,1913.6265,1298.0885,798.5981,1609.3614,687.6875,1580.4757,2058.9250,546.9046,1269.6559,578.4543,1572.9014,864.2583,1062.4423,773.4460,831.4129,802.7933
781.8350,827.4454,843.8812,806.9294,781.9269,961.4409,944.8054,1327.4468,1794.3986,915.7022,1172.8710,625.2697,1391.1028,547.1582,4700.6229,382.0771,800.6625,1037.1464,1084.3024,1008.2013,493.6978,1227.6064,577.9093,1015.7972,1871.3789,272.5901,1399.7189,483.6220,1621.2695,649.8415,952.9928,609.6077,857.9470,772.7855,809.6052
811.0009,785.5446,782.2863,861.9248,2606.0884,1267.5975,731520.0840,1021708.9803,38673.1517,3114618.6607,200199.5198,6729.2607,1765.8338,420992.8012,88884.3075,39833.5154,2970.8815,2341.6981,14421.4109,26134.0697,1307.1797,2339.4252,5988.5166,765.9793,19041.4385,2613.0558,648.9230,1696.8142,1206.7835,6921.2463,1790.3603,1428.0765,837.2709,874.2828,845.4442
815.6589,779.4629,774.4449,882.8776,3671.5998,1351.4834,2996699.6884,3886825.1194,61705.4592,13164128.5480,583307.1557,11344.8439,2000.3902,1341112.5863,153072.0631,85941.4733,3813.9637,2890.8261,23768.6789,49531.9388,1549.4451,2810.6700,9409.8270,741.7928,29631.1964,4042.9611,584.8547,2182.1516,1223.1762,11076.3421,2125.2731,1712.2379,843.2703,899.0285,857.9201
799.1414,804.8032,819.8228,974.5269,8298.3041,2436.4913,101619379.1088,192947119.4379,1109592.2618,645099401.6281,13249292.9406,32752.4349,7291.3450,17894506.1490,11545472.1140,289411.4126,9306.0676,8497.5155,174486.3499,435952.2707,1174.4818,10398.4838,22717.5929,1018.3678,441891.8931,2518.4492,1097.6664,2125.2951,4402.2070,33341.8297,5040.3741,1985.4475,986.2196,939.1836,928.4418
792.0695,812.5659,823.0898,829.6120,1234.2651,1138.5946,22478.9347,33683.3330,11159.1530,51990.4132,13756.7081,1624.9906,1724.2273,13166.1444,34044.6630,3775.5639,1533.3879,1492.9555,4007.5242,4646.6795,732.5347,1763.4749,1716.5793,921.8329,6495.4547,614.3608,1068.7968,769.9206,1555.7131,1896.2098,1267.2488,839.5418,852.7520,808.8416,823.5766
806.1480,793.2939,797.2567,905.1711,4566.0402,1717.9053,7317342.0433,11808349.0429,198803.2752,39113066.6449,1310790.9787,14627.3571,3148.1888,2480472.3096,759753.2596,106032.7429,5065.4134,4340.0981,43870.4868,92119.3198,1259.2967,4466.5569,10679.2265,862.5744,84132.9441,2638.4719,806.1794,1884.0626,2120.9245,14276.4465,2838.3603,1653.7231,896.3657,901.3034,879.2293
796.7628,805.7776,812.6878,846.6031,1731.5172,1246.8626,155309.2521,254925.9648,28113.8260,509113.0696,67177.1384,3223.3297,2065.3994,79250.2287,101298.4166,11233.2919,2223.5264,2027.7956,9076.1538,12974.4872,852.8871,2372.3223,3118.5241,894.6275,15275.5749,957.6926,963.3973,1015.1099,1687.4104,3684.2136,1621.3853,1032.3143,862.0138,834.7593,838.1879
818.2178,776.2436,770.6308,899.1448,4522.9340,1452.0110,7380302.2846,9208214.7546,94235.6821,35344908.9209,1160341.8820,15931.7303,2251.5667,3006189.5671,247514.4822,150559.1368,4690.1123,3389.7756,34702.9183,78162.1222,1723.1352,3290.0868,13072.2437,733.6183,42282.0381,5226.3249,556.8194,2563.5456,1285.1588,15463.1200,2433.7059,1933.8572,851.5340,917.0722,868.5073
785.6616,828.3522,869.9309,1084.6320,8934.3247,4794.6505,1020051506.1500,4122027345.6091,16644651.9233,14212924737.0873,246694435.5236,46497.2947,46404.5795,161438838.1031,1271716142.3187,1563481.0863,30233.4085,16637.9538,1542304.3986,3183534.5317,1381.7239,49382.5237,93322.2038,1356.1292,3868273.6295,1414.8325,1892.9521,2190.1863,15407.1927,112509.0666,11782.1645,2420.8280,1161.4607,997.3805,1016.0261
768.3120,854.1299,906.4316,1027.2654,6645.0105,4719.4000,193092417.6726,780953422.2441,18446441.5093,2161965111.9336,48738717.9167,25765.5649,40524.4762,28079429.0376,1304614879.6228,299741.9028,20248.4980,17590.3321,767669.9680,1391297.4607,719.5551,41308.8766,32694.9610,1631.1253,4076220.8042,406.5598,3067.8042,1097.5168,22930.7773,47785.1475,10046.0090,1531.8333,1183.6436,929.0341,992.1794
