974.0082,974.0062,974.7624,975.1936,972.2682,984.5259,972.3582,976.5704,983.7539,976.6387,976.1430,977.5861,974.5656,974.2855,974.2311,975.9317,978.6607,977.1196,975.2646,974.5028,973.1169,978.8537,977.3294,973.9780,973.7494,976.3309,973.7624,972.6908,974.7283,975.6259,973.3259,973.5876
974.0287,974.0221,976.8607,982.8748,977.6457,1033.8542,986.6774,991.1976,1046.5878,1005.0082,987.3659,998.5632,983.6814,983.9266,975.3317,998.0910,1004.9515,1001.3370,982.7774,977.5786,973.4950,1001.1406,995.4988,982.7358,974.6532,985.4336,975.3690,970.0061,977.2571,981.7768,972.5701,972.6873
973.8098,973.8702,964.5853,1231.2578,1689.8851,1359.5020,1395.4703,1083.9754,1367.6665,1296.7740,1024.8262,1088.6446,1094.3978,1155.6575,996.7250,1351.9055,1105.5018,1201.4343,1017.4211,993.4687,1050.2230,1041.5503,1078.3291,1135.9093,1025.9096,976.6927,1018.9879,1022.7817,969.0735,971.8030,1006.1975,985.8523
973.5550,973.6867,944.6896,1269.1148,2052.8596,1685.2202,2143.3872,1103.7268,1697.8065,1629.8182,1041.4725,1166.6407,1208.6093,1327.4084,997.9328,1444.3774,1184.0326,1335.4796,1049.2992,1004.8199,1116.8502,1053.7837,1191.5667,1317.1667,1064.0202,959.7026,1066.0085,1077.2766,956.8461,954.2059,1043.7960,1000.9265
975.2579,977.0441,2353.2703,2977578.8331,883931037.9718,674281135030.5854,125315284962.4978,5167576.2762,386689005693605.1250,352327517294.7482,19026438.9957,519032148.1360,17782392.3473,6248740.6720,8773.6960,4294649341.4487,2473890132.8718,2461931444.3061,2328747.6833,99775.4942,66235.2895,3687697537.9779,1356070760.5563,23179387.6247,21714.8839,1319722.9516,82398.7538,3758.0255,8881.0550,205321.2927,12359.8707,1548.5778
974.0506,975.5683,2370.7177,20854785.2755,6162445744.9085,629689416275.8597,6501129521.9404,154660.4138,204794050331.0570,2052980858.7821,883798.7253,7634807.4126,769105.3800,1613477.9309,8980.2344,12980918.3593,23630307.0962,9343710.8679,254545.0263,19620.9453,12031.8106,66622665.5717,90050351.3114,1903586.9577,31137.7929,175097.1463,25912.8902,5014.2291,3173.2399,33905.7246,5831.4475,1299.4233
976.0657,977.6125,2771.8498,3425642.7173,162787488.3865,476581349071933.4375,3638144822.2682,48645098.6237,2556859236428.7363,3198533131.8621,1156280.4901,267671369.0852,11223082.8773,191383107.7101,4407.6569,1563366758.2679,1336250690.2692,1658935634.9021,901881.4156,32511.6626,119028.2172,29343330.1714,213018323.4857,53738872.5904,126828.3773,450723.4375,121973.3463,7686.0399,8154.1134,69083.5778,10834.6325,1460.6871
973.5667,980.1806,2850.3205,4384461.1389,422359660.4430,2740109122257341.0000,59338600515403384.0000,6928904286706.7441,738684336358305147387904.0000,4993029398224555008.0000,82838109825.6902,228104565663339.8750,1281698603751.9370,3624649305612.6162,24042.8189,2779805211247902208.0000,4182018248275641.0000,140244224961316320.0000,2498121479.4953,11730032.1538,193286466.6776,17605160748861.2734,2037816198121.7219,3050225525521.3652,917886.6155,143484976.3189,12604478.1454,36786.7578,212744.0121,17563463.9745,312421.9414,4733.3299
969.3179,980.6135,2698.0041,65018.4261,6146933.0919,103211691801315491840.0000,18575780019715931373568.0000,1020048596290010.6250,1332519763652576195815625719808.0000,1773420521896091202879488.0000,10781729854070.7578,996708150842209152.0000,3027547629280566.5000,25271665680664508.0000,11800.6803,6545052907540375928832.0000,54919553402617700352.0000,2668897173781992177664.0000,630649424164.2424,251296729.1478,8393193237.9730,2924212588992772.5000,1181022723225339.2500,40500768040607592.0000,18140685.5461,5287986582.6654,1262392984.0280,364473.0036,1059558.5400,242570860.7615,6172307.3341,13318.9296
973.6723,978.5475,3893.5810,5048392.6067,746437521.0467,5335551822308865024.0000,7684253574787633.0000,71379889759.2474,451723185788954935296.0000,13366644535563860.0000,1778538367.7340,9867381698555.9512,78060042497.4937,1119282145641.0234,3361.4344,53360863236798.5078,82424444154577.4844,294966051515567.6250,472496715.5170,1897962.7673,10162614.5237,357135470896.2555,1179621317352.6560,658067008349.5676,1665257.6222,73993778.8505,10446474.0885,54294.2368,71606.1156,4504328.8714,228266.7158,3756.2302
978.7183,978.0336,1782.8812,17745.9698,11187.3706,137758435.9957,21955.0660,305108.8310,203486014.6335,1091025.2244,62889.6511,598033.7734,46874.4691,72670.0158,1677.2264,1932268.3606,1957328.3711,1526054.1103,22060.0079,5196.0647,4793.6687,534546.5223,132156.5767,42531.4181,2775.9337,22681.1186,4047.7208,764.8222,3036.9588,10386.8750,1462.3794,883.8222
971.6087,973.3626,1024.7988,8710.8854,259950.4398,11654636.3708,3936260186.5927,1827499.3931,298681781107.6545,6261220428.2507,888029.7694,19991288.3129,3791332.9411,3621804.7285,1831.8365,579294745.4378,64748533.3653,249684361.8192,259404.4945,25995.2083,72609.2553,7031531.2303,5420893.9386,7010131.6642,7515.8464,62477.5624,37630.7617,3762.9181,4120.7822,23649.7933,8606.9901,1617.4261
974.4493,975.1092,1283.5785,9449.8155,92976.9788,312091415.6143,75198970.2571,290897.3690,9096727988.5843,111861873.4158,216092.8609,3885296.1147,487824.5669,667587.1083,1430.7231,4289347.7580,9845887.7731,11360567.9785,90450.8992,11487.2734,12402.2536,2750943.0945,2976317.8661,851979.6912,6009.0409,50881.5280,15966.6526,2062.9523,3180.5848,16865.4389,4210.1657,1237.9312
971.4346,975.1215,1475.4514,8515.8353,256308.2509,7896064270625.0205,59746837870048.1484,1176009695.5940,244360014406150720.0000,150763302263131.9375,123834261.1012,77588851242.5524,2919038007.0765,10773480836.3393,1673.4403,1936884579111.0842,496014701049.7922,3029513814313.9053,30520201.7799,434898.5860,2178701.4420,3504851982.7268,6015096813.7914,13740144469.8702,139252.5854,3473615.1446,1341623.4207,17478.3842,23472.8417,523630.0490,74799.1123,2894.5649
975.2449,976.1019,1448.4650,12445.0726,95068.1593,880055565.2113,537340443.6304,2283848.0631,988063682133.5082,3414133358.4287,1488257.3898,38776407.0976,2673581.4370,2110653.4716,1865.3749,189607630.6146,168518922.2938,217602785.1671,367116.5933,29146.5984,34116.8130,30652570.9518,14777300.2503,3790183.7212,6805.7420,158445.5413,31600.4276,2076.8506,5470.0397,44508.5596,6245.3544,1339.5452
976.3492,978.4870,2561.6252,285044.0004,2226637.2218,2378669408947976.5000,746420208967.4642,444840881.0511,69741427851219096.0000,6875762530382.7471,75633418.7914,36121725288.3145,500356972.6125,1777055214.3241,2213.9887,37164550247.4679,275869467218.8528,318229321024.6259,21895710.4868,263512.2457,376724.9044,8367229573.2518,7645688457.4340,1688662034.0220,138451.6483,6205412.9337,550286.4085,8023.7921,22927.0663,648439.0700,32196.2240,1977.5871
975.3636,979.4970,2590.0266,582713.8150,12596698.8476,1095828693806529.2500,7274516046325.3389,78781165038.8567,190322119453917708288.0000,4355905285269617.5000,2353229799.2063,2544708680028.9634,20969791951.4704,70104177503.7139,8906.8593,2031187519932774.5000,37461858101674.0156,358689095591267.1250,173528484.6437,1670513.7148,13290540.8584,231057743942.4799,39801991689.3301,50564237915.1083,269971.4403,17664384.0452,2076690.7099,14204.4211,78396.0763,2935206.2628,78393.0284,2923.7239
972.4611,973.5766,1072.6653,25247.1778,415327.3769,224233.3034,17063506.3727,217374.4107,1617920560.9995,75333394.5377,114766.9918,891426.3253,279591.4554,259689.1554,1987.9480,26863215.4168,2568422.2640,7943438.7185,41905.7594,8362.9369,19214.3509,785335.4256,484299.7894,379115.1287,3539.0990,14783.6494,9405.4193,2304.9976,2380.6116,7991.6850,3583.9046,1303.4900
974.9168,975.7426,1334.2663,2594.2156,8670.6118,493856799.1475,185395752.8122,2190267.6150,261338459019.9340,1128381016.5347,792556.1759,26908045.3854,2142064.0841,2869343.1126,1353.9258,100547054.7208,94417474.0719,152464542.9519,257909.9634,22734.2507,33308.0976,10528822.2980,8038010.9552,3586921.1097,7590.3956,110548.8742,29040.2755,2223.7588,5013.1313,34168.5993,5969.7051,1340.0779
974.5098,975.4580,1303.2799,3459.1449,6803.1737,1096438014.8921,109823299.5296,3521601.1883,164616003559.9272,946444656.4068,601035.2524,24862676.1116,2443917.5127,5383148.1175,1365.2443,253164732.5733,97002570.5019,219653908.5540,228894.9927,20828.1224,47672.1445,4409524.7536,2952351.8392,4745760.8300,10205.7312,76867.1889,31991.8958,2650.7133,4993.0720,26991.2757,6132.8266,1374.3371
970.0510,973.1593,1064.6298,2855.2147,76783.3153,22812932755.2246,2566001532654.6045,76943469.8621,491451184375315.8125,2628740918760.8569,11269888.2783,2224885732.2538,240523405.1286,789167906.0614,1379.1551,66739909707.3423,10055312859.8231,69346628351.5968,3959176.1696,123851.4752,672186.6499,96596824.4297,245620290.7825,1050619175.5921,52900.5970,458028.9234,380025.2448,12308.2468,10089.2217,108224.3647,36314.4432,2432.5963
974.1218,976.7275,1935.4511,60565.4921,1314007.0153,72051545263596.6406,2503358888183.8779,334487548.5320,27301562950484200.0000,8955624404906.9883,55910363.9759,23268887207.4164,581116176.7019,1939411866.3647,1855.6712,74595184165.1916,135852974467.0062,320810020152.5914,15164045.4638,249079.8447,551074.4772,3190927942.2318,4230959804.6999,2134076386.1522,103225.4729,3426690.6118,602253.8492,9860.9139,19364.1960,452522.9149,39140.0741,2216.0367
