974.1254,974.1074,989.3956,1102.8575,1170.8180,1369.4866,1059.3854,1055.5446,1351.1929,1131.3903,1038.8446,1085.0941,1016.4167,1020.3032,988.4411,1102.2138,1115.6195,1096.5389,1014.5531,990.5681,974.3968,1122.3672,1090.6310,1011.8374,984.4330,1028.3169,980.6223,959.6406,988.3798,1009.8575,968.0329,968.2819
973.4713,973.6909,942.7574,1233.5592,1961.7743,1045.1491,1622.1201,976.5515,989.3535,1217.3478,942.5150,946.3236,1074.5582,1148.3023,993.3541,1229.4675,927.3397,1059.1515,972.8134,973.9014,1092.5609,875.5651,980.8174,1148.2318,1048.2277,890.0529,1032.8714,1084.2789,940.0164,910.0723,1036.2617,1003.3295
973.9436,974.4803,1112.9641,11520.2171,81735.2925,356942.7799,92806.8042,27793.9268,2019898.3283,201084.6331,10154.2074,43758.7741,18602.6747,31362.2284,1441.2175,473994.0622,84559.8445,188165.8339,6118.0009,2543.4088,4549.7550,31828.4322,20456.9557,24672.4855,2603.6286,3694.8777,2885.9460,1421.9426,1527.3246,2760.7797,1629.0542,1062.5943
970.4076,974.9062,3022.0036,492639276.4901,1525760191195.0571,103989720715290.8594,12086098157094.4004,741095.7538,13411429837907.9922,218439109056.8297,3999905.9835,80904597.2193,12287445.9934,57826153.2778,16342.8736,136931035.3413,257847630.1306,177371331.0386,1360154.5042,51443.1021,49539.1865,366089333.7070,696626098.0489,66749262.4863,164810.0227,429855.6690,139613.0227,21480.5357,3955.2836,61943.5111,19057.7995,1863.9677
974.7866,986.1688,4778.2395,141445.8212,92176202.0609,4035241527528094957568.0000,56623381104796769452032.0000,7700722060859321.0000,617423170764323715365126694502400.0000,20903526744641179918270464.0000,190584042370153.0938,23216373197944885248.0000,8481095515633961.0000,18969921762323028.0000,22060.4408,31957218141085678698496.0000,1559899011801498779648.0000,22500798092238020149248.0000,3308538431827.8867,873838613.5108,8322945513.8661,703759270437492096.0000,135898382243050368.0000,46535258629556880.0000,8679139.2674,99044700535.7631,1728494822.0178,128754.9669,2747443.6386,2343952680.1454,6746070.6521,12143.6446
980.2637,979.3067,2232.0584,64227.5055,27651.5973,14859622904.0977,19778.5828,875902.2316,405781515.0846,838450.6042,77658.0864,1476825.1155,63897.3596,170527.3883,1902.0384,2611134.0814,4405033.6965,2566996.9332,31930.9890,5934.9128,5303.4739,847821.4979,476545.6164,66731.8344,4840.6916,46085.2644,5213.4125,768.5826,3788.5234,15920.7301,1497.2503,838.5413
967.8131,971.6370,1134.9245,280145.2541,257101394.7573,176562450771.8085,128671088796270.4531,11271508.6133,1027388834269540.7500,13633058680995.7910,15162503.4939,1775341699.5971,317415168.0992,743037960.8699,2838.5957,10136920130.7269,7613948009.5800,35770778832.8744,6016742.5470,144550.8995,410712.6772,280606447.3213,849930150.5239,1893434568.3376,90010.4669,569220.3578,510681.6405,21988.2086,7697.8816,108016.2708,50690.0273,2720.6225
974.9438,976.4937,1807.4330,586588.6246,23368907.2839,3283824524.6033,12178536117.5138,21595754.8752,58303500822236.6250,125478829276.3690,9189514.7585,191836476.2607,9981510.1527,4665609.2374,4984.5498,19334584946.6520,1244630060.3750,2265136789.7214,1151197.4971,68577.1952,170276.3014,333102701.6334,96972008.7016,10390872.7800,12904.8976,380194.7469,52595.7338,3037.1093,8094.4256,94314.6620,9215.4422,1509.4806
979.3985,978.6462,1847.2736,3504.4683,1317.7263,567660716.6700,252684.5255,399516.9381,4554223459.4202,7814414.9540,192806.6710,2795679.4441,122795.9277,111181.4643,1343.7114,1711126.8653,9563133.1846,4492488.8170,59778.4653,8826.6117,4746.6001,4480944.9960,1324537.6428,108436.9302,2845.1711,70007.9344,6469.8839,707.0381,3972.8004,22535.5896,1893.4268,903.0358
970.1005,971.7466,826.8024,3451.3335,137382.0267,4031773.3629,373361137.7234,148569.5064,761635101.0094,91642193.8689,69410.2906,1190248.5959,536695.5471,1195259.2851,1155.7669,5209795.0634,1923246.5147,7109890.7335,47558.6528,8047.6218,23051.7484,241121.5302,622170.1248,1497308.1711,6948.3463,13807.8747,17915.6526,4143.6214,2059.7707,6532.5986,5755.5321,1523.3595
971.1546,975.2492,1807.4212,1209796.7816,834002587.5787,18848860616647.1953,2022783966065995.0000,303672082.6097,2971686067204497920.0000,2015886108128302.2500,491012393.0905,96738706251.4241,3410861301.4098,2387458343.3701,6278.2105,2419883470324.3833,867650740728.7437,2598686669085.1519,62522520.8354,746428.5399,1362152.1712,45218879107.0272,47234962906.8683,11481319231.8218,103972.9223,7522761.4270,1419827.4417,15453.4894,22541.8013,874621.9491,85261.6359,2943.9417
979.6262,979.8177,2330.4798,30170.9542,15297.4824,115462809557.8398,37411491.4025,49543553.6284,48024558022284.2969,9060779340.5924,7259660.0848,470110655.3689,7490513.9683,9481357.3955,2554.8872,3705387538.1396,3419041456.3069,3310415439.6854,1093397.3070,58553.2734,66707.7051,324507850.3453,45830511.0311,7581338.9075,10759.4644,650215.0016,43497.0157,1397.0505,12322.4368,150509.7698,5847.4375,1196.6726
970.3612,971.6694,890.9433,38140.1388,3552420.5783,148148.7713,8984046.6261,6800.3245,4309684.3578,2130615.2179,11192.0995,29198.3607,26849.1405,28593.4525,1898.2454,237531.5900,45785.9498,87273.0167,7736.7939,2699.2806,5729.5254,35778.5288,46820.3931,48544.5739,3277.7431,3043.6383,3955.9908,2908.0640,1100.5471,1956.9808,2484.1251,1287.6598
976.8740,976.2849,1349.3113,4929.7532,3671.0955,213170.7737,4701.9298,6699.3064,281476.9548,20510.0674,5711.1053,11959.6963,3080.7015,2368.5633,1257.7742,12779.1407,20194.1488,12395.5507,3102.5356,1683.9108,1113.1276,25850.2058,12627.3122,2446.0837,1215.1596,4022.5820,1293.3650,689.0264,1458.1728,2618.2415,914.5503,862.6928
971.9348,973.5205,1050.0907,5430.9401,131950.4182,162319718.8229,3245120187.4157,988349.5162,178980816966.8717,3179847770.4567,632143.1965,18467085.8737,3157475.0822,4358312.9707,1406.0895,92873215.5572,54629722.9198,138514525.1186,252354.1783,22448.8162,44109.4473,5531043.6961,7602708.2297,7378621.8118,9558.6105,70667.9422,39418.0983,3819.3148,3898.4582,23440.7673,8442.2109,1573.2060
974.8154,975.8899,1459.8570,14648.6684,240979.6236,3206132284.1414,1937450732.9256,2422238.9870,2357710076454.0386,6723561271.5979,1946242.7524,68600381.3425,4287665.5385,4009249.7619,1852.7103,179538180.2684,248671275.4815,329238614.0873,502808.3311,34944.3230,38180.7834,57108715.7308,41308441.2556,7079194.5428,9438.0736,234792.9610,42843.3124,2560.9823,5855.1620,58004.0586,7799.9750,1418.7149
973.8586,975.7129,1392.1147,3108.6736,11028.9020,21466007049.1180,31670663585.2495,47011051.7520,133756344941513.4062,225676528055.7562,8270917.7724,924102415.2557,48711955.5280,94855478.7510,1599.2883,12342374310.1319,5169301257.3150,14079516155.3511,2122247.4361,84616.7174,216734.4722,120176109.9137,116152475.7406,116785986.0413,22773.7593,481223.9350,148505.3997,4654.2839,10169.9505,111871.8848,16635.2366,1797.7202
