792.6328,811.2429,819.1022,812.6225,991.4639,960.5098,3594.9449,4714.1180,2501.3540,5033.4876,2798.6154,1012.8870,1142.8918,2212.0590,4317.3142,1027.3589,945.3513,1073.6784,1435.6242,1617.9217,685.2552,1117.0260,880.7980,890.5719,2225.9569,561.1670,1015.8989,687.5586,1171.0981,971.9122,956.7750,750.8177,830.2392,794.4488,808.9779
822.3869,772.0006,773.6092,850.6476,3414.3821,1054.5467,33751.0747,32648.7533,2273.9933,40435.9022,19351.8402,3313.5258,990.5002,16267.3568,1441.5522,5853.6134,1283.3597,1239.9509,1795.4298,3170.7363,2492.7051,773.1679,2802.0769,623.6629,1456.0816,4489.6735,426.4879,1692.9755,428.3407,1944.7639,833.7078,1248.6137,751.3850,847.2783,800.2438
790.4217,824.2787,889.1355,927.6157,8589.8808,2448.5968,18073.9815,25447.6479,14037.2084,10415.7537,20138.4046,2529.0104,3901.8519,2502.0929,10329.0043,1379.8865,1519.1881,2791.5704,1816.5671,3185.6213,2080.0989,1483.6469,1721.7526,952.2603,5542.4619,934.1378,1125.3226,687.4305,1315.1806,954.0162,979.2800,743.8429,838.9028,790.5058,810.1219
815.9692,784.7441,807.0258,1007.5582,10917.0409,2484.0218,6296285.4230,5697537.5411,22389.9755,7015913.8266,1919798.2454,11456.0179,6038.2504,841254.9705,380881.2793,78184.8471,4121.7481,2597.2109,30846.8349,61989.2922,3155.1763,4002.1527,19394.2674,741.7740,12545.6027,5278.6349,580.4509,2294.1148,1165.3011,11774.8299,2046.3171,1750.6019,838.0355,892.6981,853.0527
757.8496,944.3329,1593.7847,2303.0293,43874918.3656,5049412.8598,28708957911.4105,100794101004.4310,2707894387722.8037,3707446121096.7007,131859097.5872,19774235.0724,697584.8938,3952281875.3975,277467848573.5515,224507398.7503,1307292.0863,8216892.0317,10808543.4911,8792104.9497,40421.1444,294317.8721,674301.5710,3668.0133,13587025044.9060,5640.5041,7415.1352,1285.2705,175368.9757,332835.8989,35223.6699,1990.9193,1527.2005,1092.3690,1179.5296
844.2687,748.3524,757.0548,1075.0639,23497.8018,2160.4001,471683431.7863,248096066.9882,45254.9377,713115511.8258,31422522.8175,70012.0664,4892.4090,54108630.1930,520384.2318,1469592.8970,8995.2007,4356.2878,116799.7546,433667.7097,7167.0337,4946.9734,105671.4692,572.6491,33279.1052,49399.5511,289.2683,7899.2738,759.5904,60190.1598,3217.1635,3954.3992,826.7595,1007.7775,893.7856
771.5082,860.4336,977.4078,1125.0951,14423.7454,13027.1954,5535537.3156,6644503.9415,2708492.3693,5026515.5387,3525813.6217,5233.5355,52547.8238,400250.1828,79388652.4414,85736.9919,13887.0909,8507.3695,120733.9499,121796.7511,2379.1398,19540.0604,29496.7872,1400.6522,179298.4457,462.7658,2385.6197,781.1221,9861.3021,12670.5002,4067.5749,1027.9069,1032.3169,841.4666,901.4865
815.4564,815.2644,1001.8250,1528.2760,785704.4501,91700.3328,25694113102.1611,51237603366.2932,29615149062.6408,6319890078832.2520,4445768477.4350,1205781.6193,981772.3336,50532558094.2408,76822896348.8942,1768009765.6184,1279824.3611,280491.6801,26478610.7565,33967258.8489,104504.6582,246314.9067,8111459.6798,1267.3681,81844097.2475,21563.1827,1016.9284,9434.4320,27840.0117,1916018.6428,31847.3260,7149.5695,1321.7577,1266.6800,1192.7475
913.3290,694.7485,779.8044,4000.3744,326668502.0060,1310711.1737,165898874432734067949568.0000,466641979078163375849472.0000,1950593337756041.2500,1031444734969349742801190912.0000,15304705880497876992.0000,135397324368.2623,796428.2387,11951445219022464876544.0000,5193312092009250.0000,60355145253714296.0000,467577183.4105,50116332.4513,1952558799800.8162,52894605925631.0000,625855.2696,13442165.1664,18452872177.1350,1568.5259,14017336269063.2090,348411539.2464,340.5771,4496055.1061,110972.3523,87576774165.7749,4516147.1258,982676.8977,3271.2754,4425.5709,3026.8107
782.3291,888.5863,1139.8978,7815.4409,534851399.5580,1013347.3085,83811778187707275706105856.0000,1868606161159251803599011840.0000,672002713675087872.0000,162374487939573151129892028416.0000,42466333479380451328000.0000,126634744270.4250,715140588.6259,47336370860809374400512.0000,71112451912483177758720.0000,1561636340121463.5000,787246464.0066,466776682.3214,455874370970694.1250,17305295753238590.0000,12862.4713,2525754687.4604,49630664604.9938,10501.7534,26092170369376416.0000,809375.1887,24049.3928,575408.7610,47207020.0137,223620971374.5082,64764846.4586,496882.5374,7861.7066,4827.1563,4493.7570
689.2464,1036.2691,1357.6674,3045.7485,589937.7354,183226.7250,159927482735025536.0000,3692508086053389824.0000,38325839504117.1719,4769975169231035392.0000,7970799098098266.0000,6976223.2741,173294659.0172,43839161836561.9375,46408040677268250624.0000,656692030.9137,5530411.1186,3795272.9790,106337817851.8463,351472760059.9496,451.3140,147669563.1934,15728773.9244,12177.5440,5522694686935.2891,56.5576,132178.6257,1973.6408,39799599.5885,46104839.7285,2092921.3249,7366.6336,4101.2746,1629.4773,2086.7787
894.3872,702.9907,770.8035,1307.5620,3148975.2545,17773.7036,49392924320.6947,81819573602.8628,112478196.2786,3841973027543.0342,764383304.6190,12242834.0503,2096.3560,45447659455.6331,42575.7793,624210373.8707,93730.6589,147279.0224,239502.4740,2237028.7022,194823.6807,2710.7040,321914.6094,445.2898,2330405.4033,4384851.1103,98.2713,39590.7937,379.2773,409305.3959,5465.7470,11770.9266,807.2720,1262.4227,976.2905
765.8678,882.4581,1062.1879,2044.7525,433380.2652,236142.6848,3285792249317602.0000,103361370805334080.0000,14710777593614.0605,2859755509240931328.0000,192101219277196.5625,14828258.5440,10045234.6453,240485287008990.7500,16384357395365508.0000,25710938448.3373,7106565.1415,2629725.0099,17504350034.6822,67349864388.7398,6772.6354,13900416.1047,42875533.0101,4179.9143,338770417847.0211,3792.7562,9183.7234,11998.0036,1468181.2364,72930533.4237,666679.1256,16602.5103,2725.8496,1803.4745,1864.5040
772.4386,863.6978,978.0298,2093.8396,544155.6399,70219.0612,6680101168382904.0000,64914520270676480.0000,1896447691316.7886,1100552176174418176.0000,77261624769098.0312,22363659.1682,2933929.1748,131750056213785.2812,1469445124339251.2500,5587946323.6900,2774613.8591,1708143.6436,4816409224.5519,34812781698.8194,3030.2661,4888900.5999,14072295.3001,3504.6863,99228898149.9140,7947.1058,7208.7161,15314.8663,740126.0610,36555194.4984,439004.5945,16527.3785,2464.5912,1725.3978,1747.5399
830.6396,764.7925,776.2431,1008.2346,11277.1743,2001.0770,66811702.5919,43852435.0709,66227.7858,133502297.6633,10062028.2317,23631.5513,6586.4472,14385971.7169,775488.3820,767997.3943,9995.0006,3047.9962,94950.5827,335150.0846,4840.4670,5366.1182,64339.2201,655.2895,27426.0908,15541.3468,409.6634,4706.5183,1117.4663,36353.2620,2970.5899,2854.7820,847.4039,963.9854,885.4828
748.4224,897.8002,1012.2744,1629.9801,114341.6858,27735.9334,23146450687582.4414,243994740285846.3750,49299174577.2580,910517143437907.1250,1214534569835.1729,1386167.0519,1490780.5166,346826985010.0123,108117201945171.5312,53027287.8519,395968.4704,394738.4470,381070391.0957,1606399380.5710,837.7286,1694107.8497,1424299.5178,3540.0377,7548349176.8913,716.6319,10718.1371,3132.9446,528692.8888,2809203.7187,150549.8238,5140.0703,2043.1740,1299.9431,1426.3649
846.6762,738.9515,718.4648,837.8147,4017.2445,932.2478,87542.7173,63696.6010,4226.4075,284830.9251,18024.6792,7272.6306,424.0501,117348.1189,294.1661,44506.7267,1749.4077,1244.5154,1976.0636,3994.7113,4219.1807,525.9643,4566.5611,469.6546,1575.5620,18640.1217,214.6258,3438.3726,208.8483,3805.2347,805.0694,1894.5737,699.3584,897.6972,798.0834
778.8032,833.7567,859.5336,875.3001,1967.1900,1657.6730,480893.0216,1177093.1250,101710.8001,1554244.3710,270001.9080,3391.6289,5329.6936,126147.5978,1650589.6536,9736.8746,2984.9544,3137.6603,23111.6028,32147.5265,565.0797,5202.5247,3672.2952,1165.4830,58346.7269,370.6533,1735.5473,698.4294,4182.0914,4677.0872,2412.7604,884.8425,947.3430,822.1984,863.3951
